10	127.5	44.2802	27.5	107.5	29.99	24.34	30.0	24.34	96.09	35.0	29.99	35.0	19.99	30.0	29.99	45.0	30.0	29.99	10.49	62.27	29.99	10.0	21.51	30.0	101.69	30.0	32.37	30.0	76.0	31.0	15.0	18.5	30.0	127.5	29.99	30.0	26.0	16.25	93.0	20.49	30.0	82.0	46.01	19.0	30.0	30.0	29.99	30.0	26.0	90.5	30.0
22	46.0	26.2654	17.59	25.0	46.0	17.5	26.51	15.0
4	7.75	13.3322	12.95	7.75
16	72.0	44.3702	33.0	69.0	45.01	40.99	66.0	46.0	41.5	26.0	51.0	31.5	63.55	39.99	59.99	42.08	33.0	68.25	31.0	25.78	72.0	49.95	46.0	38.67	41.0
27	111.11	45.9275	25.555	111.11	25.0
25	40.1	40.1	40.1	40.1
30	200.0	106.3669	48.89	133.75	200.0	100.01	178.45	138.45
20	182.5	262.9091	94.0	182.5	125.0	49.99
0	77.77	24.2881	13.96	38.99	46.58	59.99	50.0	13.43	41.0	10.45	29.99	14.5	14.81	48.01	41.0	14.99	1.54	5.51	9.99	30.78	77.77	51.0	75.0	5.99	19.99	28.55	32.0
8	142.5	124.0685	99.99	95.0	130.5	73.08	142.5	109.03
