26	158.78	102.8154	67.0	36.69	67.0	26.01	158.78
20	280.0	315.848	245.775	253.0	241.56	280.0	180.27	204.5
29	80.0	50.4537	56.44	80.0	14.0	56.88
25	145.0	61.0173	49.865	66.5	60.0	89.0	145.0	50.99	89.0	102.5	89.0	25.0	94.99	94.99	112.0	140.0	94.99	89.0	89.0	125.0	89.0	112.0	60.0	65.01	89.0	75.0	94.99
4	250.0	104.2103	49.485	49.0	38.0	100.0	14.99	38.0	14.99	46.0	28.99	229.99	49.99	145.0	49.0	49.0	69.0	150.0	199.99	150.0	250.0	72.0	119.95	40.0	78.88	19.99	202.5	95.0	46.77	31.03	24.99	150.0	40.0	49.99	111.26	100.0	27.69
16	279.99	99.8613	74.51	92.0	188.51	63.0	123.49	69.02	222.5	159.0	100.0	61.0	139.0	59.99	92.0	97.0	56.01	76.99	175.0	125.0	279.99	79.99	75.0	32.0	29.99	129.0	225.0	41.0	81.07	61.0	149.0	155.0	65.0	89.88	70.0	61.0	76.5	129.5	169.0	130.0	171.0	76.0	78.0	109.73	66.99	73.0	125.0	30.0	129.0	66.98	279.99	75.0	30.0	81.0	100.0	100.0	77.55	49.99	70.0	190.0	75.0	76.98	125.0	130.0	79.99	100.0	119.99	137.49	70.0	189.0	2.99	75.0	36.0	159.99	125.0	159.0	149.0	70.0	89.99	100.0	129.0	66.0	33.0	86.0	60.82	59.0	75.0	91.0	149.0	66.0	74.99	169.0	119.49	71.03	149.0	50.99	119.55	63.0	41.99	55.0	56.0	99.99	99.0	72.0	51.99	99.0	75.0	169.0	100.0	100.0	100.0	169.0	129.0	64.99	83.03	47.86	114.24	125.0	89.99	149.0	81.0	75.0	159.0	279.99	59.99	279.99	87.99	154.0	66.0	149.0	159.0	125.0	25.0	86.88	199.99	61.0	86.0	75.0	100.0	135.0	78.0	76.0	129.0	75.0	66.0	175.0	99.0	99.99	175.0	90.0	100.99	120.0	51.0	57.0	75.0	99.0	112.5	102.5	169.0	119.0	125.0	149.0	139.0	67.0	100.0	60.0	49.0	159.0	169.0	80.0	105.0	125.0	81.01	82.01	180.0	129.0	114.24	78.01	54.99	189.0	137.0	56.0	45.99	4.99	0.99	51.56	100.0	41.0	24.99	100.0	9.95	24.99	152.5	149.0	49.98	109.0	119.0	81.0	40.0	75.0	139.0	60.95	100.0	123.48	167.5	140.5	99.99	100.99	56.99	24.0	49.99	70.0	47.99	99.99	99.99	142.5	60.0	108.49	80.0	46.0	187.5	99.0	100.0	149.0	70.0	159.0	76.0	36.25	75.0	5.99	37.0	59.99	49.99	99.99
15	36.01	66.551	30.0	12.25	3.99	1.0	26.55	36.01	20.0
30	299.99	210.52	210.52	299.99
10	243.47	73.583	56.0	75.0	89.0	243.18	125.0	79.99	46.0	39.0	15.5	49.99	56.88	125.0	6.25	69.99	81.0	243.47	129.0	92.11	125.0	12.99	129.0	79.0	31.6	49.99	45.0	6.25	6.25	39.0	94.99	6.25	95.0	49.99	129.99	12.99	49.95	69.99	35.0	100.0	37.77	40.0	45.0	20.5	29.99	67.0	49.99	129.0	85.99	109.0	94.99	33.77	61.0	52.02	6.25	90.0	209.99	99.0	1.04	75.0	79.99	24.24	79.99	39.0	90.99	14.99	42.0	119.0	95.0	37.0	12.99	50.0	199.0	100.77	39.0	38.0	129.0	91.0	100.0	122.5	50.0	46.25	57.56	83.0	49.99	75.0	29.95	119.0	12.99	51.88	91.0	209.99	139.0	2.72	125.0	71.01	49.95	79.99	66.01	129.99	40.12	68.0	38.33	55.0	79.99	100.99	21.51	43.05	19.99	75.0	39.0	30.0	22.5	130.17	13.99	106.5	13.99	69.22	214.27	49.99	38.5	103.51	67.66	31.01	84.0	29.99	34.89	69.99	129.99	39.0	69.99	87.88	40.0	69.99	91.0	29.99	57.0	0.99	90.95	90.0	26.5	129.0	117.0	39.0	79.99	24.24
8	265.5	174.7268	136.5	239.0	239.0	202.26	265.5	137.5	239.0	214.27	99.95	49.0	138.5	61.0	159.0	184.99	265.5	265.5	188.0	265.5	239.0	174.27	120.0	239.0	161.5	239.0	152.5	239.0	159.0	99.99	142.5	219.0	249.0
22	57.05	100.5777	57.465	57.05
43	150.0	167.3714	35.805	150.0	74.99	74.99	74.99	74.99	74.99	74.99	74.99
0	227.51	94.1879	53.01	150.0	124.75	1.69	30.0	51.0	1.69	49.99	140.0	169.99	56.0	50.0	40.0	60.0	138.01	76.0	29.99	1.69	62.77	143.5	169.99	36.0	60.0	75.0	130.0	142.5	19.95	71.0	171.49	78.05	49.95	9.99	143.01	25.0	177.5	92.11	39.95	57.55	225.55	218.01	89.99	200.0	9.99	22.5	9.99	49.99	50.0	27.0	69.95	49.99	50.0	227.51	24.27	9.95	40.0	127.0	30.99	30.0	59.58	88.5	99.99
