0	297.99	113.1952	93.09	26.0	73.32	125.99	61.0	194.99	250.0	49.99	114.5	194.99	0.99	117.75	158.5	58.22	74.99	89.99	188.48	123.5	74.99	102.5	100.0	89.99	194.99	175.0	250.0	128.4	84.65	296.0	74.99	194.99	200.5	193.7	90.0	142.57	4.99	144.5	179.0	99.99	175.0	0.99	237.5	199.99	118.38	74.99	175.0	231.5	127.0	81.0	250.0	100.0	297.99	111.0	255.0	104.5	200.0	129.5	190.0	74.99	74.99	102.5	293.99	194.99	80.0	107.5	76.88
22	214.49	179.7259	104.89	125.0	105.07	112.5	149.0	214.49	104.71	56.0	125.0
8	199.0	502.8921	355.0	0.99	139.91	56.0	199.0
16	299.99	212.4065	199.99	125.0	279.99	118.27	274.99	274.99	274.99	274.99	274.99	266.05	200.0	296.0	14.99	90.99	299.99	200.0	170.0	250.0	295.0	202.59	250.0	195.0	158.5	232.5	232.51	255.0	249.0	198.75	199.99	282.0	279.99	277.5	199.95	299.99	272.78	99.95	224.99	275.0	200.0	212.5	202.5	275.0	203.5	255.0	269.95	179.0	147.75	250.0	127.5	160.5	280.0	187.5	238.05	142.51	74.0	243.38	236.0	124.72	294.99	149.99	250.0	199.99	127.58	50.99	199.0	203.5	192.5	224.5	192.5	152.5	235.0	249.0	295.0	157.52	234.59	198.5	199.0	219.99	147.5	232.49	199.99	227.5	255.0	150.0	99.0	200.0	229.99	229.99	149.0	51.24	222.5	295.0	249.0	270.0	205.07	262.0	294.99	212.5	249.99	123.0	199.95	170.0	200.0	249.99	178.5	243.5	299.99	297.77	77.0	200.0	200.0	177.5	257.02	290.0	275.0	190.5	99.0	233.5	294.99	229.99	212.5	245.0	200.0	267.99	158.05	158.61	275.0	99.0	147.5	88.5	225.0	208.49	249.0
20	295.0	424.284	360.845	295.0
27	255.0	166.9172	138.5	249.99	249.99	249.99	138.5	249.99	255.0
4	299.99	263.0752	150.02	7.95	31.0	299.99	79.0	6.95	21.77	8.5	299.99	10.5	4.95	77.0	10.95	199.99	102.5	299.99	33.5
10	299.0	190.5533	161.875	179.99	250.0	245.0	108.38	202.5	7.99	250.0	208.5	31.0	124.99	5.99	295.0	255.0	220.0	229.95	202.5	245.0	130.5	255.0	199.99	69.95	152.5	250.0	77.55	299.0	275.0	124.99	255.0	152.5	202.5	256.99	205.0	299.0	139.5	150.0	256.99	124.99	178.05	153.52	125.95	0.01	127.49	217.5	250.0	0.01	295.0	295.0	55.99	160.02	5.99	269.99	175.99	268.59	245.0	249.95	55.0	124.99	256.99	61.0	179.49
26	225.0	85.8657	24.56	199.99	199.99	124.99	199.99	199.99	184.99	189.99	199.99	24.56	195.0	199.99	225.0
30	202.52	260.7745	141.385	49.99	60.0	202.52	125.0
