27276	278.55	177.9829	148.5	147.51	162.5	273.51	250.0	80.0	175.0	228.49	175.0	177.5	278.55	175.0	150.09	175.0	177.5	265.51	225.0	74.11	200.0	208.5	127.51	104.38	182.5	117.5	175.0	175.0	249.0
27277	249.99	201.7399	113.51	190.0	249.0	188.49	182.5	199.99	177.5	199.99	217.5	68.0	172.5	135.5	227.5	188.38	229.99	183.51	149.99	160.5	182.5	177.5	69.99	159.49	201.0	196.49	249.99	96.0	144.5	183.51	171.38	149.99	209.99	178.5	153.49	137.5	74.99	229.99	143.5	182.5	177.5	175.5	79.99	112.5	202.5	229.99	199.99	249.0	177.5	177.5	179.38	249.0	67.0	202.5	74.99	159.38	183.5	178.85	143.28	198.5	207.59	202.0	202.5	152.46
101806	60.0	45.0	60.0
2832	201.5	73.7011	124.99	201.5	129.99	134.99	129.99	29.99	40.0	112.99	34.99	42.0	149.99	39.99	42.5	30.49	112.99	175.0	112.99	20.0	16.5	39.99	39.99	112.99	9.99	112.99	42.5	15.5	192.5	25.0	26.01	112.99	39.99	49.99	112.99
27275	295.0	151.0035	98.0	295.0	157.5	109.99	117.5	249.99	125.0	81.0	179.0	92.0	149.99	150.0	50.0	148.5	50.0	162.5	250.0	171.05	149.99	98.0	199.0	30.0	249.99	221.5	99.0	179.99	61.01	250.0	250.0	189.99	249.0	250.0	150.0	109.99	199.0	169.99	102.5	179.99	161.0	109.99
73405	102.5	57.2877	102.5	24.01	30.0
101808	14.48	106.3066	14.48
73406	209.25	60.921	149.59	19.99	51.0	24.99	152.5	129.99	10.5	39.99	120.5	64.99	9.99	9.99	0.99	39.99	125.0	64.99	0.99	24.99	59.99	122.5	64.99	39.99	59.99	30.0	136.49	209.25
95057	59.99	51.313	59.99	59.99	49.99
27278	299.99	78.5421	9.99	9.99	9.99	49.99	149.0	0.99	127.5	39.99	49.99	39.99	111.38	45.0	104.72	179.99	50.99	49.99	200.0	56.07	35.99	39.99	19.99	87.0	76.99	49.99	6.99	99.88	122.5	6.99	42.99	80.0	76.99	79.99	39.99	10.49	25.0	50.0	39.99	200.0	39.99	39.99	20.5	39.99	66.0	49.99	39.99	26.0	3.33	255.0	76.99	39.99	31.0	39.99	46.0	6.99	69.99	23.57	200.0	39.99	15.49	299.99	39.99	49.99	43.99	6.99	175.0	49.99	43.99	49.99	179.99	9.99	50.0	159.0	117.38	6.99	19.5	249.99	35.99	49.99	46.0	33.0	14.95	9.99	59.99	39.99	9.99	9.99	49.99	46.0	39.99	39.99	39.99	38.0	35.0	49.99	31.49	6.99	49.99	71.09
73404	200.0	449.4262	200.0	75.0	200.0	75.0
