30	89.99	162.966	49.99	39.99	10.5	89.99	74.99	65.0	39.99	39.99	85.0	49.99	39.99	39.99
10	52.99	36.0358	19.99	12.74	19.99	29.0	19.99	11.5	10.5	39.99	39.99	31.99	31.99	13.27	39.99	31.99	31.99	31.99	29.25	10.0	14.99	31.99	11.01	31.99	39.99	10.0	39.99	24.99	16.5	31.99	31.99	39.99	31.99	19.99	31.99	39.99	10.0	21.0	39.99	31.99	31.99	52.99	37.98	23.39	31.99	32.55	19.99	19.99	19.99	31.99	8.83	39.99	21.19	9.76	10.0	39.99	19.99	5.99	34.88
16	203.49	45.1414	36.735	36.06	37.5	0.99	24.99	39.95	49.99	60.0	59.99	75.0	9.51	61.0	59.99	44.95	59.99	10.49	59.99	49.99	20.0	75.0	30.0	52.99	59.99	75.0	148.88	69.99	26.0	60.0	15.0	24.99	49.99	44.01	14.99	158.25	20.0	59.99	0.99	23.46	17.51	59.99	22.51	49.99	12.5	49.99	24.99	59.99	59.99	55.99	75.0	40.07	10.76	36.0	60.0	25.0	49.99	29.0	60.0	59.0	22.0	19.99	39.99	59.99	49.99	59.99	60.0	39.95	59.99	20.0	25.0	25.0	80.0	36.0	39.95	110.0	60.0	46.01	203.49	30.0	15.5	43.01	30.0	30.0	39.99	59.0	20.0	3.24	39.0	0.99	20.0	59.99	12.27	20.0	20.0	39.99	42.01	25.0	49.99	60.0	50.08	52.99	29.99	0.99	20.0	20.0	59.99	38.0	49.99	59.99	139.5	20.5	9.99	59.99	16.5
0	89.99	22.4202	13.29	10.49	50.99	14.0	1.99	15.0	14.99	29.99	35.0	7.49	5.0	25.0	63.0	33.22	46.09	59.99	39.99	14.5	49.99	79.99	31.0	39.99	18.99	39.99	9.99	5.24	11.5	39.99	28.0	29.99	39.99	2.99	14.5	14.5	39.99	10.49	12.01	39.99	40.01	79.99	20.0	50.99	89.99	24.99	24.99	18.99
25	69.99	29.9985	18.99	69.99	69.99	12.16	9.99	59.99	69.99	18.99	18.99	69.99	19.99	59.99	17.5	49.99	59.99	69.99	7.24	69.99
15	12.51	14.75	16.255	9.99	9.99	12.51	9.99
27	59.99	39.18	32.11	56.0	59.99	32.11
22	34.99	20.8284	17.26	12.99	34.99
20	224.99	83.1266	90.495	10.5	177.5	119.99	224.99	139.0	99.99	224.99	139.0	224.99	109.99	82.0	119.99
4	79.99	24.939	12.505	12.51	5.55	69.99	49.99	79.99	49.99	27.0	15.5	79.99	79.99	49.99	8.61
8	199.99	75.6689	54.51	99.99	199.99	65.0	129.99	10.0	129.99	139.99	149.99	129.99	129.99	139.99
