20	298.0	391.4078	355.0	175.0	99.0	122.5	45.77	219.99	169.99	279.99	99.95	279.99	182.52	219.99	279.99	132.49	298.0	99.95	200.0	169.99	99.0	225.0	169.99	169.99	225.0	99.95	70.69	219.99	204.5
0	118.01	174.4047	34.88	9.52	118.01
22	274.99	179.5	159.5	199.99	274.99
8	249.99	499.2055	275.515	226.03	117.51	63.0	249.99	142.51	203.0	249.99
29	50.0	30.0	30.0	45.0	45.0	30.0	45.0	45.0	50.0
10	174.99	105.7495	61.6	139.99	50.0	109.0	76.58	76.58	86.58	124.99	105.0	105.0	109.0	24.99	51.95	79.99	74.99	91.0	114.99	105.0	100.99	96.0	66.0	84.25	107.51	89.0	106.01	74.99	57.12	54.79	40.0	39.99	99.0	66.0	92.59	95.0	174.99	71.0	139.99	114.99	67.03	169.5	86.58	149.99	99.0	139.99
28	250.0	256.51	256.51	250.0	250.0
30	242.51	450.5033	449.0	242.51
27	119.99	106.33	62.5	119.99	59.99
16	299.99	210.0454	180.625	198.0	80.0	77.0	94.95	199.0	189.0	177.63	199.0	109.5	134.95	149.5	199.99	299.99	99.95	198.0	134.95	129.95	169.0	130.5	94.95	124.95	199.99	198.0	149.99	199.0	84.99	199.99	79.95	299.99	86.0	188.0	149.99	149.5	199.0	152.5	99.97	90.0	108.08	152.5	128.5	260.0	240.27	279.95	74.99	212.49	199.99	80.0	89.95	238.5	145.0	199.0	149.95	90.95
4	168.08	162.6186	86.435	129.99	50.0	82.88	55.0	40.0	99.99	99.99	99.99	99.99	30.0	129.99	168.08
