27264	238.5	205.295	141.49	0.99	50.0	200.0	51.01	72.0	238.5
53	132.5	64.6008	10.45	15.05	9.95	50.0	18.61	132.5	50.0	50.0	7.99	20.5	65.0
27261	199.0	106.4562	108.0	199.0	110.0	112.55	50.0	89.99	127.0	149.99	89.0	60.0	89.0	90.0	125.0	152.5	120.49	89.0
73392	50.99	25.2633	35.0	19.95	35.0	14.95	50.99	39.88	35.0
73394	199.99	73.296	6.53	49.95	199.99
27260	149.99	74.543	46.0	138.5	49.99	6.5	41.01	35.15	42.0	69.02	70.0	47.0	48.0	49.99	101.0	48.03	31.0	99.99	122.5	95.0	29.95	94.01	127.5	99.0	12.62	24.99	42.0	24.99	149.99	49.99	24.99	24.99	24.99	31.01	39.95	66.0	24.99	26.0	23.05	57.6	36.99	24.99	57.0	71.5	31.0	42.0	37.0	39.99	49.99	102.5	79.99	125.0	91.64	35.0	74.01	51.0	79.99	92.19	110.0	95.0	26.0	114.25	55.01	37.59
27266	94.99	81.763	69.88	0.99	73.02	94.99	65.0	49.99
73391	131.5	102.8182	40.0	102.5	29.99	131.5	40.0	52.99	86.0	29.99	8.99
27265	180.0	50.6053	39.99	39.99	29.0	39.99	39.99	39.99	39.99	102.5	7.99	58.0	29.0	29.0	29.99	39.99	99.99	49.99	29.99	43.0	29.99	49.99	7.99	29.99	35.0	54.5	39.99	55.0	9.99	24.99	49.99	29.0	38.5	35.0	39.99	39.99	35.0	46.5	100.99	11.5	39.99	65.0	107.5	49.99	180.0	20.0	29.99	39.99	29.99	4.99	35.0	34.5	39.99	25.88	29.99	39.99	29.99	39.99	180.0	75.0	39.99	75.0	65.0	39.99	24.99	39.99	39.99	39.99	39.99	49.99	35.0	39.99	29.99	39.99	36.5
27262	139.99	64.524	56.0	139.99
73395	130.27	76.5675	130.27
73396	153.4	37.2538	45.0	49.99	29.99	40.0	149.99	20.0	9.5	5.0	23.5	40.0	20.0	149.99	28.0	24.25	29.99	29.99	46.05	24.95	47.5	20.0	29.99	153.4	20.0	29.99	24.95	7.38	30.01	39.99	14.99	12.5
