4	299.99	278.9839	158.05	118.5	295.0	250.0	19.99	150.0	299.99	293.88	157.77	199.95	299.99	199.95	250.0	295.0	250.0	116.5	19.99	250.0	295.0	76.0	250.0	199.95	109.57	156.0	179.95	214.5	177.77	189.95	260.0	19.99	224.5	140.0	10.45	167.06	110.0	185.0	200.0	128.5	199.99	299.99	178.5	0.99	109.99	161.99	124.5	269.0	225.1	155.0	51.0	9.95	275.0	299.99	150.0	189.5	150.0	155.0	179.99	150.0	295.0	200.0	295.0	299.99	169.56	174.62	299.0	189.95	279.0	279.0	82.09	155.0	123.5	159.0	91.01	179.0	99.99	129.5	65.99	104.5	295.0	275.0	199.99	125.0	127.5	275.0	179.99	19.99	157.5	89.99
16	299.99	346.9406	330.0	274.99	274.99	250.0	203.5	152.5	109.5	33.0	23.5	199.99	213.51	239.5	260.0	284.27	212.51	247.5	290.0	39.99	150.0	4.99	223.07	199.0	274.99	199.0	99.99	257.77	223.5	250.0	29.99	291.0	199.99	39.99	299.0	199.0	204.5	202.5	290.0	290.0	290.0	129.99	297.5	39.99	215.16	247.5	210.0	262.49	192.5	113.61	0.99	290.0	202.5	184.5	39.99	39.99	217.5	208.5	260.0	229.99	274.99	19.5	151.01	39.99	222.51	299.0	180.06	250.0	199.99	299.99	227.5	284.99
15	165.0	310.1732	162.255	156.51	121.51	144.27	60.92	165.0
10	299.99	158.2543	100.99	225.0	199.99	193.5	150.57	229.0	299.0	179.99	103.51	265.0	274.99	150.0	199.99	46.63	199.99	169.99	81.01	249.99	80.0	39.99	199.99	249.99	299.0	199.99	89.99	195.0	299.95	177.5	189.0	199.0	150.0	249.99	215.0	200.0	273.99	195.0	199.99	102.5	100.0	75.0	199.99	202.51	250.0	76.0	96.0	147.5	274.95	104.48	199.0	124.95	150.0	204.27	235.51	56.01	161.51	49.99	160.0	199.0	99.99	150.0	217.65	200.0	179.0	199.0	99.99	70.12	299.0	202.5	208.5	299.0	260.0	299.0	250.27	204.27	49.99	77.0	102.0	130.0	166.49	249.99	227.5	90.0	43.5	242.5	183.5	46.09	249.99	99.99	189.99	130.0	9.95	72.0	199.99	99.99	130.49	209.0	299.99	202.5	199.0	250.0	90.0	150.0	159.99	75.0	118.5	49.99	75.0	79.55	63.01	24.95	175.0	239.0	202.55	183.5	199.99	125.0	230.27	199.99	199.99	103.51	299.0	103.5	75.0	255.0	80.0	250.0	77.76	202.5	19.99	124.95	170.0	153.66	71.0	99.5	9.99	51.0	249.0	179.0	199.0	240.27	265.0	280.0	199.0	150.0	179.0	275.0	199.0	149.99	222.59	275.0	299.99	12.59	16.5
31	299.0	161.3283	141.25	27.14	299.0	149.5	150.0	132.5	250.0	200.0
43	250.0	96.144	59.005	175.0	52.01	250.0
22	250.0	267.0567	182.49	127.49	122.5	250.0	178.5	24.99	24.99	20.0	19.0	219.47	182.49
29	299.99	115.983	106.99	108.55	106.99	127.5	299.99	150.0	115.09	123.51	88.0	118.5	81.0
0	299.99	347.3578	151.77	10.5	184.27	151.77	70.0	71.0	80.0	232.5	160.0	299.99	9.99	140.33	70.0	199.99	177.5	182.5	49.99	19.99	49.99	179.95	80.0	112.51	294.99	224.5	119.99	151.38
26	299.99	178.4006	89.495	9.99	113.5	177.0	250.0	250.0	202.5	199.99	15.0	299.99	72.0	107.74	99.0	84.99	299.99	99.0	15.0	15.0	7.95	129.0	114.27	20.52	53.52	50.0	50.0	7.77	199.99	229.99	49.95	177.5	115.5	190.0	76.68	32.01	157.5
8	299.0	1298.0494	735.0	299.0	149.0
25	294.9	182.9138	153.5	169.0	234.99	289.99	162.99	160.27	152.5	187.69	234.99	124.5	275.0	245.0	225.0	160.27	153.5	240.0	274.99	99.0	289.99	229.1	125.0	274.99	294.9	289.99	234.99	203.49	148.05	163.49	153.5	92.01	117.5	234.99	225.0	197.5	157.5	132.5	59.88	136.57	123.0	100.8	172.27	289.99	240.0	222.5	274.99	163.06	274.99	234.99	289.99	160.49	289.99	158.5	190.27	163.15	234.99	127.75	274.99	289.99	153.5	150.0	149.5	144.5	128.5	146.38	289.99	225.0
