101806	29.99	7.1666	29.99	29.99	2.25	13.5
27277	179.95	73.1867	179.95	99.0	40.0	99.99	64.0	51.0	80.0	59.5	99.99	51.0	72.0	179.95	46.0	52.11	58.88	90.0	179.95	99.99	99.99	49.99	52.0	58.0	46.64	67.0	56.88	99.99	129.95	99.99	90.0	129.95	52.88	42.0	99.0	47.0	54.0	56.0	66.0	179.95	62.01
27276	222.5	63.2973	26.0	180.0	39.99	102.5	60.0	69.99	149.0	44.95	34.99	39.99	35.0	180.0	118.61	35.0	39.99	36.0	71.0	75.99	60.0	60.0	55.0	39.0	59.95	31.79	222.5	180.0	180.0	60.0	149.0	34.0	59.95	26.88	41.0	177.5	28.0	69.99	60.0	55.0	60.0	25.49	180.0	180.0	60.0	60.0
95056	9.99	7.3133	6.0	9.99
27278	31.0	21.0326	22.5	20.0	19.95	20.0	19.95	5.5	7.05	20.0	26.69	31.0	19.95	20.5	10.0	25.0	10.0	12.95	20.0	20.0	7.99	4.95	20.0	20.0	7.38	19.95
73406	18.01	15.6779	13.5	13.09	16.35	18.01	13.51	12.5
2832	125.0	37.7157	7.5	9.99	4.99	125.0
27275	150.0	59.15	59.99	49.95	59.99	39.99	150.0	59.99	49.99	59.99	59.99
95057	12.5	10.388	12.5
73405	34.99	41.5871	34.99	29.74	34.99	29.74	29.74	29.99	29.74
