6116	0.003829783422508103
8465	0.003829783422508103
11328	0.00549650564658224
12232	0.007129893426174885
5963	0.007129893426174892
12344	0.0071632278706563746
5539	0.007196562315137857
10151	0.008129926760619363
8279	0.008333611120370675
9579	0.008333611120370675
1555	0.008829950094730511
12269	0.010033667788926294
65	0.010430003429841671
4460	0.010430003429841671
7308	0.010430003429841671
10048	0.010430003429841671
10872	0.010430003429841671
12447	0.010430003429841671
12600	0.010430003429841675
13529	0.010463337874323157
12107	0.01046333787432316
1592	0.010496672318804641
9622	0.010496672318804646
5314	0.010496672318804648
5353	0.010496672318804648
7257	0.010496672318804648
9898	0.010496672318804648
596	0.010530006763286125
846	0.01053000676328613
4565	0.01192274534318916
3438	0.012096725653915806
5007	0.012096725653915806
10663	0.012096725653915806
11274	0.012096725653915806
2615	0.012130060098397295
8970	0.012130060098397297
5944	0.012163394542878772
7502	0.012363401209767663
1439	0.012730080099063979
6042	0.012930086765952874
8044	0.01333010009973067
1607	0.013500450015000503
11737	0.013696778989026978
7980	0.01373011343350846
1192	0.013763447877989943
2291	0.013763447877989943
10956	0.013763447877989943
12382	0.013763447877989943
3367	0.013763447877989946
10880	0.013796782322471425
1567	0.013796782322471434
8399	0.013830116766952914
9714	0.013830116766952914
11071	0.013830116766952916
6013	0.013863451211434398
2333	0.013963454544878838
7004	0.014130126767286259
1259	0.014163461211767748
11425	0.014200473349111642
9630	0.014563474545545529
765	0.014830150101397394
3679	0.015030156768286288
2072	0.015263497879656668
10061	0.015396835657582595
7836	0.015430170102064078
3524	0.015430170102064085
1200	0.015463504546545555
8032	0.015463504546545562
10803	0.015463504546545562
3269	0.015463504546545567
11249	0.015463504546545569
6567	0.015496838991027051
8325	0.015496838991027051
6120	0.015496838991027053
8781	0.015496838991027053
83	0.015530173435508533
6173	0.016230196769619662
9247	0.016296865658582637
1416	0.01673389112970433
4141	0.01676354788132339
3314	0.01679229319915347
7202	0.016796882325804875
3334	0.016963554548212283
5607	0.016963554548212283
7007	0.01699688899269377
2694	0.01706355788165673
2211	0.017096892326138216
3422	0.017096892326138216
3487	0.017096892326138216
5107	0.017096892326138216
9178	0.017096892326138216
9830	0.017096892326138216
10861	0.017096892326138216
11659	0.017096892326138216
12223	0.017096892326138216
12509	0.017096892326138216
2382	0.0171302267706197
9031	0.0171302267706197
832	0.017130226770619705
998	0.017130226770619705
