4155	0.004633487782926096
7280	0.007933597786592887
6263	0.008666955565185505
7422	0.008666955565185505
12642	0.008666955565185505
1719	0.008811330500314333
3989	0.010372641183914599
13080	0.011278079391944055
4435	0.011322450993628436
5228	0.011322450993628436
11461	0.0113891198825914
10594	0.011655795438443266
11474	0.011888695063525528
6617	0.011977992354483167
241	0.012011437170536673
9199	0.012011437170536677
11680	0.012022474327739573
405	0.013322407290945375
2697	0.0144781860621664
9202	0.014600486682889434
806	0.014622560997295227
6604	0.01465589544177671
11613	0.01465589544177671
395	0.014656005813348737
2452	0.015255915442443401
10520	0.015255915442443401
841	0.015300510017000567
5623	0.015300510017000567
5324	0.015322473959834335
2093	0.015322584331406363
4251	0.015322584331406363
5974	0.015322584331406363
7115	0.015322584331406363
9204	0.015322584331406363
10549	0.015322584331406363
12553	0.015322584331406363
13176	0.01533384446148205
313	0.015355918775887845
434	0.015355918775887845
473	0.015355918775887845
560	0.015355918775887845
1889	0.015355918775887845
2426	0.015355918775887845
2588	0.015355918775887845
3459	0.015355918775887845
6907	0.015355918775887845
9529	0.015355918775887845
11665	0.015355918775887845
11707	0.015355918775887845
13141	0.015355918775887845
2051	0.015355918775887848
11617	0.015355918775887848
3017	0.015389363591941355
9349	0.015389363591941355
12441	0.015489256553813778
595	0.016000533351111703
2495	0.01623928266951151
1369	0.016267319278535593
6292	0.017643964943759
5584	0.017811189024026557
1182	0.01782266766751757
3746	0.01782266766751757
562	0.01785600211199905
9255	0.01833493557923503
3243	0.01866728890963032
3200	0.018678326066833218
6433	0.018678326066833218
13218	0.018678326066833218
2623	0.018689363224036117
6423	0.018689363224036117
8011	0.018689363224036117
9338	0.018689363224036117
1676	0.018689363224036123
6327	0.01870040038123902
10283	0.01870040038123902
794	0.01871177088288673
4233	0.018800626687556252
8727	0.01884477531636785
9873	0.018989373224369464
2704	0.020311713846425872
5215	0.020356085448110253
4955	0.021155670629377725
10799	0.021155670629377725
9096	0.021156112115665836
404	0.02115611211566584
535	0.02115611211566584
689	0.02115611211566584
1029	0.02115611211566584
4163	0.02115611211566584
5113	0.02115611211566584
8885	0.02115611211566584
11437	0.02115611211566584
2252	0.021156112115665843
3439	0.021289449893591772
8688	0.021289449893591772
10464	0.021289449893591772
10795	0.021289449893591772
7680	0.02131152420799757
7261	0.021322784338073254
13361	0.021322784338073254
