488	0.0
3227	0.0
13285	0.0
13333	3.333444448148232e-05
5365	0.00016667222240741852
12303	0.0011000366678889303
10345	0.0016667222240741297
3310	0.0017667255575185906
6284	0.003200106670222337
1318	0.003300110003666791
7917	0.003300110003666791
9122	0.003300110003666791
13209	0.0033334444481482664
372	0.0033334444481482733
3235	0.0033334444481482733
4375	0.0033334444481482733
9631	0.0033334444481482733
8704	0.0033667788926297557
10466	0.0033667788926297557
1532	0.005000166672222403
192	0.005033501116703885
7277	0.006466882229407646
4179	0.00666688889629654
7211	0.006666888896296547
81	0.006700223340778029
10456	0.006733557785259504
2225	0.006800226674222469
4018	0.006833561118703958
2063	0.00843361445381513
13616	0.009700323344111465
690	0.010000333344444813
2270	0.010000333344444813
3069	0.010000333344444813
4611	0.010000333344444813
6359	0.010000333344444813
6996	0.010000333344444813
9550	0.010000333344444813
11216	0.010000333344444813
6145	0.010000333344444817
8931	0.01000033334444482
7108	0.01013367112237075
9757	0.010767025567518924
11451	0.011633721124037467
810	0.012733757791926398
8796	0.013267108903630122
1166	0.013333777792593086
1332	0.013333777792593086
3915	0.013333777792593086
3938	0.013333777792593086
6002	0.013333777792593086
6962	0.013333777792593086
7089	0.013333777792593086
7173	0.013333777792593086
8160	0.013333777792593086
9945	0.013333777792593086
11252	0.013333777792593086
7870	0.01333377779259309
10759	0.01333377779259309
11404	0.013333777792593093
7226	0.013467115570519009
8948	0.01480049334977833
8916	0.014867162238741294
793	0.014967165572185734
4014	0.01496716557218574
11233	0.015000500016667216
6390	0.01500050001666723
10538	0.015033834461148698
11626	0.015033834461148709
11347	0.0158005266842228
11313	0.015867195573185777
12063	0.016433881129370977
10540	0.016500550018333955
715	0.0166005533517784
10574	0.0166005533517784
10448	0.016633887796259874
9779	0.016633887796259877
3325	0.01663388779625988
8565	0.01663388779625988
4605	0.016667222240741356
720	0.01666722224074136
3104	0.01666722224074136
6088	0.01666722224074136
9950	0.01666722224074136
13612	0.016667222240741363
7149	0.01680056001866729
10007	0.01683389446314877
9584	0.016933897796593215
2052	0.016933897796593222
7020	0.017000566685556193
3657	0.01763392113070436
8135	0.017900596686556212
9748	0.018300610020334014
11290	0.018300610020334018
7002	0.018333944464815496
12171	0.018333944464815496
13119	0.019467315577185906
12323	0.019867328910963704
2683	0.01993399779992667
2955	0.019967332244408144
7126	0.019967332244408144
