606	0.0
2273	0.000800026667555586
11848	0.000800026667555586
3145	0.001533384446148204
6459	0.001533384446148204
3596	0.0016333877795926544
9132	0.0016333877795926544
477	0.0017000566685556173
12439	0.0018333944464815483
1103	0.0020667355578519297
10691	0.0025000833361112015
4139	0.0026667555585186183
220	0.0033334444481482733
1350	0.0033334444481482733
5007	0.0033334444481482733
5650	0.0033334444481482733
10918	0.0034334477815927203
11764	0.0034667822260742026
4164	0.0035667855595186513
1439	0.0039667988932964434
12302	0.00400013333777793
9543	0.004133471115703859
620	0.004866828894296474
791	0.004866828894296474
4037	0.004866828894296474
4615	0.004866828894296474
12838	0.004866828894296474
12995	0.004866828894296474
4456	0.0048668288942964755
6236	0.0048668288942964755
8035	0.004866828894296477
12626	0.004866828894296477
13219	0.004866828894296477
691	0.004900163338777956
1346	0.004900163338777962
2101	0.004966832227740928
4606	0.004966832227740928
5207	0.004966832227740928
12426	0.004966832227740928
5014	0.005000166672222405
2926	0.0050001666722224065
4961	0.0050001666722224065
6956	0.005000166672222408
2186	0.00500016667222241
3540	0.00500016667222241
8058	0.005033501116703887
11311	0.005033501116703887
1457	0.005033501116703889
10777	0.005033501116703891
11574	0.005100170005666857
10418	0.005100170005666858
11691	0.0056335211173705775
9809	0.005633521117370578
1206	0.0058001933397779926
13115	0.005833527784259478
2250	0.005866862228740959
6545	0.005933531117703925
12221	0.005966865562185408
873	0.006133537784592821
8170	0.0061668722290743015
4337	0.006433547784926168
4692	0.006566885562852091
479	0.006666888896296542
1939	0.006666888896296543
3948	0.006666888896296543
9690	0.006666888896296543
9743	0.006666888896296543
10241	0.006666888896296543
11677	0.006666888896296543
11328	0.006666888896296545
5177	0.006700223340778024
4659	0.0067002233407780255
7095	0.0067002233407780255
9579	0.0067002233407780255
12774	0.0067002233407780255
7970	0.00676689222974099
13375	0.006766892229740994
12197	0.006833561118703958
2695	0.007033567785592854
9563	0.007166905563518783
10049	0.007200240008000269
416	0.007233574452481754
5312	0.007300243341444714
12213	0.007300243341444714
12450	0.007366912230407679
4671	0.007400246674889165
6173	0.0074669155638521275
10383	0.007466915563852131
7288	0.0077669255641854736
9440	0.007800260008666957
11303	0.008066935564518818
4951	0.008100270009000305
6056	0.008166938897963265
11241	0.008200273342444742
11242	0.008200273342444745
333	0.008200273342444747
1268	0.008200273342444747
3303	0.008200273342444747
7281	0.008200273342444747
11536	0.008200273342444747
