12207	0.0
5910	0.0029334311143704717
1453	0.0033334444481482595
2906	0.0033334444481482595
8773	0.0033334444481482595
10258	0.0033334444481482595
12480	0.0033334444481482595
12703	0.0033334444481482872
6095	0.0033667788926297626
5041	0.005833527784259482
227	0.006300210007000248
10377	0.006433547784926177
5103	0.006500216673889142
51	0.0066335544518150436
250	0.0066335544518150436
299	0.0066335544518150436
633	0.0066335544518150436
727	0.0066335544518150436
1433	0.0066335544518150436
2037	0.0066335544518150436
2086	0.0066335544518150436
2664	0.0066335544518150436
2899	0.0066335544518150436
3315	0.0066335544518150436
6001	0.0066335544518150436
7088	0.0066335544518150436
9190	0.0066335544518150436
10798	0.0066335544518150436
10966	0.0066335544518150436
11478	0.0066335544518150436
12543	0.0066335544518150436
7710	0.006633554451815071
1804	0.006666888896296547
2945	0.006666888896296547
4115	0.006666888896296547
6707	0.006666888896296547
7001	0.006666888896296547
8708	0.006666888896296547
8983	0.006666888896296547
9524	0.006666888896296547
10780	0.006666888896296547
12154	0.006666888896296547
13014	0.006666888896296547
3028	0.0070669022300743345
8718	0.00800026667555584
12262	0.008800293343111443
4921	0.010000333344444806
10257	0.010000333344444806
476	0.01000033334444482
1262	0.01000033334444482
2068	0.01000033334444482
3614	0.01000033334444482
5151	0.01000033334444482
7529	0.01000033334444482
9311	0.01000033334444482
10528	0.01000033334444482
11520	0.01000033334444482
13397	0.01000033334444482
695	0.010033667788926295
716	0.010033667788926295
1072	0.010033667788926295
1514	0.010033667788926295
2076	0.010033667788926295
3436	0.010033667788926295
4097	0.010033667788926295
6111	0.010033667788926295
7601	0.010033667788926295
8124	0.010033667788926295
8686	0.010033667788926295
9025	0.010033667788926295
9863	0.010033667788926295
11139	0.010033667788926295
12252	0.010033667788926295
12981	0.010033667788926295
13177	0.010033667788926295
910	0.011667055568518964
1225	0.01183372779092634
189	0.013333777792593066
3086	0.013333777792593093
5179	0.013333777792593093
10602	0.013333777792593093
11499	0.013333777792593093
2098	0.015000500016667237
109	0.016100536684556133
3520	0.01626720890696358
13264	0.016300543351445054
2402	0.01683389446314877
5428	0.01853395113170439
1050	0.018633954465148844
1578	0.02000066668888964
2605	0.020400680022667442
8265	0.022300743358111955
752	0.02323410780359346
6231	0.02326744224807495
155	0.023300776692556424
5758	0.023300776692556424
8715	0.023300776692556424
9600	0.023300776692556424
11553	0.023300776692556424
12469	0.023300776692556424
