1193	0.0
1468	0.0
3661	0.0
4170	0.0
6043	0.0
6117	0.0
7903	0.0
2923	0.0001333377779259362
3655	0.0001333377779259362
12049	0.0001333377779259362
9289	0.00023334111137038316
3962	0.0012000400013333704
3013	0.0015000500016667181
4252	0.0015000500016667181
7001	0.0015000500016667181
10966	0.0015333844461482005
2474	0.001800060002000066
9013	0.001800060002000066
9369	0.0019000633354445198
8856	0.002966765558851954
1972	0.00310010333677789
373	0.003166772225740855
2111	0.003166772225740855
2278	0.003166772225740855
3582	0.003166772225740855
3637	0.003166772225740855
6027	0.003166772225740855
6953	0.003166772225740855
7695	0.003166772225740855
8038	0.003166772225740855
8579	0.003166772225740855
10357	0.003166772225740855
10905	0.003166772225740855
12474	0.003166772225740855
12541	0.003166772225740855
13238	0.003166772225740855
13265	0.003166772225740855
13462	0.003166772225740855
125	0.003200106670222337
315	0.003200106670222337
430	0.003200106670222337
682	0.003200106670222337
747	0.003200106670222337
836	0.003200106670222337
1149	0.003200106670222337
1161	0.003200106670222337
1170	0.003200106670222337
1445	0.003200106670222337
1528	0.003200106670222337
1672	0.003200106670222337
1844	0.003200106670222337
2239	0.003200106670222337
2348	0.003200106670222337
2583	0.003200106670222337
2660	0.003200106670222337
3059	0.003200106670222337
3062	0.003200106670222337
3124	0.003200106670222337
3256	0.003200106670222337
3471	0.003200106670222337
3716	0.003200106670222337
3728	0.003200106670222337
3750	0.003200106670222337
4009	0.003200106670222337
4046	0.003200106670222337
4524	0.003200106670222337
4564	0.003200106670222337
4575	0.003200106670222337
4984	0.003200106670222337
5203	0.003200106670222337
5315	0.003200106670222337
5447	0.003200106670222337
5816	0.003200106670222337
5903	0.003200106670222337
6330	0.003200106670222337
6469	0.003200106670222337
6973	0.003200106670222337
7039	0.003200106670222337
7389	0.003200106670222337
7401	0.003200106670222337
7619	0.003200106670222337
7830	0.003200106670222337
7951	0.003200106670222337
7953	0.003200106670222337
8300	0.003200106670222337
8375	0.003200106670222337
8624	0.003200106670222337
8793	0.003200106670222337
8953	0.003200106670222337
9143	0.003200106670222337
9292	0.003200106670222337
9603	0.003200106670222337
9769	0.003200106670222337
9810	0.003200106670222337
9812	0.003200106670222337
9815	0.003200106670222337
9935	0.003200106670222337
9943	0.003200106670222337
10132	0.003200106670222337
10372	0.003200106670222337
