2333	3.333444448148232e-05
2628	6.666888896296463e-05
4058	6.666888896296463e-05
11033	6.666888896296463e-05
12608	6.666888896296463e-05
11661	6.666888896296637e-05
3859	0.00010000333344444695
7004	0.00010000333344444869
7945	0.00010000333344444869
5420	0.000133337777925931
9444	0.000133337777925931
86	0.00020000666688889564
106	0.00020000666688889564
510	0.00020000666688889564
1200	0.00020000666688889564
1457	0.00020000666688889564
1564	0.00020000666688889564
2193	0.00020000666688889564
2346	0.00020000666688889564
2715	0.00020000666688889564
2834	0.00020000666688889564
2961	0.00020000666688889564
2988	0.00020000666688889564
3139	0.00020000666688889564
3488	0.00020000666688889564
4534	0.00020000666688889564
4553	0.00020000666688889564
4737	0.00020000666688889564
4829	0.00020000666688889564
5097	0.00020000666688889564
5613	0.00020000666688889564
5790	0.00020000666688889564
6416	0.00020000666688889564
6581	0.00020000666688889564
7807	0.00020000666688889564
8399	0.00020000666688889564
8899	0.00020000666688889564
9011	0.00020000666688889564
9320	0.00020000666688889564
9416	0.00020000666688889564
10011	0.00020000666688889564
10024	0.00020000666688889564
10282	0.00020000666688889564
10291	0.00020000666688889564
10831	0.00020000666688889564
11102	0.00020000666688889564
11685	0.00020000666688889564
13067	0.00020000666688889564
13405	0.00020000666688889564
1295	0.00020000666688889737
52	0.00023334111137037795
158	0.00023334111137037795
229	0.00023334111137037795
468	0.00023334111137037795
539	0.00023334111137037795
645	0.00023334111137037795
657	0.00023334111137037795
683	0.00023334111137037795
930	0.00023334111137037795
998	0.00023334111137037795
1188	0.00023334111137037795
1192	0.00023334111137037795
1206	0.00023334111137037795
1607	0.00023334111137037795
1722	0.00023334111137037795
2121	0.00023334111137037795
2441	0.00023334111137037795
2498	0.00023334111137037795
2813	0.00023334111137037795
2913	0.00023334111137037795
2926	0.00023334111137037795
2976	0.00023334111137037795
3225	0.00023334111137037795
3244	0.00023334111137037795
3246	0.00023334111137037795
3336	0.00023334111137037795
3389	0.00023334111137037795
3563	0.00023334111137037795
3583	0.00023334111137037795
3730	0.00023334111137037795
4417	0.00023334111137037795
4567	0.00023334111137037795
4609	0.00023334111137037795
4859	0.00023334111137037795
5013	0.00023334111137037795
5083	0.00023334111137037795
5206	0.00023334111137037795
5463	0.00023334111137037795
5566	0.00023334111137037795
5777	0.00023334111137037795
5916	0.00023334111137037795
6017	0.00023334111137037795
6033	0.00023334111137037795
6131	0.00023334111137037795
6192	0.00023334111137037795
6614	0.00023334111137037795
6656	0.00023334111137037795
6668	0.00023334111137037795
6674	0.00023334111137037795
6793	0.00023334111137037795
