6264	0.20596088186008846
3506	0.2283074757403183
808	0.23814548311325537
720	0.24760002455603503
6913	0.24818451335062588
3034	0.2492490720787416
1255	0.2616021909141114
12442	0.26614462190585986
13549	0.26736051821146384
3639	0.2684871429849369
9820	0.27100310600383865
6974	0.2710414539733137
3643	0.2732488460590825
826	0.27355066169800796
4988	0.2743476868977704
9753	0.2795324316354386
2392	0.2848936474611482
2040	0.28546169397600263
5980	0.2886441560839331
1178	0.2891048810990219
1151	0.2897845361604901
4102	0.2921661716290541
12063	0.2937113214486494
6311	0.29938578601427557
4968	0.2998182039494164
12228	0.29985153839389783
7197	0.2999515417273423
435	0.3014068548526615
92	0.3022728955074543
8827	0.3023708182609139
2059	0.3029761815901051
1139	0.3035595034938971
793	0.3038805893299579
2454	0.3062406557274876
12265	0.30801027379108636
11619	0.3080518117363426
9594	0.3092533693042785
11224	0.3096851995159352
816	0.3097101891640991
9532	0.3098185372938611
8894	0.3099852095162686
1176	0.3102542269328517
68	0.31029848631273227
8270	0.31141024583265464
1126	0.3139836772183845
5295	0.3143438241282478
7173	0.31624664686428866
12964	0.31641875730119473
7572	0.3181438036179142
11338	0.31971163497960575
5393	0.3198771947309513
7612	0.3213189206399727
3121	0.32145225841789865
11269	0.32295230841956535
1551	0.3237190006426395
26	0.3241840172297182
9642	0.32473990041525513
13091	0.3248523717550099
7717	0.3249919507958545
2256	0.3252725672314254
12939	0.3273854597320716
2435	0.3276745597142868
3937	0.3280441336289145
9685	0.3288895172301317
4142	0.32905173216741124
175	0.329608101309007
5629	0.32985253842723233
4238	0.33135449945358214
5340	0.33241094585598874
740	0.332480286409214
6943	0.3348110258586555
4257	0.3357132777351833
6944	0.33584439363758156
7880	0.3360860795452696
1140	0.3361527484342325
80	0.33641942399008434
12292	0.3369354506251535
7187	0.3371133244034056
1256	0.33725111946645936
4907	0.33737273260102973
5146	0.3392001140612317
5385	0.3400447838995042
10348	0.34025121946979286
1482	0.3405914009671399
805	0.34068847608258535
12385	0.34082324835450256
12472	0.3414098304875829
3223	0.3421529484408994
5329	0.3422196173298624
7146	0.3422471586570849
3959	0.3425427917990766
11239	0.34355299510912174
13166	0.3441463359491328
7164	0.34484469364758186
10432	0.34600560608717473
3675	0.34718381875304066
5951	0.34804480031780416
269	0.34935318844889973
3255	0.34978653622715894
2301	0.35147824809939693
