414	0.007533584452815106
13006	0.007533584452815106
2877	0.007566918897296588
9	0.01083369445648189
4223	0.01083369445648189
8223	0.011033701123370784
8935	0.014200473349111639
802	0.017333911130371
4525	0.017500583352778425
3	0.019200640021334037
5932	0.02406746891563053
12541	0.024200806693556454
3670	0.02420080669355646
4218	0.02420080669355646
6448	0.02420080669355646
322	0.02423414113803793
6973	0.0246674889162972
13195	0.0246674889162972
2605	0.02513417113903796
11520	0.025834194473149115
6231	0.025967532251075037
8038	0.026034201140038016
9114	0.030567685589519646
5664	0.030701023367445575
12273	0.03256775225840862
3044	0.03466782226074203
11487	0.03553451781726057
8686	0.03606786892896432
6954	0.03613453781792727
8773	0.037501250041668065
4940	0.037667922264075476
10458	0.03773459115303844
9025	0.03883462782092738
6946	0.03943464782159405
4333	0.04053468448948298
1749	0.04056801893396447
3100	0.04056801893396447
3610	0.04056801893396447
4738	0.04056801893396447
5975	0.04056801893396447
7928	0.04056801893396447
8990	0.04056801893396447
13235	0.04056801893396447
13589	0.04056801893396447
13644	0.04056801893396447
9813	0.04073469115637188
2086	0.04080136004533485
1440	0.040834694489816324
3201	0.04083469448981633
3602	0.04086802893429781
7333	0.04086802893429781
9208	0.04086802893429781
10635	0.04090136337877931
9616	0.04110137004566819
19	0.04180139337977933
12199	0.042568085602853425
711	0.04260142004733493
5165	0.04386812893763126
9109	0.04386812893763126
4336	0.044168138937964604
8265	0.044901496716557215
3062	0.04583486116203873
5323	0.047001566718890636
6249	0.04726824227474249
2369	0.047268242274742495
12474	0.04753491783059435
752	0.0497683256108537
5621	0.05030167672255741
2402	0.0503683456115204
1492	0.05053501783392779
1839	0.05053501783392779
11569	0.05073502450081669
6821	0.050968365612187067
13397	0.05156838561285377
12632	0.052201740058001926
7454	0.05223507450248342
1403	0.05250175005833528
12101	0.053835127837594574
3516	0.05386846228207606
11499	0.05386846228207608
9649	0.05390179672655754
8144	0.05390179672655755
3086	0.054035134504483495
12728	0.0542018067268909
136	0.05423514117137238
1474	0.05540184672822427
5639	0.05550185006166872
1430	0.05553518450615019
910	0.055535184506150206
4098	0.055668522284076136
8996	0.05590186339544652
1072	0.057168572285742875
11139	0.057168572285742875
2260	0.057201906730224336
2854	0.057201906730224336
7138	0.057201906730224336
7542	0.057201906730224336
7748	0.057201906730224336
9662	0.057201906730224336
11654	0.057201906730224336
