7765	0.0008666955565185511
10089	0.0008666955565185511
11544	0.0008666955565185511
11766	0.0008666955565185511
13188	0.0008666955565185511
13636	0.0010000333344444804
4951	0.0010333677789259622
4337	0.001033367778925963
10467	0.0012000400013333782
10049	0.0020000666688889637
9770	0.002133404446814893
6128	0.002200073335777861
2186	0.002466748891629721
3540	0.002466748891629721
2101	0.0025000833361112033
4606	0.0025000833361112033
5207	0.0025000833361112033
11468	0.0025000833361112054
718	0.0025334177805926878
1346	0.0025667522250741688
6107	0.0025667522250741705
11574	0.0026334211140371325
13375	0.002700090003000101
9543	0.0033334444481482716
6997	0.0034667822260742
12302	0.003466782226074201
416	0.003500116670555686
8033	0.004133471115703855
8732	0.004133471115703855
220	0.004133471115703858
1350	0.004133471115703858
5007	0.004133471115703858
5650	0.004133471115703858
4032	0.004166805560185338
667	0.00416680556018534
916	0.00416680556018534
1023	0.00416680556018534
1595	0.00416680556018534
1854	0.00416680556018534
1862	0.00416680556018534
1909	0.00416680556018534
2176	0.00416680556018534
3584	0.00416680556018534
3777	0.00416680556018534
4761	0.00416680556018534
5029	0.00416680556018534
5261	0.00416680556018534
6071	0.00416680556018534
6640	0.00416680556018534
8245	0.00416680556018534
9139	0.00416680556018534
9580	0.00416680556018534
10088	0.00416680556018534
10626	0.00416680556018534
11560	0.00416680556018534
13572	0.00416680556018534
199	0.0042001400046668205
634	0.0042001400046668205
3415	0.0042001400046668205
6337	0.0042001400046668205
7166	0.0042001400046668205
8022	0.0042001400046668205
12268	0.0042001400046668205
13463	0.0042001400046668205
12623	0.004200140004666822
5545	0.004233474449148305
10918	0.004233474449148305
11764	0.004266808893629787
9797	0.004300143338111268
4164	0.004366812227074236
6391	0.004400146671555716
7079	0.0044668155605186825
1388	0.004633487782926099
8972	0.0047001566718890605
10418	0.004900163338777957
1319	0.0050001666722224065
524	0.005066835561185373
12221	0.005166838894629823
6388	0.005300176672555753
1103	0.005400180006000201
3333	0.005433514450481682
7836	0.0054335144504816845
3274	0.005566852228407615
11982	0.005600186672889097
8035	0.0056668555618520616
12626	0.0056668555618520616
13219	0.0056668555618520616
725	0.0057668588952965085
195	0.005766858895296512
11844	0.005766858895296512
12426	0.005766858895296512
12687	0.005766858895296512
945	0.005800193339777991
1689	0.005800193339777991
2950	0.005800193339777991
3344	0.005800193339777991
5052	0.005800193339777991
6956	0.0058001933397779926
10022	0.005800193339777994
11213	0.005800193339777994
