5390	0.0
3536	3.333444448148058e-05
8095	0.000266675555851862
8252	0.001400046668222273
1317	0.0015000500016667234
11485	0.0016000533351111703
229	0.0016333877795926544
539	0.0016333877795926544
12123	0.0016333877795926544
3618	0.0017000566685556173
8247	0.0017000566685556173
9715	0.0017000566685556173
3265	0.0017384046380306325
101	0.0018333944464815483
213	0.0018333944464815483
2427	0.0018333944464815483
5322	0.0018333944464815483
5333	0.0018333944464815483
7719	0.0018333944464815483
12838	0.0018333944464815483
13500	0.0018333944464815483
4936	0.0023991212714721735
13098	0.002500083336111205
1289	0.003100103336777892
3323	0.0031334377812593777
3408	0.0032001066702223406
3106	0.003366778892629752
4897	0.003366778892629752
13032	0.003366778892629752
13327	0.003366778892629752
1467	0.003834796947501629
3378	0.003834796947501629
9130	0.003967600392575115
4126	0.004033467782259408
2302	0.004133471115703857
9477	0.004166805560185342
1376	0.0042681447257609025
10050	0.004368148059205351
1103	0.0046001533384446135
8968	0.00462981009006368
5154	0.0046681580595386955
9983	0.0048668288942964755
1546	0.004966832227740928
1582	0.004966832227740928
2104	0.004966832227740928
2435	0.004966832227740928
3682	0.004966832227740928
6239	0.004966832227740928
9078	0.004966832227740928
13411	0.004966832227740928
4212	0.0050001666722224065
3366	0.00500016667222241
11395	0.00500016667222241
13509	0.00500016667222241
3540	0.005033501116703889
4199	0.005334846949168352
4331	0.005334846949168352
8687	0.005334846949168352
2109	0.0054681847270942815
9112	0.0054681847270942815
468	0.005468184727094283
5083	0.005468184727094283
6017	0.005468184727094283
4089	0.005501519171575764
8909	0.005501519171575764
10777	0.005501519171575764
6364	0.005629843424508162
9809	0.005666855561852061
11099	0.005666855561852061
1321	0.005668191393983177
6459	0.005668191393983177
7281	0.005668191393983177
12960	0.005668191393983177
13224	0.005668191393983177
11497	0.005925531464616336
349	0.0063002100070002325
7342	0.006533551118370611
11299	0.006533551118370611
5312	0.00656822139498321
463	0.006666888896296542
10827	0.006674998483894445
5234	0.006942632770940892
6370	0.007354967718031447
10962	0.008152542590345426
4359	0.00817259669031956
2276	0.008300276675889198
2574	0.008300276675889198
8927	0.008300276675889198
11416	0.008300276675889198
12337	0.008300276675889198
12524	0.008300276675889198
12914	0.008300276675889198
2665	0.008333611120370678
11745	0.008333611120370678
6162	0.00833361112037068
12492	0.00833361112037068
11336	0.008338624645364213
1413	0.00836694556485216
1462	0.00836694556485216
2658	0.00836694556485216
