242	0.0009000300010000334
12345	0.0040334677822594055
3497	0.004066802226740888
9173	0.004066802226740888
12324	0.004166805560185336
8929	0.004166805560185342
10992	0.004166805560185342
10678	0.004200140004666822
13402	0.004200140004666822
1389	0.004200140004666824
3754	0.004200140004666824
6040	0.004200140004666824
7354	0.004200140004666824
8463	0.004200140004666824
8795	0.004200140004666824
9645	0.004200140004666824
9849	0.004200140004666824
11255	0.004200140004666824
5568	0.004233474449148306
13463	0.004233474449148306
474	0.004566818893963135
416	0.005200173339111305
4485	0.005800193339777994
6045	0.005800193339777994
10169	0.005800193339777994
11905	0.005800193339777994
3537	0.005833527784259477
12934	0.005833527784259478
12212	0.005933531117703918
1337	0.006666888896296545
4695	0.006733557785259508
4327	0.007366912230407677
13484	0.007366912230407677
9876	0.007433581119370649
448	0.007466915563852124
1350	0.007466915563852131
2148	0.007466915563852131
3412	0.007466915563852131
3947	0.007466915563852131
5289	0.007466915563852131
9720	0.007466915563852131
8847	0.00750025000833361
10422	0.00750025000833361
393	0.007500250008333613
4640	0.007500250008333613
6385	0.007500250008333613
6704	0.007500250008333613
7377	0.007500250008333613
7506	0.007500250008333613
8618	0.007500250008333613
11400	0.007500250008333613
11408	0.007500250008333613
11670	0.007500250008333613
12333	0.007500250008333613
13621	0.007500250008333613
4394	0.007533584452815096
7318	0.007533584452815096
9342	0.007533584452815096
12261	0.007533584452815096
1464	0.0076335877862595426
1693	0.007666922230741027
1436	0.008500283342778093
4297	0.008600286676222544
12995	0.008866962232074399
4128	0.009000300010000335
7147	0.009000300010000335
12277	0.009000300010000335
3423	0.009033634454481817
10825	0.009100303343444785
12748	0.009100303343444785
11253	0.009133637787926264
264	0.009133637787926266
763	0.009133637787926266
2131	0.009133637787926266
6200	0.009133637787926266
12715	0.009133637787926266
12574	0.009133637787926268
158	0.009166972232407746
10004	0.009166972232407748
10555	0.009166972232407748
2137	0.009200306676889229
718	0.009600320010667015
1103	0.009600320010667018
13027	0.009900330011000368
6325	0.010667022234074466
2445	0.01076702556751892
5331	0.010800360012000404
10923	0.010833694456481885
12686	0.010833694456481885
6350	0.010900363345444846
9069	0.011667055568518951
5360	0.01170039001300043
3049	0.012300410013667124
11157	0.012367078902630089
1354	0.012467082236074536
8940	0.012467082236074536
683	0.012467082236074538
7083	0.01250041668055602
3311	0.012600420014000469
9836	0.01313377112570419
