6247	0.05055789574415888
2106	0.06879183687552994
7501	0.08308060971199346
3110	0.08558024487263041
11441	0.10536237138944517
7242	0.10539294654462594
9002	0.10547020664504622
4527	0.10878168715036073
6925	0.11273322672763289
10697	0.11379333692553162
12536	0.11539339026064277
13364	0.11957388189575974
10583	0.12210454038705167
2971	0.13064908273021336
2606	0.13200336605084687
2128	0.13219395027931008
32	0.13572784288063536
7525	0.13707137261479257
5082	0.1421712070462859
12992	0.14446929865624242
6093	0.14518480217483196
7041	0.14553798593891568
8129	0.14553798593891568
1499	0.14584958941376952
2162	0.14781610089503294
369	0.1481021996178332
8850	0.14878279978499595
6580	0.14878291015656797
4136	0.14883798557101044
8892	0.15016574108928243
2881	0.1507618142009664
3926	0.15196127585682934
11247	0.15224958201107014
454	0.15240544004914747
3923	0.15241625423347754
2247	0.1546165483123995
8984	0.155593505069375
1639	0.15564969534818138
3021	0.15568202529987096
10983	0.15709478030697765
5994	0.15778398499730126
8039	0.15808333053847368
13181	0.15905906205951323
7694	0.16210509447464055
9098	0.16214991202207052
4473	0.16248469352705044
8722	0.16278304349434589
2953	0.16323178715429276
13076	0.1637384822542332
3993	0.16546161550025779
6797	0.16569384174726423
4373	0.1678496605421159
12372	0.1688503561059926
1455	0.16900431998951557
5500	0.17119347322884873
6418	0.17131710499762232
8692	0.17131710499762232
11761	0.17218380055414087
6536	0.17290832637724246
13023	0.17362866476979305
13064	0.17412745620107936
3689	0.1744572776745042
6988	0.17531723833540022
12242	0.1754503553701821
8750	0.17545046574175413
8677	0.17549539366075612
12159	0.17666485850690875
2155	0.17694979068640607
7051	0.17743309593199125
11502	0.17778961840693214
7589	0.17789514031897805
12502	0.1788173550059559
556	0.17905091909019907
8698	0.1790626207065629
9102	0.17913006219653005
7143	0.17934518084987203
11460	0.18003639889797135
1251	0.18042889144401553
3444	0.1820505753775157
2476	0.18206227922360818
8485	0.18209561366808968
7931	0.18211724426647866
10768	0.1821507994541042
7232	0.182151022426977
5186	0.18218413389858568
4049	0.18221746834306715
9392	0.18222772621007968
3921	0.18225058204440459
4610	0.18243999527010743
4072	0.18250577449730798
1164	0.18329442843348712
8800	0.18349432472880398
10754	0.18378441020656966
8897	0.18497175747711966
3561	0.185317350936701
7129	0.1854060985995272
11291	0.1854177979861623
7704	0.18542861217049242
10913	0.18542905811623794
2118	0.1854511324306438
