3984	0.008200273342444754
7083	0.015000500016667223
11504	0.02256741891396381
2962	0.024900830027667596
7965	0.02500083336111205
9124	0.02500083336111205
298	0.030001000033334446
12924	0.030034334477815935
13570	0.030234341144704826
10959	0.03166772225740859
13109	0.03170105670189007
10733	0.03303443448114938
3026	0.03350111670389013
11511	0.03356778559285311
12430	0.033901130037667926
9561	0.03496783226107538
5331	0.03500116670555686
3988	0.03503450115003834
8929	0.03503450115003834
6040	0.03506783559451982
5360	0.035901196706556886
1155	0.036134537817927276
6325	0.03660122004066802
3258	0.03833461115370512
8815	0.03833461115370512
532	0.03836794559818661
2131	0.038401280042668094
10555	0.038434614487149577
2012	0.03883462782092738
4053	0.03980132671089037
10369	0.04000133337777927
6310	0.04003466782226075
3947	0.04006800226674223
281	0.041568052268408956
10615	0.041634721157371914
8089	0.0416680556018534
9576	0.0416680556018534
10861	0.0416680556018534
11567	0.0416680556018534
158	0.041701390046334885
8899	0.041701390046334885
11300	0.041701390046334885
6045	0.04173472449081636
4297	0.04276809226974233
1813	0.04303476782559419
7890	0.04330144338144604
9975	0.043301443381446064
12324	0.04376812560418681
8541	0.04483482782759426
10796	0.04496816560552017
2137	0.04500150005000167
9692	0.04503483449448316
12995	0.045068168938964634
13402	0.045068168938964634
13222	0.04516817227240909
3609	0.045168172272409095
6959	0.04550151671722392
6928	0.04570152338411281
12375	0.046434881162705416
2025	0.04666822227407581
846	0.046701556718557295
10380	0.04673489116303877
11821	0.047034901163372105
4123	0.04830161005366846
13047	0.04833494449814992
52	0.04833494449814994
7807	0.04833494449814995
6511	0.04836827894263143
138	0.04840161338711291
10736	0.04993499783326112
12804	0.04996833227774259
4089	0.050001666722224086
8847	0.05003500116670556
10735	0.05003500116670557
5475	0.05043501450048336
6257	0.051501716723890804
6075	0.05153505116837229
8743	0.051568385612853755
9138	0.051568385612853755
3288	0.05160172005733524
4272	0.05160172005733526
7757	0.05163505450181674
10412	0.05163505450181674
13128	0.05163505450181674
755	0.051668388946298216
1120	0.051668388946298216
2640	0.051668388946298216
5314	0.051668388946298216
2496	0.05166838894629822
7923	0.05166838894629822
758	0.05170172339077969
8271	0.05170172339077969
6350	0.051768392279742656
8451	0.05200173339111304
13099	0.053035101170039
2529	0.05333511117037235
83	0.05336844561485383
1350	0.05340178005933531
10681	0.05496849894996499
2816	0.05496849894996501
