7576	0.5013167105570187
4081	0.5720857361912064
1141	0.5729857661922064
12055	0.5855528517617254
8776	0.5917530584352811
2989	0.6128870962365413
44	0.6184872829094303
7120	0.6379879329310978
2015	0.6454548484949498
5947	0.6480882696089869
13094	0.651888396279876
10370	0.6580219340644688
4901	0.6718557285242841
12135	0.6832894429814328
1129	0.6833894463148772
7255	0.7133237774592485
3688	0.7160905363512118
12058	0.7350245008166938
1176	0.7351911730391013
1545	0.7407580252675089
2424	0.7409580319343978
5921	0.741324710823694
7197	0.7490916363878797
5042	0.7521917397246575
5004	0.7585919530651022
3027	0.7617253908463615
10441	0.7646588219607321
9523	0.7713257108570286
8872	0.7729257641921399
2122	0.7730591019700657
3938	0.7812927097569918
1343	0.794626487549585
1335	0.7959265308843628
805	0.8009266975565852
8891	0.8026934231141037
11369	0.805960198673289
9691	0.8084269475649188
1126	0.8086602886762893
816	0.8103936797893263
8725	0.8117270575685857
6598	0.8152605086836229
10667	0.8226940898029935
10485	0.8230607686922897
8778	0.8248274942498084
7745	0.8249608320277343
11269	0.8251941731391046
10363	0.8263275442514751
2009	0.833094436481216
12312	0.8353945131504383
7883	0.8379612653755124
2408	0.8381946064868829
13248	0.8385279509316979
9604	0.8452281742724759
719	0.8467282242741425
192	0.8500283342778093
3449	0.8517950598353279
12129	0.8551285042834762
7817	0.8579285976199206
13293	0.8580952698423281
900	0.8585286176205873
2403	0.8615620520684023
799	0.8620620687356247
8047	0.868528950965032
7618	0.8771292376412547
715	0.8783959465315511
13143	0.8802960098669955
7341	0.8834627820927364
1318	0.8850961698723291
1166	0.8853295109836995
1140	0.8853961798726624
4047	0.8879295976532551
11235	0.8883962798759959
1336	0.8884629487649588
2330	0.8890296343211441
12417	0.8917630587686256
1598	0.891796393213107
177	0.8978965965532184
6983	0.8990299676655887
9708	0.8990299676655888
2040	0.9013300443348112
9309	0.9017967265575519
1366	0.9018633954465148
5950	0.9051301710057003
12581	0.9060302010067003
3956	0.911263708790293
20	0.9134637821260709
9567	0.9137304576819226
2857	0.9168305610187006
10644	0.9171639054635154
2993	0.9213973799126638
8780	0.9251641721390713
8877	0.9275309176972566
2937	0.9283976132537751
710	0.9284309476982566
7092	0.9346311543718124
7581	0.93659788659622
1154	0.9366312210407014
7957	0.9377312577085904
6169	0.9378979299309976
5055	0.9378979299309977
