11486	0.0009970472063504238
1517	0.0017304049849430347
4797	0.0018534485464556981
3698	0.0026971038749060566
8217	0.0026971038749060566
10806	0.0026971038749060575
3975	0.004103232733826744
867	0.0043638260989801725
12338	0.004619515873650386
1677	0.0047934961843770375
6302	0.0047934961843770375
9866	0.0047934961843770375
11601	0.0047934961843770375
12341	0.0047934961843770375
4950	0.004826830628858527
8682	0.005726860629858556
7508	0.0059566812802824415
3428	0.006093539519154855
9575	0.006293546186043749
7905	0.006426883963969678
231	0.006460218408451181
4949	0.006460218408451181
10421	0.006460218408451181
2264	0.00649355285293267
3070	0.00649355285293267
6871	0.00649355285293267
8304	0.00649355285293267
5058	0.006626890630858586
7877	0.007626923965303083
10869	0.0076639361026469704
2392	0.007760261743228998
7043	0.00783925224550474
3248	0.00812694063252531
10365	0.00812694063252531
13454	0.00812694063252531
2384	0.008300276675889187
11337	0.008366945564852166
11402	0.00837260335720847
4088	0.008687009665159635
6348	0.00912115894269759
2431	0.009138918479346017
2956	0.009292310357246085
1162	0.009297323882239611
2411	0.009297323882239611
12065	0.009297323882239611
4082	0.009302981674595902
286	0.0093306583267211
2019	0.0093306583267211
9453	0.0093306583267211
3915	0.00936399277120259
7226	0.00936399277120259
10212	0.00936399277120259
12391	0.009594080588052688
12289	0.009760328412117951
6275	0.009793662856599454
8878	0.009793662856599454
1232	0.009826997301080944
12963	0.009838250248688802
10540	0.009993669523488334
309	0.010260345079340207
4915	0.010437735916503047
8742	0.010514431855453078
5429	0.01069369285759947
7378	0.010793696191043938
1335	0.011093706191377272
895	0.011138026417040394
1332	0.011319739214428422
13143	0.01146038508067357
5068	0.011460385080673584
5169	0.011460385080673584
10954	0.011460385080673584
248	0.011493719525155073
13243	0.012135073623390818
11261	0.012168408067872307
8493	0.012201742512353796
8828	0.012657014555570762
13184	0.012664102774869374
929	0.013093772860266225
1174	0.013093772860266225
2439	0.013093772860266225
2825	0.013093772860266225
2905	0.013093772860266225
2937	0.013093772860266225
3272	0.013093772860266225
3799	0.013093772860266225
3956	0.013093772860266225
4030	0.013093772860266225
4466	0.013093772860266225
4483	0.013093772860266225
4968	0.013093772860266225
5652	0.013093772860266225
6227	0.013093772860266225
6725	0.013093772860266225
6802	0.013093772860266225
7286	0.013093772860266225
7396	0.013093772860266225
7610	0.013093772860266225
7817	0.013093772860266225
8030	0.013093772860266225
8894	0.013093772860266225
