13333	0.027741942997849392
10348	0.03764093717671861
4611	0.037675607453331234
720	0.04193506096123619
749	0.046046560514576756
9708	0.0463095583775662
6019	0.0478293326756761
4014	0.04877464163353387
11705	0.049542999492270035
9595	0.049578408631056586
12063	0.050236343665725575
2406	0.050508032746570966
10530	0.052943112829381286
9945	0.053009781718344244
10466	0.053009781718344244
4422	0.054008149417126644
4972	0.054246833857021504
793	0.05431350274598444
2	0.05467650394241835
11338	0.055378869137260804
9757	0.05557653394341838
7023	0.05581355274765119
1162	0.055880221636614165
6359	0.05630989172201101
867	0.057613612749651266
11636	0.0578453508624643
8161	0.05860228320197754
5201	0.05918033164028093
5059	0.059276657280862954
12360	0.059380338307169836
3228	0.05964333617015928
9824	0.059676670614640756
8932	0.05971000505912223
6002	0.060508366091015786
4988	0.06077370581473652
5980	0.06146770959525395
3397	0.061835724316681384
10574	0.06232203624105413
9950	0.06301011506278902
9779	0.06301011506278903
7381	0.06301011506278904
8964	0.06390847942812701
2435	0.06400848276157145
6962	0.06444249014689261
10820	0.0647768406203076
2104	0.06484184387360852
11290	0.06497684728719652
1432	0.06567687062130766
5056	0.06575419548792133
8931	0.06607688395508544
1625	0.06634355951093729
2549	0.06634355951093729
8724	0.06634355951093729
9742	0.06634355951093729
12224	0.06634355951093729
4068	0.06634355951093732
11743	0.06637689395541879
10616	0.06641022839990028
2059	0.06670723693244046
10765	0.06720256987820009
9809	0.06820862276623828
2903	0.06863595099090385
11398	0.0686793124853724
6553	0.06928066831817019
5365	0.06934733720713318
12620	0.06961240976442767
9609	0.06967700395908558
9532	0.06977700729253003
12147	0.0698103417370115
5393	0.07020266988153355
3981	0.07107672082377693
4909	0.07127705729419674
3937	0.07193606099457063
7572	0.07193606099457063
10568	0.0719693954390521
5297	0.07201841472587697
10713	0.07213606766145952
9750	0.07217542165953474
13139	0.07281044174034497
8454	0.07292243688357124
7692	0.07294377951827087
7302	0.07301044840723386
4161	0.07301412610009628
8112	0.07304378285171532
1174	0.0730771172961968
11389	0.07307711729619681
7860	0.07328080165594814
174	0.07360278321864476
192	0.07363611766312625
11233	0.07375414769964536
10353	0.07383612433001516
2117	0.07424215721738665
10540	0.07501051507612282
1255	0.07521984188853133
2547	0.07530283988720037
7770	0.07533617433168187
5312	0.07547686749533263
11626	0.07554220055216448
7226	0.07598089165894824
30	0.07627722396641917
