177	0.20657028567618924
5231	0.24740498016600557
8682	0.26405167753957814
5337	0.29680662688756293
5055	0.31539273662063244
3940	0.349841728057602
1232	0.3507450248341612
5947	0.3583786126204207
3938	0.36310883696123203
4950	0.3681090036334544
8955	0.3798760625354179
1141	0.381476115870529
4047	0.40314350478349276
9824	0.40977705923530783
6977	0.4103396191637761
9814	0.4178211169130474
9008	0.44470503395864824
13061	0.4460782692756424
8699	0.44964505483516115
10363	0.46477889262975425
3223	0.46941238041268035
4900	0.472005702150856
7576	0.4731458381946065
8777	0.47497923264108793
12058	0.4821430792791132
12489	0.48487956265208837
9523	0.48921304043468117
2878	0.4899130637687923
286	0.4903130771025701
1154	0.4980800026667555
5908	0.49833556281941416
8072	0.4983611715161747
6264	0.5065469515650521
13113	0.5073051454656332
4974	0.5131138371279043
2934	0.5231475049168306
7581	0.5265868339402164
2989	0.5375679842922869
12537	0.5399147304910163
1335	0.5444148804960165
6086	0.5464482816093871
4729	0.5497817260575352
12939	0.5532380791778027
9746	0.5596153871795726
3255	0.5716274189531808
7314	0.583182839427981
7883	0.5865947152486781
5004	0.5948257085693707
4949	0.5989833661122037
92	0.6039107185925805
10370	0.6062169405646854
269	0.6068502950098336
121	0.6076169872329078
6598	0.6095503850128339
10441	0.6264810134194015
151	0.6290092022675267
5481	0.6331511717057235
13138	0.6350179005966865
12135	0.6401763078377122
3457	0.6430515017167238
5042	0.6543518783959466
7005	0.6544852161738723
5921	0.6562186072869096
7211	0.6595520517350577
3233	0.6598187272909097
2253	0.6630194810415249
4087	0.6636521884062803
12072	0.6652855761858728
9685	0.6661189372979099
7880	0.6693857128570952
7580	0.6724238507296649
2408	0.672819160638688
2046	0.6748858961965398
9843	0.6761859395313177
8351	0.6764859495316511
2031	0.6774036925413855
13248	0.6843979779718148
702	0.6865196173205772
7579	0.6895530517683923
4680	0.6896530551018367
1113	0.6931865062168738
13293	0.6933198439947998
4095	0.6962199406646887
2009	0.6977199906663556
8877	0.7000115690130848
11226	0.7012201073369111
1545	0.7017867928930964
11264	0.7032868428947632
2910	0.7037116923505293
7120	0.7066617253254847
4081	0.7067202906763559
7634	0.7081536717890595
9708	0.709420380679356
10667	0.7098203940131338
10421	0.711220440681356
10604	0.7148205606853562
8670	0.7149538984632822
719	0.7177539917997267
8872	0.7209874329144306
7493	0.7214207806926898
