17	0.0003333444448148271
23	0.0003333444448148271
157	0.0003333444448148271
170	0.0003333444448148271
179	0.0003333444448148271
210	0.0003333444448148271
211	0.0003333444448148271
237	0.0003333444448148271
302	0.0003333444448148271
327	0.0003333444448148271
328	0.0003333444448148271
359	0.0003333444448148271
375	0.0003333444448148271
409	0.0003333444448148271
481	0.0003333444448148271
485	0.0003333444448148271
509	0.0003333444448148271
520	0.0003333444448148271
605	0.0003333444448148271
625	0.0003333444448148271
635	0.0003333444448148271
650	0.0003333444448148271
669	0.0003333444448148271
800	0.0003333444448148271
888	0.0003333444448148271
922	0.0003333444448148271
932	0.0003333444448148271
934	0.0003333444448148271
940	0.0003333444448148271
969	0.0003333444448148271
971	0.0003333444448148271
978	0.0003333444448148271
983	0.0003333444448148271
986	0.0003333444448148271
987	0.0003333444448148271
1024	0.0003333444448148271
1037	0.0003333444448148271
1051	0.0003333444448148271
1055	0.0003333444448148271
1137	0.0003333444448148271
1172	0.0003333444448148271
1179	0.0003333444448148271
1247	0.0003333444448148271
1287	0.0003333444448148271
1377	0.0003333444448148271
1386	0.0003333444448148271
1421	0.0003333444448148271
1490	0.0003333444448148271
1494	0.0003333444448148271
1506	0.0003333444448148271
1529	0.0003333444448148271
1568	0.0003333444448148271
1580	0.0003333444448148271
1593	0.0003333444448148271
1632	0.0003333444448148271
1644	0.0003333444448148271
1657	0.0003333444448148271
1659	0.0003333444448148271
1667	0.0003333444448148271
1675	0.0003333444448148271
1681	0.0003333444448148271
1726	0.0003333444448148271
1731	0.0003333444448148271
1740	0.0003333444448148271
1745	0.0003333444448148271
1747	0.0003333444448148271
1762	0.0003333444448148271
1783	0.0003333444448148271
1791	0.0003333444448148271
1797	0.0003333444448148271
1942	0.0003333444448148271
1963	0.0003333444448148271
1964	0.0003333444448148271
2002	0.0003333444448148271
2088	0.0003333444448148271
2119	0.0003333444448148271
2120	0.0003333444448148271
2189	0.0003333444448148271
2215	0.0003333444448148271
2231	0.0003333444448148271
2284	0.0003333444448148271
2292	0.0003333444448148271
2295	0.0003333444448148271
2309	0.0003333444448148271
2373	0.0003333444448148271
2385	0.0003333444448148271
2389	0.0003333444448148271
2393	0.0003333444448148271
2404	0.0003333444448148271
2533	0.0003333444448148271
2550	0.0003333444448148271
2565	0.0003333444448148271
2608	0.0003333444448148271
2609	0.0003333444448148271
2626	0.0003333444448148271
2627	0.0003333444448148271
2630	0.0003333444448148271
2675	0.0003333444448148271
2723	0.0003333444448148271
2733	0.0003333444448148271
