6907	0.016900563352111733
6247	0.02862280470664518
2452	0.0331677722590753
2093	0.033234441148038266
4251	0.033234441148038266
5974	0.033234441148038266
7115	0.033234441148038266
9204	0.033234441148038266
10549	0.033234441148038266
11680	0.033234441148038266
313	0.03326777559251974
434	0.03326777559251974
473	0.03326777559251974
560	0.03326777559251974
1270	0.03326777559251974
1889	0.03326777559251974
2426	0.03326777559251974
2588	0.03326777559251974
3459	0.03326777559251974
5924	0.03326777559251974
8166	0.03326777559251974
8783	0.03326777559251974
11344	0.03326777559251974
11665	0.03326777559251974
11707	0.03326777559251974
13141	0.03326777559251974
3017	0.03330122040857325
9349	0.03330122040857325
12441	0.03340111337044568
249	0.03340155485673379
1719	0.033578822750056
1499	0.03363445448181605
6580	0.03371160198093559
4906	0.0337682337460301
10664	0.03440114670489017
574	0.03573452448414947
1182	0.03573452448414947
3746	0.03573452448414947
562	0.03576785892863095
6988	0.03640121337377913
5229	0.036534992637993174
11474	0.036534992637993174
1364	0.036578922753389434
2623	0.036601220040668014
3033	0.036601220040668014
3253	0.036601220040668014
6423	0.036601220040668014
6993	0.036601220040668014
8011	0.036601220040668014
9338	0.036601220040668014
12372	0.036601220040668014
13151	0.036601220040668014
241	0.03661225719787091
7704	0.03661225719787091
1651	0.036634554485149504
10594	0.03676789226307543
9873	0.03690123004100136
644	0.03696789892996433
3089	0.0370345678189273
10984	0.03736791226374212
3989	0.038251053184492984
5215	0.03826794226474215
404	0.03906796893229774
535	0.03906796893229774
689	0.03906796893229774
1029	0.03906796893229774
2247	0.03906796893229774
4163	0.03906796893229774
5113	0.03906796893229774
6418	0.03906796893229774
7296	0.03906796893229774
8885	0.03906796893229774
11437	0.03906796893229774
3126	0.03928784248215184
4435	0.03976799226640888
9683	0.03981236386809325
11461	0.03983466115537185
5124	0.039901330044334805
12378	0.039901330044334805
13282	0.03991236720153771
421	0.03993466448881629
2175	0.03993466448881629
2201	0.03993466448881629
2941	0.03993466448881629
3224	0.03993466448881629
3592	0.03993466448881629
4074	0.03993466448881629
4291	0.03993466448881629
5149	0.03993466448881629
5361	0.03993466448881629
5755	0.03993466448881629
6243	0.03993466448881629
7338	0.03993466448881629
8146	0.03993466448881629
9125	0.03993466448881629
9370	0.03993466448881629
9976	0.03993466448881629
11089	0.03993466448881629
11513	0.03993466448881629
11682	0.03993466448881629
