7040	0.10886030438609287
688	0.11571389103950125
11402	0.12154088305712824
11429	0.12548591678499604
7413	0.1286252889790573
3111	0.1319011978821358
4488	0.14508657014010787
720	0.16444347059788397
808	0.17172282028480862
8790	0.1756387245235517
900	0.17757906952273111
12135	0.1775866147047221
6169	0.1792617965755409
4123	0.1833138531994245
7199	0.184490730905001
793	0.18611085951084771
2392	0.2025954442631981
4900	0.20348909222711628
3639	0.2039845196151051
11338	0.20591003988592316
4257	0.20621383095498458
11252	0.20699752724887371
8351	0.20847897484454414
2435	0.2085767954444418
8916	0.2092906307004627
3778	0.20940428770480887
1290	0.21187690544810858
8043	0.2149259897902554
435	0.21495019089084366
1139	0.2171054057176609
10466	0.21855296725105033
1508	0.21937097123312044
13163	0.21964531065921938
5295	0.22118099652717033
7870	0.22128099986061478
9532	0.22172014075613303
10346	0.2218202786029343
1181	0.22201651098328123
5001	0.22482951873234702
427	0.22487881844281216
11261	0.22498691631531836
13498	0.22511446097598525
4974	0.22585489031390904
3095	0.2270515211363833
7173	0.22774558066821962
2116	0.22781224955718266
12457	0.22794788875691133
4988	0.22815368854105916
8025	0.22860223858937043
7766	0.2288551022233125
11059	0.23030171990247536
9890	0.23048709965476297
9015	0.23049637429419909
10540	0.23094568733844198
2411	0.23105378521094816
6974	0.23121466431609664
4102	0.2312479987605781
2059	0.23134800209402256
7211	0.23165380521161488
3643	0.23176034770278486
2427	0.23371610861087708
2454	0.23441246956451622
11389	0.23498724965976317
4026	0.2349872496597632
7341	0.23733802316977878
11277	0.23774821543446725
13011	0.23791488765687463
1521	0.238077778810554
7108	0.23808155987928203
1488	0.2380815598792821
12058	0.2387446022135405
4972	0.23940900324573947
2063	0.23950900657918392
8828	0.23958160988094876
9699	0.23990807944982814
8565	0.24079168073546386
6002	0.2408874463329856
2921	0.24104602401633127
2330	0.24106065771311855
683	0.24107878310536202
488	0.24124833210502292
3227	0.24124833210502292
13293	0.24148746633365228
320	0.2415497030640255
192	0.2416208041115782
12964	0.2416208041115782
4968	0.24162080411157824
9776	0.24165413855605966
7809	0.24258750300154125
1178	0.24284608401833135
3310	0.24287941846281283
7684	0.24297075190174475
12224	0.24362087078046718
13155	0.24388754633631904
7096	0.24393745079170778
3235	0.24458177655317118
6165	0.24482091078180057
2489	0.24515425522661538
12986	0.24535426189350432
10447	0.24621516433276383
