7069	0.045334844494816506
8707	0.05670189006300212
694	0.058301943398113246
9135	0.059935331177705914
4960	0.0646021534051135
1579	0.06990233007766924
35	0.06993566452215073
13100	0.06993566452215073
7713	0.07313577119237308
2412	0.07326910897029901
2955	0.07330244341478048
4108	0.07420247341578053
6061	0.07470249008300274
8958	0.07490249674989165
1181	0.07660255341844727
3301	0.07660255341844728
10545	0.07660255341844728
370	0.07663588786292877
12575	0.07740258008600287
10424	0.07823594119803992
10907	0.07986932897763259
8272	0.07996933231107703
3936	0.07996933231107704
4947	0.07996933231107704
9021	0.07996933231107704
681	0.08003600120003998
3973	0.08006933564452147
3967	0.08010267008900296
9759	0.08013600453348445
3920	0.08153605120170672
12547	0.08166938897963263
12559	0.08323610787026234
163	0.08326944231474381
2168	0.08326944231474381
6110	0.08326944231474381
11420	0.08326944231474381
11568	0.08326944231474383
2329	0.08330277675922529
4591	0.08330277675922532
1233	0.08333611120370679
11675	0.08343611453715123
1362	0.0835361178705957
10046	0.08486949564985503
12591	0.08493616453881794
4556	0.08496949898329946
621	0.0865695523184106
1405	0.0865695523184106
2868	0.0865695523184106
6479	0.0865695523184106
8444	0.0865695523184106
10596	0.0865695523184106
8739	0.08656955231841061
106	0.0866028867628921
2021	0.08660288676289211
7277	0.08680289342978098
9578	0.08690289676322543
12062	0.08806960232007736
144	0.08830294343144772
10353	0.08840294676489216
3101	0.08990299676655886
7677	0.08990299676655887
11245	0.08990299676655887
4551	0.08990299676655888
6133	0.08993633121104036
10568	0.08993633121104039
2743	0.08996966565552185
2976	0.08996966565552185
7770	0.08996966565552185
8964	0.08996966565552185
468	0.08996966565552186
3937	0.08996966565552186
11233	0.09066968898963297
10427	0.09103636787892928
2082	0.0912030401013367
7898	0.09153638454615153
10640	0.091569718990633
5408	0.09163638787959599
2058	0.09166972232407747
178	0.09240308010267008
2858	0.09316977232574418
9558	0.09320310677022567
10373	0.09320310677022567
11227	0.09320310677022567
2080	0.09326977565918862
2244	0.09326977565918862
3648	0.09326977565918862
1338	0.09326977565918865
3104	0.09330311010367012
6971	0.0933364445481516
1268	0.09340311343711456
9724	0.09466982232741089
8052	0.09480316010533686
12356	0.09600320010667021
7690	0.09600320010667024
4450	0.09643654788492947
4422	0.09646988232941098
5365	0.09646988232941098
8160	0.0965698856628554
7631	0.09656988566285542
2141	0.09660322010733689
