3937	3.333444448147538e-05
174	0.008300276675889194
8161	0.013367112237074565
5980	0.03050235253268778
10353	0.03180106003533453
11312	0.03214108364080493
7770	0.03330111003700125
9890	0.03333444448148273
5951	0.03340111337044568
192	0.03506783559451982
4556	0.035645207807753966
2406	0.03587454142273098
10713	0.03650121670722357
2489	0.03834295595002276
4422	0.03937465809328666
5056	0.039616313321576446
6019	0.03986273024813269
8160	0.039967998933297784
144	0.04137606059430675
3104	0.041676400398171026
10348	0.04207474809628678
468	0.043042782818380886
3397	0.043201440048001576
2412	0.04351080087325279
5005	0.04411349253818168
1362	0.04470983484598597
3920	0.044934831161038725
11233	0.04578687858321231
11338	0.04734559782075438
2104	0.0482082858808796
10388	0.04833494449814992
4947	0.04834328929446757
2435	0.04930832254876853
2301	0.05000166672222407
292	0.05000166672222408
2244	0.05000166672222409
7103	0.05000166672222409
1166	0.05013500450015002
9578	0.05030167672255744
5201	0.051213729212737515
4134	0.05131373254618198
370	0.0516100648536529
12224	0.05164339929813437
9023	0.05186839561318712
7677	0.052475094774509394
8964	0.0524750947745094
4611	0.05304311616282569
720	0.05336844561485383
5340	0.054001800060002
4551	0.05448050477192281
7690	0.05455352301801043
7381	0.05497684374628262
9779	0.05497684374628264
13035	0.05497684374628264
2021	0.054976843746282644
9950	0.054976843746282644
9776	0.054976843746282665
1301	0.05501017819076412
2955	0.05501017819076415
12063	0.05607020125351598
4972	0.05614722699599694
2058	0.0562472303294414
5408	0.0566102315258753
8700	0.05666855561852063
12265	0.05676855895196506
4014	0.057541930335694755
6553	0.05784728366455258
1181	0.05831028819443093
12575	0.05861029819476428
793	0.05941400255518226
13333	0.059710005059122225
8052	0.059843672640579125
12267	0.0600020000666689
11398	0.06064604116886599
163	0.06118072811270086
11675	0.06134740033510828
10765	0.06143538117937264
12062	0.06161039819809771
9021	0.06161039819809772
11227	0.06187407228615642
9757	0.06241042486565329
2	0.0633104548666533
12356	0.06333544451481718
5312	0.064043482841715
12360	0.06428083144947874
12620	0.06491258289606958
2168	0.06497717709072748
6110	0.06497717709072748
10551	0.06497717709072748
11420	0.06497717709072748
3951	0.06501051153520894
3967	0.06511051486865341
7871	0.0657001307183965
1330	0.06596886562885432
9809	0.0661088825674358
3981	0.0663768939554188
1426	0.0666105648703201
4909	0.0666438993148016
2547	0.06666888896296544
2903	0.06666888896296544
