1157	0.0
1323	0.0
3227	0.0
12418	0.0
3310	0.0016333877795926544
192	0.003300110003666791
3325	0.003300110003666791
7040	0.0033334444481482664
2112	0.0033334444481482733
2508	0.0033334444481482733
6465	0.0033334444481482733
9893	0.0033334444481482733
9994	0.0033334444481482733
9631	0.0033717924176232886
3678	0.003400113337111245
5393	0.005033501116703892
3963	0.005200173339111304
7572	0.00666688889629654
12417	0.00666688889629654
11404	0.006700223340778029
8827	0.008666955565185507
9584	0.009266975565852188
2702	0.010000333344444813
3397	0.010000333344444813
6996	0.010000333344444813
11216	0.010000333344444813
13101	0.010967032234407821
6358	0.011433714457148574
5405	0.011633721124037467
6311	0.011633721124037467
7706	0.011633721124037467
9803	0.011633721124037467
11463	0.013005446872771796
688	0.013116121523566067
2330	0.013167105570185682
292	0.013300443348111604
4198	0.013300443348111604
336	0.013333777792593086
435	0.013333777792593086
720	0.013333777792593086
1166	0.013333777792593086
1290	0.013333777792593086
2096	0.013333777792593086
8025	0.013333777792593086
8160	0.013333777792593086
9727	0.013333777792593086
12097	0.013333777792593086
12515	0.013333777792593086
13124	0.013333777792593086
7020	0.013367112237074576
10379	0.013367112237074576
6555	0.013967132237741257
3931	0.015033834461148705
9033	0.015033834461148705
10432	0.015033834461148705
12055	0.015033834461148705
839	0.01683389446314877
10713	0.01683389446314877
10448	0.016967562044605634
3675	0.017633921130704354
3657	0.01763392113070436
740	0.01763659279496659
5990	0.018405626878771994
2602	0.018634284268679777
8454	0.019047625244370515
883	0.01917398473750815
5156	0.01917398473750815
1399	0.019303315019040725
1228	0.019967332244408144
12092	0.019967332244408144
12265	0.019967332244408144
13190	0.019967332244408144
900	0.02000066668888962
1379	0.02000066668888962
3133	0.02000066668888962
12965	0.02000066668888962
13011	0.02000066668888962
82	0.020000666688889626
712	0.020000666688889626
1303	0.020000666688889626
2301	0.020000666688889626
2903	0.020000666688889626
3250	0.020000666688889626
3619	0.020000666688889626
3812	0.020000666688889626
3937	0.020000666688889626
4111	0.020000666688889626
5236	0.020000666688889626
5340	0.020000666688889626
5951	0.020000666688889626
6199	0.020000666688889626
6219	0.020000666688889626
7103	0.020000666688889626
7164	0.020000666688889626
7766	0.020000666688889626
7770	0.020000666688889626
8161	0.020000666688889626
8700	0.020000666688889626
8780	0.020000666688889626
8946	0.020000666688889626
