7111	0.018600620020667372
12282	0.028667622254075157
702	0.031901063368778994
12193	0.03530117670589022
12256	0.03800126670889028
2380	0.041334711157038566
10437	0.041334711157038566
11331	0.04146804893496448
1256	0.044601486716223875
1139	0.04463482116070535
9725	0.04463482116070535
713	0.047934931164372134
2077	0.0480016000533351
7613	0.05133504450148337
11480	0.051735057835261146
11396	0.05193506450215011
9642	0.05336844561485383
4181	0.053668455615187176
11808	0.05466848894963163
270	0.054701823394113135
8122	0.05513517117237245
8270	0.05800193339777992
3272	0.0613020434014467
2013	0.06130204340144672
5422	0.06466882229407646
7187	0.06510217007233575
39	0.06590219673989132
11462	0.06716890563018767
9575	0.06803560118670621
12251	0.07053568452281742
9820	0.07133571119037299
5431	0.07136904563485447
12975	0.07140238007933596
2893	0.07193573119103971
13091	0.07300243341444713
2019	0.07466915563852126
12478	0.07530251008366948
10954	0.07626920897363243
1519	0.07660255341844728
1338	0.07796926564218805
2408	0.07796926564218805
13439	0.07796926564218806
816	0.07796926564218808
1174	0.07796926564218808
7396	0.07796926564218808
10765	0.07796926564218808
13162	0.07800260008666954
7146	0.07820260675355849
10770	0.07833594453148437
9685	0.07836927897596584
11486	0.07963598786626218
887	0.08130271009033634
8454	0.08133604453481781
4316	0.08190273009100306
1166	0.08206940231341042
10141	0.08260275342511415
13082	0.08300276675889197
3078	0.08403613453781791
3639	0.08443614787159569
12289	0.0845028167605587
7314	0.0846028200940031
3457	0.08483616120537349
5295	0.0860362012067069
10432	0.08633621120704021
3223	0.0873695789859662
9607	0.08796959898663285
7002	0.08796959898663287
2376	0.08800293343111434
11500	0.08800293343111436
9288	0.08803626787559583
5211	0.08803626787559585
502	0.08816960565352176
324	0.08860295343178108
10540	0.08930297676589219
867	0.089636321210707
12472	0.09010300343344776
5596	0.09180306010200337
5169	0.09296976565885527
12056	0.09300310010333676
1176	0.0938364612153739
10604	0.09460315343844794
80	0.09463648788292942
680	0.09463648788292942
10574	0.09463648788292942
10616	0.09463648788292942
8112	0.09463648788292943
12411	0.0946698223274109
8932	0.09466982232741092
3240	0.09470315677189238
7905	0.09470315677189238
9862	0.09470315677189238
5365	0.09483649454981832
6288	0.0961698723290776
3248	0.09630321010700355
11601	0.09630321010700355
7277	0.09776992566418878
10379	0.09800326677555916
6165	0.09806993566452214
8931	0.09810327010900363
10365	0.09960332011067033
