170	0.0
7963	0.0
11621	0.0018333944464815435
6399	0.003166772225740855
4113	0.003300110003666784
6029	0.003300110003666784
11413	0.003300110003666784
225	0.003300110003666789
8396	0.005000166672222403
726	0.005166838894629813
5658	0.005366845561518728
154	0.006466882229407644
538	0.006600220007333573
4138	0.006600220007333573
5572	0.006600220007333573
6814	0.006600220007333573
7566	0.006600220007333573
7987	0.006600220007333573
10742	0.006600220007333573
12619	0.006600220007333573
11759	0.006633554451815056
1874	0.006633554451815063
3911	0.006633554451815063
4252	0.006633554451815063
8976	0.006633554451815063
3471	0.00666688889629654
5288	0.007633587786259546
1638	0.008266942231407703
11141	0.008266942231407703
2233	0.008300276675889192
2206	0.0083002766758892
9315	0.0083002766758892
9769	0.009200306676889225
4594	0.009833661122037388
1512	0.009933664455481847
13034	0.009966998899963317
2134	0.009966998899963322
4261	0.009966998899963322
9150	0.009966998899963327
862	0.010033667788926297
3469	0.010033667788926297
4516	0.010533684456148537
1663	0.011233707790259673
1844	0.011633721124037473
1421	0.01166705556851895
5986	0.011700390013000437
2619	0.011933731124370814
505	0.012133737791259694
4505	0.012367078902630084
11409	0.013167105570185661
197	0.013200440014667147
964	0.013200440014667152
8286	0.013267108903630106
1609	0.013300443348111595
10508	0.01330044334811161
310	0.013333777792593092
11128	0.013333777792593092
7145	0.013333777792593093
4388	0.013567118903963471
7831	0.014100470015667181
4948	0.014133804460148664
10598	0.01416713890463014
1179	0.014600486682889421
8759	0.01493383112770425
4509	0.014967165572185739
10767	0.014967165572185739
11057	0.014967165572185739
3535	0.015000500016667218
11754	0.015000500016667218
10462	0.015000500016667227
12403	0.01570052335077835
3676	0.016500550018333927
8591	0.0166005533517784
11933	0.01663388779625988
8142	0.016667222240741353
4524	0.016667222240741363
4712	0.016667222240741363
1279	0.016700556685222842
1445	0.016700556685222842
7712	0.016700556685222842
8222	0.01670055668522285
2654	0.016800560018667293
2708	0.016800560018667293
10750	0.01790059668655621
11561	0.018233941131371046
4064	0.01833394446481549
1593	0.01836727890929698
7829	0.01993399779992665
12453	0.01996733224440813
3745	0.019967332244408133
211	0.019967332244408137
6493	0.019967332244408137
7751	0.019967332244408137
8609	0.019967332244408137
8994	0.019967332244408137
9657	0.019967332244408137
12167	0.019967332244408137
13330	0.019967332244408137
2074	0.019967332244408144
898	0.020000666688889626
