1202	0.07136904563485448
736	0.07846928230941032
2253	0.07983599453315107
12072	0.09040301343378108
887	0.10003666788892965
3223	0.13627120904030135
286	0.13797126570885693
2878	0.14173805793526448
80	0.14173805793526453
3255	0.14510483682789427
7314	0.1517050568352279
10484	0.1567385579519317
9814	0.16177205906863562
4949	0.1631054368478949
702	0.171672389079636
13197	0.18173939131304379
6264	0.18500616687222904
92	0.19330644354811832
26	0.19500650021667387
4047	0.19503983466115538
8351	0.19507316910563685
7580	0.20227340911363711
2408	0.2080736024534151
7880	0.21464048801626723
1154	0.22004066802226743
3233	0.22167405580186011
121	0.22320744024800826
9746	0.22504083469448985
4238	0.2275075835861195
10363	0.2333744458148605
12058	0.23464115470515684
803	0.23497449914997168
1152	0.2398746624887496
4087	0.24584152805093507
4900	0.25164172139071295
2934	0.25164172139071306
5481	0.25170839027967595
3457	0.25184172805760197
269	0.2553085102836762
3104	0.2583419447314911
3101	0.2650088336277876
8777	0.26990899696656556
1335	0.2704090136337878
13113	0.2717090569685656
12135	0.2732424414147138
5231	0.2774425814193806
7273	0.27747591586386217
2937	0.27824260808693624
9824	0.27827594253141774
7631	0.2785092836427881
3956	0.28170939031301045
4680	0.28517617253908467
177	0.2883429447648256
8714	0.288376279209307
8699	0.28847628254275137
9008	0.28854295143171427
12537	0.2887096236541218
10553	0.29014300476682553
9843	0.29164305476849234
4729	0.2966432214407147
13138	0.29677655921864066
30	0.2973432447748259
7600	0.3017433914463815
7108	0.30264342144738154
4907	0.3043101436714557
7883	0.3050101670055668
12939	0.3050101670055668
4095	0.31167705590186345
4938	0.31171039034634485
2989	0.31331044368145605
9685	0.31457715257175245
207	0.31717723924130803
1176	0.3214440481349378
4979	0.3215773859128637
5337	0.3283776125870862
7576	0.3283776125870862
502	0.3285109503650122
8950	0.3314443814793826
10485	0.331811060368679
10400	0.33504450148338283
10530	0.33837794593153103
44	0.33841128037601254
12973	0.3400113337111237
2319	0.3436781226040868
8682	0.3440448014933831
1366	0.34494483149438315
10370	0.34511150371679056
13293	0.34521150705023496
13026	0.3498449948331611
3938	0.3517450581686056
7581	0.35174505816860563
12489	0.3533784459481983
82	0.3583452781759392
2058	0.36001200040001335
13155	0.36104536817893934
816	0.36164538817960595
8072	0.3618120604020134
4950	0.36337877929264306
6086	0.36497883262775427
1141	0.36664555485182837
