3974	0.11060368678955969
6193	0.13503783459448648
1869	0.13740458015267176
7004	0.14200473349111642
2962	0.14273809126970896
6311	0.14420480682689427
1535	0.1489382979432648
8871	0.15590519683989465
3730	0.1625720857361912
3685	0.16583886129537656
6323	0.16893896463215444
2890	0.17163905463515455
1439	0.174572485749525
1881	0.1758725290843028
8989	0.17597253241774727
1872	0.1780726024200807
7173	0.17927264242141402
2391	0.18160605353511788
12180	0.1822727424247475
5351	0.18233941131371045
5013	0.1825727524250808
3354	0.18330611020367343
6225	0.18423947464915497
6585	0.18567285576185874
1695	0.18890629687656257
8634	0.18890629687656257
683	0.18900630021000703
4423	0.18920630687689588
9709	0.1921064035467849
839	0.19220640688022939
7979	0.19227307576919234
5283	0.1934731157705257
5527	0.1956065202173406
12085	0.19597319910663685
5784	0.1989066302210074
3487	0.19897329910997036
1509	0.20130671022367416
7657	0.20227340911363717
6118	0.20390679689322977
7629	0.2039067968932298
6221	0.20397346578219278
1276	0.20560685356178543
4093	0.20594019800660018
2559	0.2073402446748225
12914	0.207373579119304
8933	0.20920697356578552
2739	0.209240308010267
9890	0.21010700356678558
43	0.210340344678156
4297	0.21177372579085973
428	0.2122404080136005
12920	0.21227374245808195
8700	0.2139404646821561
684	0.21480716023867466
9776	0.2156071869062302
1326	0.21560718690623026
8503	0.21597386579552652
12063	0.2161738724624154
9015	0.21617387246241543
10417	0.21634054468482283
3968	0.21737391246374882
8125	0.21834061135371183
6487	0.21894063135437852
4796	0.21967398913297115
3024	0.22070735691189708
6120	0.2212740424680823
5340	0.22137404580152675
10775	0.2238407946931565
9742	0.2240074669155639
34	0.22484082802760097
7626	0.2255408513617121
2892	0.22557418580619357
3648	0.22560752025067504
7649	0.22560752025067504
10716	0.22560752025067507
6008	0.22564085469515655
9042	0.2257075235841195
9536	0.227607586919564
6335	0.2289742991433048
12195	0.2289742991433048
1109	0.22907430247674926
7627	0.22907430247674926
1416	0.2292076402546752
6589	0.2297409913663789
12224	0.2303076769225641
5125	0.2304743491449715
1114	0.23057435247841598
4450	0.2309076969232308
7871	0.23137437914597153
8899	0.2322744091469716
10694	0.23227440914697162
1272	0.23244108136937902
7265	0.2324744158138605
12106	0.23407446914897168
306	0.2355411847061569
527	0.23560785359511988
5258	0.23567452248408283
8970	0.23567452248408285
13036	0.23580786026200878
4787	0.23584119470649023
