13044	0.0033334444481482725
6091	0.003433447781592721
11289	0.005800193339777994
181	0.006666888896296543
241	0.006666888896296543
249	0.006666888896296543
313	0.006666888896296543
317	0.006666888896296543
434	0.006666888896296543
473	0.006666888896296543
560	0.006666888896296543
756	0.006666888896296543
901	0.006666888896296543
1043	0.006666888896296543
1092	0.006666888896296543
1164	0.006666888896296543
1270	0.006666888896296543
1355	0.006666888896296543
1369	0.006666888896296543
1498	0.006666888896296543
1587	0.006666888896296543
1623	0.006666888896296543
1626	0.006666888896296543
1694	0.006666888896296543
1777	0.006666888896296543
1840	0.006666888896296543
1876	0.006666888896296543
1889	0.006666888896296543
1913	0.006666888896296543
1971	0.006666888896296543
1984	0.006666888896296543
2048	0.006666888896296543
2051	0.006666888896296543
2419	0.006666888896296543
2426	0.006666888896296543
2430	0.006666888896296543
2575	0.006666888896296543
2577	0.006666888896296543
2588	0.006666888896296543
2601	0.006666888896296543
2769	0.006666888896296543
2874	0.006666888896296543
2960	0.006666888896296543
3017	0.006666888896296543
3126	0.006666888896296543
3179	0.006666888896296543
3280	0.006666888896296543
3398	0.006666888896296543
3399	0.006666888896296543
3459	0.006666888896296543
3513	0.006666888896296543
3519	0.006666888896296543
3605	0.006666888896296543
3708	0.006666888896296543
3725	0.006666888896296543
3865	0.006666888896296543
3874	0.006666888896296543
3989	0.006666888896296543
4063	0.006666888896296543
4152	0.006666888896296543
4157	0.006666888896296543
4165	0.006666888896296543
4354	0.006666888896296543
4406	0.006666888896296543
4619	0.006666888896296543
4623	0.006666888896296543
4781	0.006666888896296543
4857	0.006666888896296543
4975	0.006666888896296543
5011	0.006666888896296543
5077	0.006666888896296543
5196	0.006666888896296543
5324	0.006666888896296543
5400	0.006666888896296543
5536	0.006666888896296543
5624	0.006666888896296543
5659	0.006666888896296543
5701	0.006666888896296543
5711	0.006666888896296543
5716	0.006666888896296543
5829	0.006666888896296543
5863	0.006666888896296543
5924	0.006666888896296543
6176	0.006666888896296543
6263	0.006666888896296543
6327	0.006666888896296543
6525	0.006666888896296543
6547	0.006666888896296543
6580	0.006666888896296543
6617	0.006666888896296543
6907	0.006666888896296543
6920	0.006666888896296543
6995	0.006666888896296543
7129	0.006666888896296543
7283	0.006666888896296543
7325	0.006666888896296543
7422	0.006666888896296543
7704	0.006666888896296543
7976	0.006666888896296543
7977	0.006666888896296543
