9123	0.07166905563518786
55	0.12660422014067135
1093	0.1433047768258942
8807	0.1433047768258942
8862	0.14657155238507952
8269	0.15997199906663556
6325	0.16517217240574686
688	0.1702723424114137
809	0.17530584352811762
2156	0.18107270242341414
11231	0.18330611020367346
3494	0.18333944464815494
4078	0.1834394479815994
4017	0.1865062168738958
527	0.18660622020734025
2851	0.18660622020734025
13047	0.18660622020734025
2455	0.18663955465182172
6996	0.18663955465182175
13109	0.18663955465182175
52	0.18667288909630322
11648	0.18667288909630322
13004	0.18833961132037735
6322	0.1884396146538218
7215	0.18993966465548853
1416	0.18997299909997
6118	0.18997299909997
6152	0.18997299909997
6172	0.18997299909997
10430	0.18997299909997
10804	0.18997299909997
138	0.19000633354445148
2126	0.19000633354445148
4656	0.19000633354445148
6309	0.19000633354445148
12397	0.19000633354445148
3937	0.1900063335444515
12275	0.1900063335444515
755	0.19003966798893296
5367	0.19003966798893296
12195	0.19003966798893296
10586	0.1901396713223774
335	0.19060635354511818
5112	0.19160638687956266
7621	0.19163972132404414
10380	0.19163972132404414
640	0.1916730557685256
1309	0.1916730557685256
2870	0.1916730557685256
5881	0.1916730557685256
12914	0.1916730557685256
1365	0.19180639354645154
12430	0.19217307243574785
4734	0.19247308243608122
11764	0.19247308243608122
2421	0.19300643354778493
1272	0.1931064368812294
5300	0.1931064368812294
8701	0.19317310577019234
1607	0.1932064402146738
1109	0.1932731091036368
5401	0.1932731091036368
7885	0.1932731091036368
8422	0.1932731091036368
10694	0.1932731091036368
115	0.19330644354811827
758	0.19330644354811827
4281	0.19330644354811827
7823	0.19330644354811827
8141	0.19330644354811827
8153	0.19330644354811827
8883	0.19330644354811827
8901	0.19330644354811827
9692	0.19330644354811827
9881	0.19330644354811827
11300	0.19330644354811827
2227	0.19333977799259977
4146	0.19333977799259977
7965	0.19333977799259977
12586	0.19333977799259977
998	0.19337311243708125
5463	0.19337311243708125
8302	0.19340644688156272
281	0.1934397813260442
12629	0.1934397813260442
2962	0.19343978132604422
1120	0.1934731157705257
3532	0.1934731157705257
3984	0.1934731157705257
8822	0.1936397879929331
13689	0.19413980466015535
83	0.19497316577219242
6310	0.19497316577219242
6120	0.1950065002166739
8356	0.1950065002166739
8781	0.1950065002166739
13031	0.1950065002166739
2165	0.1956065202173406
765	0.19567318910630355
11504	0.195773192439748
