8419	0.0
10974	0.0
7599	0.00010000333344444695
4026	0.00013333777792592927
4409	0.00013333777792592927
11170	0.0002000066668888939
13307	0.0002000066668888939
1180	0.000266675555851862
2364	0.000266675555851862
4750	0.000266675555851862
6075	0.000266675555851862
6221	0.000266675555851862
10934	0.000266675555851862
11325	0.000266675555851862
12098	0.000266675555851862
4177	0.0003000100003333443
5402	0.0003000100003333443
6300	0.0003000100003333443
6862	0.0003000100003333443
6948	0.0003000100003333443
9592	0.0003000100003333443
9070	0.0003333444448148301
1148	0.0003666788892963055
3720	0.0003666788892963055
6864	0.0003666788892963055
8923	0.0003666788892963055
9166	0.0003666788892963055
12630	0.0003666788892963055
13315	0.0003666788892963055
6168	0.0003666788892963124
126	0.0004666822227407559
198	0.0004666822227407559
1274	0.0004666822227407559
3322	0.0004666822227407559
5465	0.0004666822227407559
5718	0.0004666822227407559
8849	0.0004666822227407559
9679	0.0004666822227407559
13216	0.0004666822227407559
8204	0.0006000200006666852
3555	0.0006000200006666886
7407	0.0006000200006666886
1523	0.0006666888896296533
4236	0.0006666888896296533
5842	0.0007000233341111356
690	0.0010667022234074498
3651	0.0010667022234074498
8361	0.0010667022234074498
10642	0.0010667022234074498
3858	0.001100036667888932
7466	0.001100036667888932
11639	0.0019333977799259952
2802	0.0019667322244074775
3311	0.0019667322244074775
3775	0.0019667322244074775
4259	0.0019667322244074775
9975	0.0019667322244074775
10782	0.0019667322244074775
12120	0.0019667322244074775
13053	0.0019667322244074775
3527	0.0020334011133704474
1034	0.0021334044468148926
1395	0.0021334044468148926
3049	0.0021334044468148926
4622	0.0021334044468148926
9484	0.0021334044468148926
9836	0.0021334044468148926
10455	0.0021334044468148926
11157	0.0021334044468148926
12741	0.0021334044468148926
5336	0.0022000733357778607
13258	0.002266742224740822
8343	0.0023000766692223094
845	0.003033434447814929
2982	0.003033434447814929
4105	0.003033434447814929
4605	0.003033434447814929
4051	0.0030667688922964113
7878	0.0030667688922964113
7973	0.0030667688922964113
9977	0.0030667688922964113
1277	0.0032667755591853018
4441	0.0033334444481482733
7611	0.0034667822260742026
342	0.003600120004000132
1260	0.003600120004000132
2223	0.003600120004000132
4242	0.003600120004000132
7083	0.003600120004000132
11859	0.003600120004000132
6166	0.003633454448481614
6333	0.003633454448481614
12686	0.003633454448481614
7729	0.0036667888929631
216	0.0038001266708890258
10088	0.004033467782259411
6470	0.004166805560185338
607	0.0044668155605186825
1509	0.004533484449481652
2025	0.005300176672555751
