12430	0.0005000166672222426
13129	0.0008333611120370683
6511	0.001666722224074135
7772	0.001666722224074135
4089	0.003366778892629754
1190	0.0036667888929630965
6928	0.0043334777825927515
6959	0.004533484449481649
1629	0.005000166672222408
7807	0.005033501116703889
9843	0.005033501116703889
2441	0.005133504450148336
11504	0.005866862228740957
2529	0.006700223340778027
7367	0.006700223340778027
5360	0.007466915563852126
775	0.008300276675889198
2718	0.008300276675889198
5331	0.008300276675889198
8451	0.008300276675889198
5314	0.00833361112037068
7121	0.00833361112037068
7965	0.00833361112037068
13128	0.00833361112037068
2496	0.008366945564852162
2962	0.008366945564852162
4272	0.008366945564852162
13109	0.008366945564852162
5316	0.008433614453815127
5475	0.009533651121704057
12130	0.00990033001100037
6242	0.009933664455481852
12601	0.009933664455481852
761	0.009966998899963334
12615	0.009966998899963334
2559	0.010033667788926299
1571	0.011500383346111535
8929	0.011633721124037466
12281	0.011633721124037466
3734	0.011633721124037471
13495	0.011633721124037471
879	0.011667055568518948
4132	0.011667055568518948
6040	0.011667055568518948
9830	0.011667055568518948
2816	0.011667055568518953
9692	0.011700390013000432
8968	0.012533751125037499
11237	0.013233774459148633
1175	0.01333377779259309
846	0.013367112237074565
9011	0.013400446681556055
622	0.013667122237407913
4960	0.013733791126370878
13620	0.01396713223774126
6042	0.014167138904630155
10565	0.014700490016333874
8289	0.014833827794259808
2597	0.014933831127704252
4298	0.014933831127704255
12367	0.014967165572185737
9898	0.01500050001666722
8272	0.015000500016667221
694	0.015033834461148702
7631	0.015033834461148702
10716	0.015033834461148702
8707	0.015033834461148705
11395	0.015167172239074638
12137	0.01643388112937098
11511	0.016467215573852455
4297	0.016600553351778395
9715	0.016633887796259877
2396	0.016667222240741353
3665	0.016667222240741353
3947	0.016667222240741353
5318	0.016667222240741353
6207	0.016667222240741353
7586	0.016667222240741353
10663	0.016667222240741353
11274	0.016667222240741353
12127	0.016667222240741353
7974	0.016667222240741356
3834	0.016700556685222835
1426	0.01670055668522284
8789	0.01670055668522284
11431	0.016833894463148775
3026	0.016867228907630264
10733	0.017000566685556183
10108	0.0173672455748525
13132	0.017467248908296935
10661	0.01796726557551918
213	0.018200606686889557
1819	0.018200606686889557
2427	0.018200606686889557
3004	0.018200606686889557
4053	0.01820060668688956
10548	0.018200606686889564
2137	0.018267275575852525
7253	0.01826727557585253
758	0.018300610020334007
