2629	0.0
2837	0.003300110003666789
5832	0.004102785588951071
12350	0.006666888896296543
9804	0.00668896321070234
7404	0.006688963210702344
2930	0.00672240802675585
9126	0.0068556354331097535
12387	0.007955782472570712
7821	0.008350277227747055
6245	0.009855293950155082
6854	0.009855293950155082
11826	0.009855293950155082
1774	0.00998907321436913
1822	0.00998907321436913
3266	0.00998907321436913
3743	0.00998907321436913
4262	0.00998907321436913
4470	0.00998907321436913
8238	0.00998907321436913
8569	0.00998907321436913
13496	0.00998907321436913
4865	0.009989073214369133
7858	0.009989073214369133
228	0.010022407658850612
8525	0.010022407658850612
8106	0.01002251803042264
11732	0.010033334444481484
9587	0.010033444816053508
3304	0.010033444816053512
6381	0.010033444816053512
8258	0.010922437659850645
12578	0.010922548031422672
12730	0.011661314017044717
10554	0.0116946484615262
8791	0.01172246432740623
10001	0.012789276922385705
6564	0.013149554260504336
1631	0.013300110003666791
7345	0.013311370133742477
6272	0.013333444448148274
10938	0.013333444448148274
4031	0.013333554819720298
3581	0.013333554819720301
5731	0.013333554819720301
11989	0.013333554819720301
2561	0.013344814949795987
6015	0.013355852106998883
13319	0.013355852106998883
12716	0.013366889264201784
6514	0.013377816049832654
1734	0.013377926421404684
7679	0.013411594210330979
12260	0.014375752324408585
874	0.014972240434770348
571	0.01585284280936455
10834	0.01653388446281543
3842	0.016577701976910938
11755	0.016666888896296545
7507	0.01667803642507147
10953	0.01667803642507147
10176	0.016689296555147157
12594	0.01672263099962864
1904	0.016722741371200667
7034	0.016733668156831537
2286	0.01697903976955308
3016	0.017600363713350085
8526	0.018249942779586522
4090	0.018383722043800566
3030	0.01840039038090567
5787	0.019152952813031338
1860	0.019755623961155447
7666	0.019888738766208593
12683	0.019888738766208593
6159	0.019888961739081383
13347	0.0198894032253695
6076	0.02001170384609253
3712	0.02002251803042264
2136	0.020022518030422643
2503	0.02002274100329543
6139	0.02002274100329543
9764	0.02002274100329543
9921	0.02002274100329543
10607	0.02002274100329543
13413	0.02002274100329543
7230	0.020033444816053514
5449	0.020056075447776912
10016	0.020056075447776912
12970	0.020056075447776912
13487	0.020056075447776912
8329	0.020222747670184324
12972	0.02023356185451444
9829	0.02069130397992085
8621	0.020825193615706925
7728	0.021622129879245694
12190	0.021622129879245694
2656	0.021728203649151734
1469	0.022363655154168462
7349	0.023277481601672118
2182	0.0233335548197203
