6553	0.00040001333377778087
174	0.00200006666888896
4556	0.0020334011133704352
2489	0.003633454448481614
3937	0.003633454448481614
3951	0.003633454448481614
5672	0.003633454448481614
5951	0.003633454448481614
8161	0.003633454448481614
12275	0.003633454448481614
6281	0.0036667888929630896
9589	0.0036667888929630896
10568	0.0036667888929630896
12224	0.0036667888929630896
13035	0.0036667888929630896
819	0.0036667888929630965
12997	0.0036667888929630965
1301	0.003700123337444572
9076	0.003733457781926054
4287	0.003800126670889019
8136	0.0038667955598519835
247	0.004066802226740905
5005	0.004166805560185338
12233	0.004633487782926098
5408	0.0053668455615187086
10713	0.006800226674222469
3104	0.006966898896629881
2298	0.00700023334111137
316	0.007033567785592849
4947	0.007033567785592849
7690	0.0071669055635187814
1426	0.007966932231074371
1708	0.008733624454148457
1362	0.010067002233407778
4095	0.010333677789259636
6971	0.01033367778925965
2058	0.010367012233741122
8707	0.010367012233741122
12461	0.010367012233741122
13379	0.010367012233741122
2021	0.010400346678222597
7933	0.010400346678222597
11312	0.010933697789926339
2406	0.013033767792259739
9779	0.013633787792926427
9950	0.013667122237407903
740	0.01366712223740791
12062	0.013700456681889385
144	0.013733791126370867
2104	0.013733791126370867
4134	0.013800460015333853
2435	0.013867128904296797
8052	0.014533817793926485
13063	0.015067168905630179
10516	0.01630054335144504
2	0.016300543351445047
4551	0.016300543351445047
5056	0.016300543351445047
4422	0.016533884462815424
370	0.016967232241074708
4142	0.016967232241074708
3936	0.01700056668555619
468	0.017033901130037665
9593	0.017033901130037665
12267	0.017033901130037672
4542	0.01706723557451916
6256	0.017967265575519177
10388	0.017967265575519177
11233	0.018033934464482156
3484	0.01866728890963032
11271	0.01866728890963032
12360	0.01866728890963032
12462	0.01946731557718593
13122	0.01946731557718593
7197	0.0195006500216674
4972	0.01960065335511183
5980	0.01960065335511183
7381	0.01960065335511183
11338	0.01960065335511183
11743	0.01960065335511183
12614	0.01960065335511183
13278	0.01960065335511183
175	0.019633987799593328
2549	0.019633987799593335
5201	0.019633987799593335
5294	0.019633987799593335
6019	0.019633987799593335
7164	0.019633987799593335
9733	0.019633987799593335
9742	0.019633987799593335
10348	0.019633987799593335
12057	0.019633987799593335
77	0.019667322244074796
6943	0.019667322244074796
12265	0.019667322244074817
3107	0.019800660022000722
12292	0.020000666688889626
6259	0.020200673355778534
1525	0.020300676689222967
6342	0.020300676689222967
