4628	0.00046668222274075244
5169	0.0005000166672222417
9218	0.0005000166672222417
182	0.000533351111703731
1257	0.000533351111703731
5191	0.000533351111703731
5305	0.000533351111703731
11543	0.000533351111703731
13164	0.000533351111703731
13082	0.0010000333344444834
5414	0.001166705556851902
13131	0.0014667155571852358
12913	0.0015667188906296897
9570	0.0019667322244074775
9123	0.0021667388912963714
39	0.00223340778025935
9138	0.002666755558518613
4931	0.0028000933364445424
9690	0.0028000933364445424
5080	0.0028334277809260316
7253	0.0028334277809260316
3639	0.00310010333677789
3382	0.003833461115370515
5422	0.003833461115370515
10373	0.003833461115370515
13167	0.003833461115370515
79	0.0038667955598520043
10379	0.0038667955598520043
11230	0.0040001333377779336
12472	0.004466815560518686
7002	0.004500150005000161
13091	0.004500150005000161
10141	0.005133504450148346
966	0.005300176672555751
5340	0.00533351111703724
1190	0.005500183339444645
502	0.0060002000066668865
160	0.006133537784592816
178	0.006133537784592816
270	0.006133537784592816
428	0.006133537784592816
453	0.006133537784592816
606	0.006133537784592816
879	0.006133537784592816
1367	0.006133537784592816
1398	0.006133537784592816
1606	0.006133537784592816
1629	0.006133537784592816
2077	0.006133537784592816
2080	0.006133537784592816
2220	0.006133537784592816
2244	0.006133537784592816
2297	0.006133537784592816
2376	0.006133537784592816
3695	0.006133537784592816
3918	0.006133537784592816
3930	0.006133537784592816
4126	0.006133537784592816
4275	0.006133537784592816
4514	0.006133537784592816
4760	0.006133537784592816
4994	0.006133537784592816
5014	0.006133537784592816
5200	0.006133537784592816
5244	0.006133537784592816
6103	0.006133537784592816
6165	0.006133537784592816
6343	0.006133537784592816
6537	0.006133537784592816
7022	0.006133537784592816
7055	0.006133537784592816
7160	0.006133537784592816
7191	0.006133537784592816
7408	0.006133537784592816
7613	0.006133537784592816
7620	0.006133537784592816
7626	0.006133537784592816
7631	0.006133537784592816
7772	0.006133537784592816
7945	0.006133537784592816
8118	0.006133537784592816
8714	0.006133537784592816
8936	0.006133537784592816
9015	0.006133537784592816
9416	0.006133537784592816
9543	0.006133537784592816
9617	0.006133537784592816
9766	0.006133537784592816
9890	0.006133537784592816
9994	0.006133537784592816
10386	0.006133537784592816
10400	0.006133537784592816
10432	0.006133537784592816
10596	0.006133537784592816
10685	0.006133537784592816
10705	0.006133537784592816
11321	0.006133537784592816
11514	0.006133537784592816
11521	0.006133537784592816
11781	0.006133537784592816
