1504	0.00020000666688889564
7964	0.00020000666688889564
10805	0.00020000666688889564
11891	0.00020000666688889564
3264	0.0026667555585186166
3343	0.0031334377812593747
1099	0.003133437781259376
8810	0.003133437781259376
11921	0.003133437781259376
13205	0.003344371233779141
1884	0.0034443745672235898
12888	0.0034443745672235898
678	0.003477709011705072
699	0.003477709011705072
928	0.003477709011705072
1014	0.003477709011705072
1070	0.003477709011705072
1544	0.003477709011705072
1790	0.003477709011705072
1853	0.003477709011705072
2707	0.003477709011705072
2786	0.003477709011705072
2795	0.003477709011705072
3051	0.003477709011705072
3356	0.003477709011705072
4374	0.003477709011705072
4555	0.003477709011705072
4574	0.003477709011705072
4708	0.003477709011705072
4783	0.003477709011705072
4817	0.003477709011705072
5195	0.003477709011705072
5407	0.003477709011705072
5571	0.003477709011705072
5636	0.003477709011705072
5685	0.003477709011705072
5769	0.003477709011705072
5788	0.003477709011705072
6164	0.003477709011705072
6434	0.003477709011705072
6672	0.003477709011705072
6684	0.003477709011705072
6685	0.003477709011705072
6739	0.003477709011705072
6880	0.003477709011705072
7109	0.003477709011705072
7128	0.003477709011705072
7165	0.003477709011705072
7178	0.003477709011705072
7473	0.003477709011705072
7825	0.003477709011705072
8306	0.003477709011705072
8529	0.003477709011705072
8662	0.003477709011705072
9458	0.003477709011705072
9501	0.003477709011705072
9601	0.003477709011705072
9888	0.003477709011705072
9894	0.003477709011705072
9902	0.003477709011705072
9903	0.003477709011705072
10121	0.003477709011705072
10274	0.003477709011705072
10289	0.003477709011705072
10408	0.003477709011705072
10595	0.003477709011705072
10707	0.003477709011705072
10756	0.003477709011705072
10810	0.003477709011705072
10932	0.003477709011705072
11073	0.003477709011705072
11924	0.003477709011705072
12854	0.003477709011705072
13592	0.003477709011705072
8587	0.003477709011705073
63	0.0035110434561865544
381	0.0035110434561865544
483	0.0035110434561865544
569	0.0035110434561865544
586	0.0035110434561865544
601	0.0035110434561865544
976	0.0035110434561865544
1036	0.0035110434561865544
1381	0.0035110434561865544
1385	0.0035110434561865544
1396	0.0035110434561865544
1443	0.0035110434561865544
1451	0.0035110434561865544
1460	0.0035110434561865544
1473	0.0035110434561865544
1757	0.0035110434561865544
1768	0.0035110434561865544
2689	0.0035110434561865544
2959	0.0035110434561865544
3373	0.0035110434561865544
3737	0.0035110434561865544
3932	0.0035110434561865544
4010	0.0035110434561865544
4511	0.0035110434561865544
4973	0.0035110434561865544
