1525	0.018467282242741405
1151	0.02513417113903796
4134	0.0280009333644455
5980	0.03496783226107534
3248	0.04346811560385344
6971	0.048234941164705496
2857	0.04846828227607586
2597	0.051535051168372245
11420	0.051635054501816734
3967	0.05173505783526119
4179	0.05323510783692791
13122	0.0548018267275576
7314	0.05510183672789096
2244	0.05830194339811328
4680	0.061602053401780085
3956	0.06176872562418745
9581	0.06840228007600255
7408	0.06843561452048402
3936	0.07153571785726191
10972	0.07403580119337311
10427	0.07490249674989169
7713	0.07503583452781762
4947	0.07830261008700289
20	0.07990266342211405
9187	0.08156938564618821
79	0.08160272009066971
1166	0.08186939564652156
12939	0.08196939897996598
9748	0.08510283676122538
2230	0.08826960898696623
12550	0.08826960898696623
178	0.09076969232307744
10424	0.09163638787959599
3301	0.0918030601020034
7706	0.09320310677022567
5481	0.09466982232741089
1235	0.0949031634387813
9945	0.09843661455381846
6996	0.10160338677955931
5172	0.10163672122404081
6275	0.10180339344644819
13057	0.1033034434481149
12275	0.10493683122770758
9593	0.10497016567218907
8714	0.1082369412313744
702	0.10843694789826328
9589	0.11137037901263375
7934	0.11187039567985597
8796	0.11317043901463383
286	0.11467048901630052
6074	0.11490383012767094
5629	0.11510383679455981
9685	0.11807060235341178
2009	0.11830394346478212
723	0.11990399679989336
694	0.12157071902396749
9575	0.1217373912463749
9708	0.12327077569252305
13139	0.12483749458315278
2858	0.12487082902763427
9814	0.1249374979165972
720	0.12507083569452312
3223	0.12647088236274542
5631	0.1265708856961899
4909	0.12997099903330112
7055	0.12997099903330112
1338	0.13007100236674557
11226	0.13140438014600486
2647	0.13153771792393082
370	0.13160438681289377
1256	0.13180439347978268
8444	0.13490449681656058
9011	0.13493783126104206
5294	0.13497116570552353
6259	0.135071169038968
13394	0.1352378412613754
8052	0.13650455015167173
13167	0.1371045701523384
9746	0.1383046101536718
2264	0.13843794793159772
11630	0.14163805460182005
9824	0.1417380579352645
12417	0.14177139237974595
11619	0.141771392379746
13039	0.14517150571685722
6407	0.14817160572019067
3422	0.14827160905363512
3161	0.14830494349811663
8725	0.1484382812760425
9532	0.14847161572052403
3024	0.14993833127770928
3538	0.15150505016833893
3648	0.1516050535017834
9394	0.15160505350178344
279	0.1548718290609687
2892	0.15493849794993167
10880	0.1549384979499317
273	0.15507183572785763
5414	0.1566052201740058
6314	0.15713857128570952
