1565	0.00013333777792593274
3005	0.00020000666688889737
4522	0.00020000666688889737
788	0.0003000100003333443
6280	0.0003000100003333443
7013	0.00033334444481482664
7073	0.00033334444481482664
11603	0.00033334444481482664
13204	0.00033334444481482664
5119	0.0004666822227407594
9369	0.0004666822227407594
12205	0.0004666822227407594
1086	0.0005000166672222417
3256	0.0005000166672222417
5542	0.0005000166672222417
5833	0.0005000166672222417
6277	0.0005000166672222417
7430	0.0005000166672222417
9446	0.0005000166672222417
9859	0.0005000166672222417
10481	0.0005000166672222417
13008	0.0005000166672222417
13117	0.0005000166672222417
13599	0.0005000166672222417
7075	0.0005333511117037205
881	0.0010000333344444834
3560	0.0010000333344444834
5506	0.0010000333344444834
8150	0.0010000333344444834
8502	0.0010000333344444834
9696	0.0010000333344444834
9763	0.0010000333344444834
13396	0.0010000333344444834
2491	0.001066702223407448
38	0.0011333711123704127
291	0.0011333711123704127
423	0.0011333711123704127
745	0.0011333711123704127
780	0.0011333711123704127
949	0.0011333711123704127
977	0.0011333711123704127
1097	0.0011333711123704127
1184	0.0011333711123704127
1329	0.0011333711123704127
1846	0.0011333711123704127
1877	0.0011333711123704127
1914	0.0011333711123704127
2074	0.0011333711123704127
2229	0.0011333711123704127
2342	0.0011333711123704127
2668	0.0011333711123704127
3015	0.0011333711123704127
3582	0.0011333711123704127
4064	0.0011333711123704127
4289	0.0011333711123704127
4560	0.0011333711123704127
4663	0.0011333711123704127
4804	0.0011333711123704127
5203	0.0011333711123704127
5496	0.0011333711123704127
5605	0.0011333711123704127
5637	0.0011333711123704127
6146	0.0011333711123704127
6782	0.0011333711123704127
7009	0.0011333711123704127
7182	0.0011333711123704127
7294	0.0011333711123704127
8728	0.0011333711123704127
8748	0.0011333711123704127
9268	0.0011333711123704127
9419	0.0011333711123704127
9568	0.0011333711123704127
9603	0.0011333711123704127
9955	0.0011333711123704127
10096	0.0011333711123704127
10222	0.0011333711123704127
10301	0.0011333711123704127
10371	0.0011333711123704127
10597	0.0011333711123704127
11010	0.0011333711123704127
11087	0.0011333711123704127
11493	0.0011333711123704127
11739	0.0011333711123704127
11776	0.0011333711123704127
12258	0.0011333711123704127
12499	0.0011333711123704127
12935	0.0011333711123704127
13739	0.0011333711123704127
898	0.001166705556851895
1634	0.001166705556851895
2378	0.001166705556851895
2929	0.001166705556851895
3508	0.001166705556851895
3756	0.001166705556851895
3998	0.001166705556851895
4379	0.001166705556851895
4767	0.001166705556851895
5093	0.001166705556851895
6852	0.001166705556851895
7301	0.001166705556851895
