397	0.0
3096	0.0
3946	0.0
11460	5.063034783048953e-05
2881	0.0010632373044402836
11475	0.0010632373044402836
13472	0.002632778087185459
6925	0.003847906435117208
9883	0.004556731304744061
8961	0.004911143739557495
6109	0.0050124044352184705
7156	0.0060250113918282645
12464	0.007695812870234416
2659	0.008100855652878332
811	0.009315984000810087
8895	0.009315984000810087
7972	0.009569135739962535
1460	0.010126069566097918
1507	0.010126069566097918
2200	0.010126069566097918
2484	0.010126069566097918
7927	0.010126069566097918
9287	0.010126069566097918
11479	0.010126069566097918
12231	0.010126069566097918
12992	0.010126069566097918
13403	0.010126069566097918
10410	0.01012606956609792
7815	0.011442458609690648
2257	0.012100653131487013
7869	0.013872715305554152
6044	0.01518910434914688
12609	0.01518910434914688
3980	0.01640423269707863
13202	0.01640423269707863
6909	0.01761936104501038
3590	0.017720621740671363
2051	0.018935750088603112
7777	0.018935750088603112
2864	0.019998987393043392
7417	0.019998987393043392
9681	0.019998987393043392
3413	0.02015087843653486
3132	0.02025213913219584
4241	0.02025213913219584
4431	0.02025213913219584
4641	0.02025213913219584
5778	0.02025213913219584
6558	0.02025213913219584
7029	0.02025213913219584
7881	0.02025213913219584
12625	0.02025213913219584
13142	0.02025213913219584
1475	0.02035339982785682
2838	0.02035339982785682
7938	0.02035339982785682
9701	0.02035339982785682
4280	0.02278365652372032
0	0.02526454356741431
1	0.02526454356741431
2	0.02526454356741431
3	0.02526454356741431
4	0.02526454356741431
5	0.02526454356741431
6	0.02526454356741431
7	0.02526454356741431
8	0.02526454356741431
9	0.02526454356741431
10	0.02526454356741431
11	0.02526454356741431
12	0.02526454356741431
13	0.02526454356741431
14	0.02526454356741431
15	0.02526454356741431
16	0.02526454356741431
17	0.02526454356741431
18	0.02526454356741431
19	0.02526454356741431
20	0.02526454356741431
21	0.02526454356741431
22	0.02526454356741431
23	0.02526454356741431
24	0.02526454356741431
25	0.02526454356741431
26	0.02526454356741431
27	0.02526454356741431
28	0.02526454356741431
29	0.02526454356741431
30	0.02526454356741431
31	0.02526454356741431
32	0.02526454356741431
33	0.02526454356741431
34	0.02526454356741431
35	0.02526454356741431
36	0.02526454356741431
37	0.02526454356741431
38	0.02526454356741431
39	0.02526454356741431
40	0.02526454356741431
41	0.02526454356741431
