1115	0.0
2422	0.0
9619	0.0
9677	0.0
10103	0.0
11741	0.0
13641	3.333444448148232e-05
4458	0.00013333777792593274
11622	0.00013333777792593274
104	0.0002000066668888939
11238	0.0017000566685556155
1685	0.0024667488916297227
2304	0.00333344444814827
10721	0.00333344444814827
11246	0.00333344444814827
4647	0.003366778892629752
12870	0.003366778892629752
8870	0.004266808893629785
5221	0.006666888896296545
3721	0.008533617787259574
6480	0.008533617787259574
10739	0.009166972232407748
233	0.010000333344444817
2457	0.010000333344444817
7728	0.010000333344444817
12032	0.010033667788926295
12702	0.011700390013000432
9235	0.013167105570185668
399	0.013333777792593088
490	0.013333777792593088
869	0.013333777792593088
1752	0.013333777792593088
2181	0.013333777792593088
2209	0.013333777792593088
11298	0.013333777792593088
12594	0.013333777792593088
12940	0.013333777792593088
13401	0.013333777792593088
12396	0.016533884462815424
13545	0.016533884462815424
0	0.016633887796259877
1	0.016633887796259877
2	0.016633887796259877
3	0.016633887796259877
4	0.016633887796259877
5	0.016633887796259877
6	0.016633887796259877
7	0.016633887796259877
8	0.016633887796259877
9	0.016633887796259877
10	0.016633887796259877
11	0.016633887796259877
12	0.016633887796259877
13	0.016633887796259877
14	0.016633887796259877
15	0.016633887796259877
16	0.016633887796259877
17	0.016633887796259877
18	0.016633887796259877
19	0.016633887796259877
20	0.016633887796259877
21	0.016633887796259877
22	0.016633887796259877
23	0.016633887796259877
25	0.016633887796259877
26	0.016633887796259877
27	0.016633887796259877
28	0.016633887796259877
29	0.016633887796259877
30	0.016633887796259877
31	0.016633887796259877
32	0.016633887796259877
33	0.016633887796259877
34	0.016633887796259877
35	0.016633887796259877
37	0.016633887796259877
38	0.016633887796259877
39	0.016633887796259877
40	0.016633887796259877
41	0.016633887796259877
42	0.016633887796259877
43	0.016633887796259877
44	0.016633887796259877
45	0.016633887796259877
46	0.016633887796259877
48	0.016633887796259877
49	0.016633887796259877
51	0.016633887796259877
52	0.016633887796259877
53	0.016633887796259877
54	0.016633887796259877
55	0.016633887796259877
56	0.016633887796259877
57	0.016633887796259877
58	0.016633887796259877
59	0.016633887796259877
60	0.016633887796259877
61	0.016633887796259877
62	0.016633887796259877
63	0.016633887796259877
