7208	0.00016667222240741505
10246	0.00016667222240741505
9533	0.0002000066668888939
9578	0.00020000666688889737
6102	0.00023334111137037622
6144	0.00023334111137037622
13066	0.0012333744458148596
12414	0.0018667288909630306
5241	0.003133437781259376
7625	0.003133437781259376
8333	0.003133437781259376
1180	0.0031667722257408583
3247	0.0031667722257408583
4244	0.0031667722257408583
7290	0.0031667722257408583
7455	0.0031667722257408583
10916	0.0031667722257408583
12356	0.0031667722257408583
5184	0.0033334444481482733
1273	0.003500116670555685
2244	0.003500116670555685
5347	0.003500116670555685
6943	0.003500116670555685
7274	0.003500116670555685
7663	0.003500116670555685
9699	0.003500116670555685
9704	0.003500116670555685
10584	0.003500116670555685
10736	0.003500116670555685
10919	0.003500116670555685
13041	0.003500116670555685
7122	0.0035384646400307
10682	0.0048051735303270456
174	0.005200173339111304
9337	0.005200173339111304
10388	0.005200173339111304
12060	0.005666855561852063
734	0.006466882229407646
1378	0.006466882229407646
4226	0.006466882229407646
5244	0.006466882229407646
5265	0.006466882229407646
10613	0.006466882229407646
11521	0.006466882229407646
4338	0.006500216673889128
4342	0.006500216673889128
4687	0.006500216673889128
5386	0.006500216673889128
9561	0.006500216673889128
11352	0.006500216673889128
13085	0.006500216673889128
1234	0.006633554451815061
4053	0.006633554451815061
7037	0.006633554451815061
1953	0.006833561118703958
4924	0.006833561118703958
12267	0.006833561118703958
3003	0.0070243422348844585
3920	0.008133604453481783
809	0.008433614453815127
7668	0.00896696556551885
9416	0.00980032667755592
1188	0.009833661122037402
1206	0.009833661122037402
11648	0.009833661122037402
2274	0.009966998899963333
4692	0.009966998899963333
7085	0.009966998899963333
11242	0.009966998899963333
9711	0.010033667788926295
82	0.010167005566852232
712	0.010167005566852232
1303	0.010167005566852232
2301	0.010167005566852232
2903	0.010167005566852232
3250	0.010167005566852232
3619	0.010167005566852232
3812	0.010167005566852232
3937	0.010167005566852232
4111	0.010167005566852232
5236	0.010167005566852232
5340	0.010167005566852232
5951	0.010167005566852232
6199	0.010167005566852232
6219	0.010167005566852232
7103	0.010167005566852232
7164	0.010167005566852232
7766	0.010167005566852232
7770	0.010167005566852232
8161	0.010167005566852232
8700	0.010167005566852232
8780	0.010167005566852232
8946	0.010167005566852232
9023	0.010167005566852232
9581	0.010167005566852232
9608	0.010167005566852232
9844	0.010167005566852232
9890	0.010167005566852232
9936	0.010167005566852232
10353	0.010167005566852232
