10418	0.0
12430	0.0
13257	3.333444448148232e-05
5969	6.66688889629655e-05
13408	6.66688889629655e-05
1439	0.000133337777925931
10848	0.00013333777792593187
1536	0.00016667222240741332
4126	0.00016667222240741332
4474	0.0002000066668888965
6831	0.0002000066668888965
8498	0.0002000066668888965
8649	0.0002000066668888965
9094	0.0002000066668888965
4671	0.00023334111137037882
5781	0.00023334111137037882
5895	0.00023334111137037882
6701	0.00023334111137037882
7637	0.00023334111137037882
2302	0.000266675555851862
1337	0.00030001000033334346
2273	0.00030001000033334346
2713	0.00030001000033334346
4734	0.00030001000033334346
5360	0.00030001000033334346
5625	0.00030001000033334346
6706	0.00030001000033334346
8291	0.00030001000033334346
8507	0.00030001000033334346
8576	0.00030001000033334346
9247	0.00030001000033334346
9299	0.00030001000033334346
9543	0.00030001000033334346
9573	0.00030001000033334346
9686	0.00030001000033334346
10320	0.00030001000033334346
10330	0.00030001000033334346
10691	0.00030001000033334346
10931	0.00030001000033334346
11093	0.00030001000033334346
12901	0.00030001000033334346
13129	0.00030001000033334346
4837	0.0003333444448148258
5426	0.0003333444448148258
6042	0.0003333444448148258
3026	0.0003333444448148275
12197	0.0003333444448148275
4810	0.00036667888929630896
5944	0.0004333477782592762
10276	0.0004333477782592762
122	0.0005000166672222426
182	0.0005000166672222426
220	0.0005000166672222426
246	0.0005000166672222426
426	0.0005000166672222426
457	0.0005000166672222426
513	0.0005000166672222426
576	0.0005000166672222426
587	0.0005000166672222426
606	0.0005000166672222426
640	0.0005000166672222426
646	0.0005000166672222426
673	0.0005000166672222426
792	0.0005000166672222426
893	0.0005000166672222426
921	0.0005000166672222426
955	0.0005000166672222426
1077	0.0005000166672222426
1119	0.0005000166672222426
1309	0.0005000166672222426
1350	0.0005000166672222426
1407	0.0005000166672222426
1555	0.0005000166672222426
1780	0.0005000166672222426
1781	0.0005000166672222426
1833	0.0005000166672222426
1856	0.0005000166672222426
1863	0.0005000166672222426
1871	0.0005000166672222426
1923	0.0005000166672222426
1932	0.0005000166672222426
1939	0.0005000166672222426
1946	0.0005000166672222426
2078	0.0005000166672222426
2110	0.0005000166672222426
2135	0.0005000166672222426
2148	0.0005000166672222426
2150	0.0005000166672222426
2258	0.0005000166672222426
2285	0.0005000166672222426
2324	0.0005000166672222426
2364	0.0005000166672222426
2394	0.0005000166672222426
2396	0.0005000166672222426
2415	0.0005000166672222426
2440	0.0005000166672222426
2487	0.0005000166672222426
2535	0.0005000166672222426
2615	0.0005000166672222426
2622	0.0005000166672222426
