2906	0.3727457581919398
11631	0.3822460748691622
10966	0.4545151505050168
4057	0.458881962732091
4115	0.4993166438881296
7001	0.5112170405680188
5296	0.529384312810427
693	0.5439181306043535
3941	0.5547518250608353
4045	0.5812527084236141
299	0.6059535317843927
695	0.6220874029134305
6080	0.6260875362512084
12271	0.6343878129270976
4003	0.6377545918197272
7954	0.638287942931431
1122	0.6495216507216908
7116	0.6662222074069135
3976	0.6696223207440248
6095	0.6820560685356178
13130	0.6856228540951366
12981	0.6874895829860994
4921	0.6894896496549885
5953	0.7027567585586185
12144	0.7088236274542484
7735	0.7194573152438415
727	0.7324577485916197
12189	0.7378245941531384
5087	0.7439247974932498
5103	0.7644921497383247
355	0.7694256475215839
9013	0.7768925630854362
9565	0.7773592453081768
4916	0.7805926864228808
13175	0.7848928297609921
7595	0.7861595386512883
7605	0.7902930097669922
7093	0.7928930964365478
3028	0.794693156438548
2065	0.7959265308843628
2945	0.7992933097769925
1283	0.7994933164438814
8925	0.8011600386679556
46	0.8111937064568818
12429	0.813760458681956
1101	0.8215273842461415
2320	0.8228274275809193
9769	0.8236274542484749
10473	0.8257608586952896
13183	0.8272609086969566
12993	0.8294943164772158
10375	0.8303276775892529
1248	0.8311277042568086
13264	0.8371279042634754
10391	0.8506950231674388
10533	0.8532284409480315
7088	0.8587619587319576
9664	0.862795426514217
5000	0.8635287842928097
8999	0.8639287976265875
1161	0.8664288809626988
6105	0.8695289842994767
4917	0.872795759858662
7884	0.8740291343044766
5984	0.8772959098636619
13437	0.8822960765358845
5162	0.8828627620920697
1177	0.8828627620920698
6117	0.8838294609820327
5919	0.8843628120937362
8693	0.8894629820994033
7628	0.8972965765525517
12451	0.8985966198873295
1348	0.9078969298976632
2060	0.9101970065668855
12937	0.9128637621254041
2024	0.9148971632387746
6290	0.9161305376845894
11091	0.9163972132404414
1170	0.9194639821327377
2872	0.9261308710290344
7098	0.9272309076969233
8124	0.9293976465882196
438	0.929430981032701
2216	0.9294976499216641
2879	0.9325644188139605
9597	0.9338644621487382
11612	0.9371979065968865
2068	0.9381979399313309
9562	0.9394979832661089
1	0.9417980599353311
1962	0.9494316477215907
10815	0.9494316477215907
8671	0.953398446614887
12935	0.9547318243941464
8680	0.9555985199506649
12424	0.9589986332877762
9524	0.9593653121770727
343	0.9611320377345912
823	0.9634654488482949
