12547	0.0002333411113703797
167	0.0003000100003333443
723	0.0003000100003333443
937	0.0003000100003333443
1426	0.0003000100003333443
4334	0.0003000100003333443
4918	0.0003000100003333443
5408	0.0003000100003333443
7943	0.0003000100003333443
8578	0.0003000100003333443
8762	0.0003000100003333443
8789	0.0003000100003333443
9422	0.0003000100003333443
12096	0.0003000100003333443
12414	0.0003000100003333443
12591	0.0003000100003333443
13733	0.0003000100003333443
8052	0.00033334444481482664
10342	0.0003333444448148301
3318	0.0006666888896296568
4006	0.000800026667555586
7059	0.0009333644454815188
8352	0.0011333711123704127
1272	0.0011667055568518984
1432	0.0011667055568518984
2911	0.0011667055568518984
3326	0.0011667055568518984
4422	0.0011667055568518984
5184	0.0011667055568518984
5300	0.0011667055568518984
6257	0.0011667055568518984
6597	0.0011667055568518984
8418	0.0011667055568518984
9781	0.0011667055568518984
9993	0.0011667055568518984
12229	0.0011667055568518984
7623	0.0012000400013333808
7713	0.0012000400013333808
10734	0.0012000400013333808
11543	0.0012000400013333808
13237	0.0012000400013333808
79	0.00133337777925931
117	0.00133337777925931
293	0.00133337777925931
424	0.00133337777925931
475	0.00133337777925931
1104	0.00133337777925931
1109	0.00133337777925931
1207	0.00133337777925931
1273	0.00133337777925931
1284	0.00133337777925931
1308	0.00133337777925931
1357	0.00133337777925931
1524	0.00133337777925931
1576	0.00133337777925931
1577	0.00133337777925931
1617	0.00133337777925931
1618	0.00133337777925931
1636	0.00133337777925931
1754	0.00133337777925931
1812	0.00133337777925931
2244	0.00133337777925931
2407	0.00133337777925931
2633	0.00133337777925931
2688	0.00133337777925931
2705	0.00133337777925931
2890	0.00133337777925931
3007	0.00133337777925931
3349	0.00133337777925931
3573	0.00133337777925931
3648	0.00133337777925931
3784	0.00133337777925931
3843	0.00133337777925931
4166	0.00133337777925931
4353	0.00133337777925931
4450	0.00133337777925931
4682	0.00133337777925931
4721	0.00133337777925931
4929	0.00133337777925931
4994	0.00133337777925931
5086	0.00133337777925931
5347	0.00133337777925931
5359	0.00133337777925931
5370	0.00133337777925931
5401	0.00133337777925931
6097	0.00133337777925931
6142	0.00133337777925931
6202	0.00133337777925931
6297	0.00133337777925931
6734	0.00133337777925931
6752	0.00133337777925931
6917	0.00133337777925931
6943	0.00133337777925931
7122	0.00133337777925931
7130	0.00133337777925931
7265	0.00133337777925931
7274	0.00133337777925931
7282	0.00133337777925931
7285	0.00133337777925931
7539	0.00133337777925931
