8742	0.0
11085	0.0
33	0.001150439084250489
1698	0.001150439084250489
4118	0.001150439084250489
4134	0.001150439084250489
4615	0.001150439084250489
4756	0.001150439084250489
6389	0.001150439084250489
7671	0.001150439084250489
9074	0.001150439084250489
12161	0.001150439084250489
8762	0.0024504824190283167
81	0.0026460098937761247
158	0.0026460098937761247
260	0.0026460098937761247
273	0.0026460098937761247
300	0.0026460098937761247
479	0.0026460098937761247
620	0.0026460098937761247
751	0.0026460098937761247
812	0.0026460098937761247
1300	0.0026460098937761247
1439	0.0026460098937761247
2640	0.0026460098937761247
3141	0.0026460098937761247
3441	0.0026460098937761247
3487	0.0026460098937761247
3684	0.0026460098937761247
3930	0.0026460098937761247
3974	0.0026460098937761247
4141	0.0026460098937761247
4450	0.0026460098937761247
4494	0.0026460098937761247
4832	0.0026460098937761247
5014	0.0026460098937761247
5117	0.0026460098937761247
5372	0.0026460098937761247
5424	0.0026460098937761247
5905	0.0026460098937761247
5949	0.0026460098937761247
6173	0.0026460098937761247
6283	0.0026460098937761247
6897	0.0026460098937761247
7036	0.0026460098937761247
7211	0.0026460098937761247
7302	0.0026460098937761247
7517	0.0026460098937761247
7692	0.0026460098937761247
7713	0.0026460098937761247
8019	0.0026460098937761247
9021	0.0026460098937761247
9508	0.0026460098937761247
9563	0.0026460098937761247
9747	0.0026460098937761247
9950	0.0026460098937761247
10409	0.0026460098937761247
10438	0.0026460098937761247
10514	0.0026460098937761247
10766	0.0026460098937761247
10947	0.0026460098937761247
11058	0.0026460098937761247
11311	0.0026460098937761247
11380	0.0026460098937761247
11396	0.0026460098937761247
11400	0.0026460098937761247
11642	0.0026460098937761247
12062	0.0026460098937761247
12184	0.0026460098937761247
12213	0.0026460098937761247
12323	0.0026460098937761247
12572	0.0026460098937761247
12976	0.0026460098937761247
12995	0.0026460098937761247
13139	0.0026460098937761247
13685	0.0026460098937761247
403	0.002679344338257607
2683	0.002679344338257607
8058	0.002679344338257607
9779	0.002679344338257607
12538	0.002679344338257607
810	0.002779347671702054
2063	0.002779347671702054
4972	0.002850495752806108
13119	0.0031505057531394523
4787	0.0031793610054798487
11691	0.003312698783405778
10939	0.00333344444814827
2013	0.0033667788926297557
9757	0.0034127021168502284
10986	0.0035127054502946753
13342	0.0036460432282206046
7930	0.003946053228553952
1141	0.004279397673368779
1636	0.004279397673368779
5177	0.004279397673368779
10907	0.004279397673368779
11281	0.004279397673368779
2695	0.004312732117850261
2813	0.004312732117850261
