4214	0.0
12151	0.0
6955	3.390979993217989e-05
2814	0.0001356391997287213
7243	0.0001356391997287213
8043	0.0001356391997287213
8295	0.0001356391997287213
12534	0.0001356391997287213
118	0.0016615801966768408
3178	0.0025093251949813503
9831	0.0025093251949813503
7332	0.0032553407934893183
7758	0.0032553407934893183
2144	0.0033909799932180396
3226	0.0033909799932180396
13424	0.0033909799932180396
1523	0.0033909799932180414
3542	0.0033909799932180414
5551	0.0033909799932180414
4099	0.0034248897931502195
4497	0.0034248897931502195
9915	0.0034248897931502195
10565	0.0034248897931502195
10614	0.0034248897931502195
12062	0.0034248897931502195
12292	0.0034248897931502195
435	0.003526619192946761
2403	0.003526619192946761
3342	0.003526619192946761
7580	0.003696168192607662
2256	0.004679552390640896
11789	0.004984740590030519
4908	0.0051203797897592385
12945	0.0051203797897592385
7071	0.005595116988809767
398	0.00590030518819939
10882	0.00664632078670736
11572	0.00664632078670736
4443	0.006781959986436079
3497	0.006781959986436081
8170	0.006781959986436081
11747	0.006781959986436081
6306	0.006815869786368261
7957	0.006815869786368261
5681	0.007188877585622245
2186	0.007527975584944049
3158	0.0083079009833842
1819	0.008341810783316379
4939	0.008341810783316379
12338	0.008341810783316379
13411	0.008341810783316379
10436	0.00840963038318074
7103	0.009494743981010512
6145	0.01000339097999322
6288	0.01000339097999322
13374	0.01000339097999322
3007	0.010037300779925398
3187	0.010037300779925398
12265	0.010037300779925398
79	0.01017293997965412
2910	0.01017293997965412
3108	0.01017293997965412
4629	0.01017293997965412
6913	0.01017293997965412
8906	0.01017293997965412
9588	0.01017293997965412
9594	0.01017293997965412
10345	0.01017293997965412
11118	0.01017293997965412
11550	0.01017293997965412
11626	0.01017293997965412
11846	0.01017293997965412
12263	0.01017293997965412
12300	0.01017293997965412
12408	0.01017293997965412
13146	0.01017293997965412
10691	0.010206849779586299
10694	0.010206849779586299
13047	0.011902339776195321
8169	0.012139708375720582
4422	0.013224821973550356
712	0.013326551373346898
68	0.013428280773143439
72	0.013428280773143439
1255	0.013428280773143439
2104	0.013428280773143439
2392	0.013428280773143439
2406	0.013428280773143439
3323	0.013428280773143439
3611	0.013428280773143439
3931	0.013428280773143439
4068	0.013428280773143439
4368	0.013428280773143439
5001	0.013428280773143439
5156	0.013428280773143439
6094	0.013428280773143439
6311	0.013428280773143439
8073	0.013428280773143439
8762	0.013428280773143439
9015	0.013428280773143439
