4357	0.00010000333344444695
13653	0.00010000333344444695
8283	0.0005000166672222417
5489	0.0007333577785926144
174	0.0007333577785926214
484	0.0007333577785926214
914	0.0007333577785926214
4556	0.0007333577785926214
7210	0.0007333577785926214
7483	0.0007333577785926214
8271	0.0007333577785926214
9337	0.0007333577785926214
10074	0.0007333577785926214
10388	0.0007333577785926214
11227	0.0007333577785926214
12684	0.0007333577785926214
5122	0.0007666922230740968
7096	0.0007666922230740968
12932	0.0007666922230740968
3974	0.0007666922230741037
7055	0.0007666922230741037
7223	0.000800026667555586
8078	0.000800026667555586
207	0.000900030001000033
1953	0.000900030001000033
2230	0.000900030001000033
2406	0.000900030001000033
2598	0.000900030001000033
3449	0.000900030001000033
4542	0.000900030001000033
4924	0.000900030001000033
5047	0.000900030001000033
5723	0.000900030001000033
6475	0.000900030001000033
6553	0.000900030001000033
6882	0.000900030001000033
6971	0.000900030001000033
7125	0.000900030001000033
10142	0.000900030001000033
10939	0.000900030001000033
11368	0.000900030001000033
11423	0.000900030001000033
12172	0.000900030001000033
12267	0.000900030001000033
12665	0.000900030001000033
12707	0.000900030001000033
12920	0.000900030001000033
13036	0.000900030001000033
142	0.0009333644454815153
1314	0.0009333644454815153
2141	0.0009333644454815153
2858	0.0009333644454815153
4123	0.0009333644454815153
4488	0.0009333644454815153
6222	0.0009333644454815153
9067	0.0009333644454815153
10440	0.0009333644454815153
10516	0.0009333644454815153
10658	0.0009333644454815153
10809	0.0009333644454815153
10887	0.0009333644454815153
13605	0.0009333644454815153
4518	0.0010000333344444765
9617	0.001066702223407441
1322	0.0011333711123704127
3003	0.0011333711123704127
1821	0.001500050001666725
7886	0.001500050001666725
10837	0.001500050001666725
10972	0.001500050001666725
3056	0.0015667188906296828
10536	0.0015667188906296828
5332	0.0015667188906296897
7209	0.0019000633354445094
10040	0.002266742224740822
6893	0.002266742224740829
3143	0.002300076669222304
9805	0.002400080002666751
353	0.002400080002666758
1233	0.002400080002666758
1683	0.002400080002666758
2698	0.002400080002666758
2860	0.002400080002666758
3988	0.002400080002666758
4427	0.002400080002666758
5657	0.002400080002666758
5714	0.002400080002666758
6100	0.002400080002666758
7011	0.002400080002666758
7175	0.002400080002666758
7626	0.002400080002666758
8787	0.002400080002666758
9985	0.002400080002666758
11510	0.002400080002666758
12997	0.002400080002666758
79	0.0024334144471482404
117	0.0024334144471482404
293	0.0024334144471482404
424	0.0024334144471482404
475	0.0024334144471482404
