9619	0.010167557424712379
9000	0.02006777706414071
8484	0.020134445953103673
8027	0.023434555956770464
4067	0.023467890401251943
1534	0.023468000772823988
2304	0.026634221140704694
8449	0.02676800040491873
2774	0.026801445220972255
10591	0.02823361001665496
5079	0.033255851003283175
2759	0.03488923878287583
6009	0.036522626562468484
2288	0.03735598767450555
11335	0.03738932211898703
11006	0.038889372120653756
4862	0.03988940545509824
1311	0.039922739899579715
7201	0.039922739899579715
4566	0.04006844375303034
10355	0.04006844375303034
12298	0.04006844375303034
4276	0.040078593478199566
12219	0.041578201993578166
7958	0.042856171013950194
990	0.04318940508719298
3966	0.04318940508719298
6975	0.04318940508719298
8194	0.04318940508719298
870	0.043222849903246506
11197	0.043222849903246506
9297	0.043356629167460546
10064	0.043523853247728096
4215	0.04510194486973423
9864	0.04812864442192667
1163	0.049944924585557535
13093	0.05157820199357816
7169	0.053189848803209844
9007	0.0535792620066154
8870	0.055667407419712205
2067	0.05652329325135812
13520	0.05679085177978621
10856	0.05855669436472856
4042	0.05991181311394884
10099	0.05991181311394884
4159	0.059911923485520865
1454	0.05994525793000235
9003	0.0600790371942164
7387	0.0617568010349509
4445	0.06315684770317317
2248	0.06321225646206045
4661	0.06324536793366914
2181	0.06354626090657872
11877	0.06655673806741162
159	0.06671259164603147
2678	0.06680111187652743
11490	0.0669131501707805
2925	0.0674344663216756
7728	0.06852324285948884
12432	0.06853572376604306
8719	0.0697118109065174
7310	0.07086747261698022
869	0.0715904621569883
13499	0.0716729074915652
7279	0.07324570127811396
11610	0.07324570127811396
2357	0.07330088706412845
5358	0.07330088706412845
5387	0.07336755595309141
13029	0.07336755595309141
7252	0.07343466632834249
5232	0.07351325980654207
4733	0.07406757928720255
12720	0.07489057216065509
1725	0.07500094373268407
12967	0.07532468808046112
11343	0.07662870256210323
12592	0.07664536866947962
4855	0.07666766595675821
9817	0.07666766595675821
10935	0.07666766595675821
11044	0.07666766595675821
2409	0.07677914793369366
5021	0.07678081465591774
7363	0.0769352244851863
10647	0.08010155522463903
3507	0.0803906451285277
3016	0.08091195459023662
6101	0.08160272009066968
2656	0.08165094354873145
5941	0.08191353981587571
233	0.08205228134137359
13629	0.08333455485305474
3712	0.08335662916746055
6015	0.08342307508355071
13319	0.08342307508355071
7666	0.08349040843167459
12683	0.08349040843167459
7024	0.08368015054236479
10001	0.0839896502681639
