1370	0.0869017818988615
11423	0.09332507181677516
207	0.10003555302456574
20	0.10483571302989923
7633	0.11033589636934385
1429	0.11073590970312167
8023	0.1131693241502699
10484	0.11850283526730712
5294	0.12030289526930718
9814	0.12686978083215927
9533	0.13013655639134464
44	0.1302032252803076
10495	0.1302032252803076
1152	0.13350333528397434
1144	0.1336033386174188
3992	0.13673677639867818
6227	0.13677011084315965
11301	0.13677011084315968
68	0.13680344528764116
10619	0.1368367797321226
1198	0.1368701141766041
12057	0.13697011751004856
2977	0.13723679306590042
9746	0.14017022418027092
1202	0.14047023418060423
2112	0.14340366529497472
9064	0.14340366529497472
9009	0.14343699973945617
9700	0.14343699973945617
3261	0.14347033418393768
4158	0.14347033418393768
10808	0.14347033418393768
4154	0.14350366862841912
10370	0.14350366862841912
5137	0.14353700307290068
9130	0.1436370064063451
1269	0.14510372196353033
709	0.1452370597414563
12086	0.1469704508544934
10972	0.14923719307923422
5740	0.15010388863575275
6114	0.1501705575247157
1135	0.15030389530264165
10553	0.1519372830822343
12614	0.1535373364173455
13344	0.1536040053063084
9556	0.15360400530630847
12539	0.1550040519745307
5954	0.15677077753204927
86	0.15680411197653077
5083	0.15687078086549378
8169	0.15763747308856785
4087	0.15840416531164195
10869	0.15850416864508637
7706	0.15853750308956788
2301	0.15886732233326395
6407	0.16000421864675307
1150	0.16010422198019753
4086	0.16010422198019753
4220	0.16010422198019753
2264	0.16013755642467903
8057	0.16013755642467903
7130	0.16020422531364198
12555	0.16030422864708643
688	0.16047090086949387
12233	0.1625376364273458
12417	0.16340433198386434
12133	0.16343766642834584
7164	0.1635376697617903
12939	0.16390434865108658
8283	0.16490438198553103
6917	0.16680444532097558
8910	0.1668044453209756
10605	0.16837116421160525
148	0.1701712242136053
9036	0.1701712242136053
9733	0.1701712242136053
9850	0.1701712242136053
10604	0.1701712242136053
7717	0.17027122754704976
2956	0.17030456199153127
3538	0.17033789643601271
10046	0.17033789643601271
12462	0.17033789643601271
13122	0.17037123088049422
7877	0.17063790643634608
12414	0.17087124754771646
11566	0.17190461532664242
5272	0.17313798977245728
7925	0.17317132421693876
7149	0.17330466199486472
1235	0.17350466866175362
10516	0.17350466866175362
1278	0.17353800310623507
2230	0.17353800310623507
1117	0.17360467199519802
77	0.17510472199686478
9750	0.17517139088582778
1306	0.17523805977479073
1318	0.17680477866542038
