809	0.014867162238741303
4342	0.016533884462815424
13219	0.01666722224074136
10613	0.01823394113137105
12356	0.02013400446681557
1378	0.028734291143038097
2427	0.031074381417397483
8700	0.03320110670355679
9023	0.03533451115037169
8946	0.03680122670755693
10962	0.03916025511877995
10419	0.03934132364880521
9578	0.03950131671055702
9788	0.04217341559760013
9144	0.0422347411580386
11648	0.043201440048001596
8141	0.0434452006499947
3657	0.04410147004900163
12914	0.04424148698758316
4297	0.04456815227174239
3920	0.0449348311610387
9581	0.046368212273742465
5305	0.04650155005166838
11521	0.04656821894063135
12107	0.04847662707239353
12229	0.04859635470228116
10022	0.04877497143706479
765	0.04944332596235651
11328	0.0498433392961343
5244	0.049901663388779625
10663	0.05011001485198618
11274	0.05011001485198618
9890	0.050135004500150016
1439	0.050476693741282476
7980	0.05174340263157883
9714	0.05177673707606031
6013	0.05181007152054179
7004	0.052143415965356626
11425	0.05214709365821903
182	0.05246324485694434
1103	0.05274177033036124
9579	0.052747113658885715
3679	0.05297677707739368
1190	0.05300844588621312
2244	0.05346844894829828
83	0.053476793744615926
12448	0.053804465057375336
13027	0.05396846561552052
6173	0.05397681041183816
6042	0.05427682041217151
4141	0.054443492634578906
3487	0.054843505968356715
4053	0.05493516450548352
13312	0.055010178190764134
5107	0.05511018152420859
8901	0.05514351596869006
8151	0.05514351596869008
9724	0.05514351596869008
1257	0.05527652394308504
8701	0.055276853746616
5353	0.05644355930346788
8367	0.05644355930346789
6167	0.05647656394441844
2868	0.05650989838889992
5007	0.056510228192430845
9416	0.05653521784059468
11268	0.05671023485931975
6077	0.05677690374828272
2446	0.0568102381927642
8160	0.056835227840928045
12213	0.05711024819309753
1436	0.057135237841261365
6322	0.057921936866904014
3503	0.058101936731224366
6074	0.058410291527875365
4493	0.05841029152787537
11296	0.05841029152787537
138	0.05844362597235685
6308	0.05844362597235685
9898	0.058443625972356854
10804	0.058476960416838336
10445	0.05847696041683834
6172	0.05950999839223335
3537	0.059535317843928126
839	0.05970199006633553
8970	0.059777003751616146
12223	0.05984367264057912
7621	0.05987700708506059
10380	0.060110348196430984
723	0.06014368264091247
9026	0.060202006733557786
1365	0.060310354863319884
2186	0.061477060420171765
12344	0.061510394864653255
12600	0.06151039486465326
2382	0.06154372930913474
11230	0.061677067087060666
9031	0.06167706708706067
758	0.06174373597602364
52	0.06177707042050512
