158	3.333444448148232e-05
8847	0.0016333877795926544
10422	0.0016333877795926544
4695	0.002466748891629721
683	0.0033334444481482733
13027	0.004033467782259412
9069	0.004133471115703859
11504	0.004233474449148306
6325	0.004866828894296472
10923	0.005033501116703891
6310	0.005033501116703892
2165	0.005666855561852058
13689	0.005866862228740961
1120	0.0065335511183706105
3532	0.0065335511183706105
3984	0.0065335511183706105
2962	0.006566885562852093
281	0.006566885562852096
12629	0.006566885562852096
12995	0.00666688889629654
264	0.006666888896296545
763	0.006666888896296545
2131	0.006666888896296545
6200	0.006666888896296545
12715	0.006666888896296545
7965	0.006666888896296547
12433	0.006666888896296547
12586	0.006666888896296547
9881	0.006700223340778022
8899	0.0067002233407780255
11638	0.0067002233407780255
10004	0.006700223340778027
10555	0.006700223340778027
4281	0.006700223340778029
7823	0.006700223340778029
8153	0.006700223340778029
11300	0.006700223340778029
8422	0.006733557785259511
4128	0.006800226674222476
7147	0.006800226674222476
12277	0.006800226674222476
7797	0.006833561118703958
1436	0.007300243341444718
6385	0.008300276675889198
11408	0.008300276675889198
11670	0.008300276675889198
2445	0.0083002766758892
8356	0.008333611120370675
1350	0.00833361112037068
2148	0.00833361112037068
3412	0.00833361112037068
3947	0.00833361112037068
5289	0.00833361112037068
7318	0.00833361112037068
9720	0.00833361112037068
7377	0.008366945564852162
1464	0.008433614453815127
10403	0.009133637787926264
1337	0.009133637787926266
7961	0.009800326677555921
10825	0.009966998899963334
12748	0.009966998899963334
1354	0.010000333344444815
8940	0.010000333344444815
2640	0.010000333344444817
4485	0.010000333344444817
6045	0.010000333344444817
10169	0.010000333344444817
11905	0.010000333344444817
8883	0.010033667788926294
6172	0.010033667788926295
242	0.010033667788926297
3284	0.010033667788926299
13222	0.010167005566852232
8822	0.010433681122704087
416	0.010600353345111505
607	0.0108003600120004
12324	0.011367045568185602
4053	0.011467048901630056
1260	0.011633721124037471
9876	0.011633721124037471
12120	0.011633721124037471
448	0.011667055568518946
13004	0.01166705556851895
2223	0.011667055568518951
2025	0.011667055568518953
1277	0.011967065568852301
4297	0.012733757791926401
1103	0.01293376445881529
13424	0.01300043334777826
1395	0.01313377112570419
216	0.013133771125704194
12345	0.01316710557018567
3497	0.013200440014667152
9173	0.013200440014667152
2137	0.013267108903630122
6333	0.013300443348111606
8929	0.013300443348111606
10992	0.013300443348111606
2227	0.013333777792593085
