10754	0.0016333877795926526
8698	0.006755190613377184
556	0.006966898896629891
4610	0.009644691612351404
8485	0.010055742103332098
11513	0.010233451482942406
11502	0.010905771552474273
1410	0.013111032352137486
10913	0.013389186551480366
275	0.013667563723696026
5273	0.01409980555650628
13081	0.01444462864481212
12239	0.015122688036089498
12159	0.015419828375550086
223	0.015800968170510923
7051	0.01611830650765282
644	0.01626698593409078
3033	0.016633664823387094
5567	0.016633664823387094
8677	0.01665596211066568
6243	0.016767002601313016
1452	0.01676700260131302
10917	0.017422212847451653
2881	0.01827268378288196
12919	0.01840039038090567
2328	0.01860039704779457
7670	0.01860039704779457
2425	0.01918662060195763
9145	0.0195876272798837
9102	0.019754851360151256
1270	0.019967109271535367
11682	0.020067112604979807
12093	0.020067112604979807
2932	0.020067112604979814
2201	0.02010044704946129
5202	0.020100447049461293
2214	0.020111484206664195
1251	0.02158945989392512
1364	0.021644868652812392
8450	0.021733945200625965
6091	0.02290065075747786
995	0.02313388149727623
3253	0.02326721927520215
12329	0.02328962693405276
4049	0.023333888164165123
1183	0.023400446681556053
8605	0.02340055705312808
2476	0.023422854340406675
3275	0.023433891497609566
3348	0.023433891497609566
1727	0.023444928654812455
3774	0.02370056705346142
574	0.0241339148317207
4906	0.024701041874194023
13102	0.024756342491238002
10552	0.025067279277202214
4387	0.026444805685273125
3906	0.026600663723350425
2897	0.026622961010629005
3171	0.026633556681543775
7129	0.026633556681543782
4063	0.026633998167831907
7704	0.02674503865847925
11491	0.026767335945757833
13493	0.026767335945757843
7416	0.026868003738363178
4459	0.02713401483505414
7031	0.027533805195959136
7589	0.027589547299291257
9623	0.027611734214997814
5994	0.027901371517289143
10664	0.027967375947091214
13023	0.028123011012295737
10983	0.028323017679184638
11456	0.028334054836387526
3689	0.028351824659484208
13112	0.02984470050896903
9037	0.029922737669850978
7978	0.0300787060795003
2895	0.030100780393906103
1187	0.030122854708311903
7296	0.030800803728017242
11570	0.03154453420465185
11587	0.03245372950558776
12347	0.032587067283513675
4954	0.03287868904437283
11460	0.03320088373068401
6421	0.03330088706412845
2118	0.03330111003700124
756	0.03333399853573715
743	0.03337837013742153
6201	0.03338951989592518
11761	0.033434224842054376
6157	0.03347837347086597
2041	0.03351181828691949
8897	0.033780484990525335
6418	0.034167582620646994
7750	0.03474552830690788
1201	0.03490094039923962
8892	0.035252056896879845
