3919	0.030034334477815932
8967	0.03940131337711258
7171	0.03970132337744591
8804	0.04150138337944598
13008	0.04853495116503884
7587	0.04983499449981667
5315	0.050101670055668526
2619	0.05066835561185373
487	0.05103503450115004
10356	0.051935064502150075
3241	0.05313510450348345
4769	0.05316843894796494
11204	0.053468448948298275
12852	0.058168605620187344
784	0.05983532784426149
5512	0.05983532784426149
5288	0.06150205006833561
12122	0.06170205673522451
11376	0.06310210340344678
2017	0.06333544451481717
10813	0.0638687956265209
10844	0.06986899563318777
6117	0.07043568118937296
11375	0.07186906230207674
3766	0.07286909563652122
13059	0.07300243341444715
9347	0.07323577452581753
3177	0.0735024500816694
13462	0.07363578785959532
5099	0.07423580786026202
2240	0.07486916230541019
10154	0.07650255008500283
504	0.07670255675189175
3925	0.07680256008533617
747	0.07683589452981766
12167	0.07990266342211406
13726	0.07990266342211408
1193	0.08003600120004001
6027	0.08023600786692889
433	0.08116937231241042
2277	0.08150271675722523
13635	0.08163605453515117
478	0.08186939564652154
2385	0.08333611120370679
4684	0.08333611120370679
6832	0.08333611120370679
7062	0.08333611120370679
8018	0.08333611120370679
10840	0.08333611120370679
4046	0.08346944898163272
6469	0.08346944898163272
7953	0.08346944898163272
8953	0.08346944898163272
10372	0.08346944898163272
11413	0.08346944898163272
11944	0.08346944898163272
13052	0.08346944898163272
3637	0.0835027834261142
7695	0.0835027834261142
2583	0.08356945231507718
11621	0.08363612120404014
2079	0.08440281342711425
3828	0.08476949231641055
12663	0.08496949898329945
13597	0.08496949898329945
3471	0.08513617120570685
1569	0.08553618453948465
13265	0.08603620120670688
739	0.0864362145404847
505	0.08653621787392912
566	0.08663622120737358
3391	0.08663622120737358
4471	0.08663622120737358
5134	0.08663622120737358
10302	0.08663622120737358
10952	0.08663622120737358
11881	0.08663622120737358
4386	0.08666955565185505
4341	0.08666955565185507
11428	0.08670289009633654
125	0.0867695589852995
682	0.0867695589852995
1672	0.0867695589852995
1844	0.0867695589852995
2239	0.0867695589852995
2348	0.0867695589852995
2660	0.0867695589852995
3124	0.0867695589852995
3716	0.0867695589852995
3728	0.0867695589852995
3750	0.0867695589852995
4009	0.0867695589852995
4524	0.0867695589852995
4575	0.0867695589852995
4984	0.0867695589852995
5447	0.0867695589852995
5816	0.0867695589852995
7039	0.0867695589852995
7401	0.0867695589852995
8375	0.0867695589852995
