6301	0.012833761125370843
8762	0.016333877795926523
6236	0.021534051135037827
4962	0.023367445581519375
3265	0.023400780026000857
13227	0.028300943364778834
13057	0.028400946698223274
9666	0.029967665588852957
6314	0.030001000033334446
4244	0.033267775592519755
2896	0.03330111003700123
5370	0.03330111003700124
11237	0.03500116670555684
2274	0.03820127337577918
717	0.03833461115370512
8170	0.04110137004566819
8283	0.04193473115770525
1737	0.0428347611587053
10661	0.04296809893663122
12125	0.04313477115903863
7137	0.04323477449248309
4337	0.04480149338311276
12555	0.04653488449614987
2156	0.04663488782959432
4220	0.046668222274075806
4132	0.046701556718557274
6407	0.04676822560752025
3400	0.04996833227774259
3546	0.04996833227774259
9927	0.0499683322777426
8845	0.05160172005733524
13116	0.056668555618520605
9656	0.058268608953631784
855	0.05886862895429849
3990	0.05993533117770593
12572	0.05993533117770594
1227	0.0599686656221874
1278	0.0599686656221874
2230	0.0599686656221874
9092	0.0599686656221874
13115	0.06083536117870595
12539	0.06156871895729856
7355	0.06156871895729858
1467	0.06163538784626153
7917	0.061635387846261554
7733	0.061702056735224484
3658	0.06326877562585419
4154	0.0632687756258542
9036	0.0632687756258542
9850	0.0632687756258542
1318	0.06330211007033568
2193	0.06330211007033568
6142	0.06330211007033568
10370	0.06333544451481715
2009	0.06336877895929863
7969	0.06336877895929863
12414	0.06336877895929863
3538	0.0634354478482616
10536	0.06393546451548383
10487	0.06413547118237273
1269	0.06493549784992833
107	0.0649688322944098
1234	0.06643554785159506
7149	0.06646888229607653
12979	0.06646888229607653
6910	0.06656888562952096
2319	0.06656888562952099
1214	0.06663555451848394
13139	0.06676889229640987
7337	0.06963565452181739
7108	0.06986899563318777
626	0.06996899896663221
628	0.06996899896663221
4780	0.06996899896663221
11642	0.06996899896663222
12385	0.07180239341311376
7692	0.07330244341478048
297	0.07333577785926196
11636	0.07333577785926196
148	0.07336911230374346
1786	0.07370245674855828
1432	0.07390246341544718
7860	0.07396913230441014
9809	0.07436914563818793
11290	0.0746024867495583
3908	0.07496916563885461
12127	0.0750358345278176
11431	0.075202506750225
9594	0.07633587786259541
7211	0.07663588786292876
9985	0.07663588786292876
86	0.07663588786292877
7809	0.07663588786292877
6283	0.07680256008533616
12620	0.07830261008700289
1625	0.07990266342211405
6131	0.07990266342211406
5297	0.07993599786659555
12172	0.07993599786659555
12949	0.0800026667555585
