5940	3.3334444481489256e-05
12593	0.00040001333377779474
2879	0.0016667222240741367
5922	0.0016667222240741367
3150	0.003300110003666784
3943	0.0033667788926297557
11631	0.005000166672222403
143	0.006666888896296547
11974	0.006666888896296547
3057	0.006700223340778029
3375	0.006700223340778029
6449	0.006700223340778029
3068	0.008333611120370676
8792	0.008333611120370683
11453	0.008366945564852166
3174	0.00996699889996333
7174	0.00996699889996333
1448	0.01000033334444482
10473	0.011233707790259673
7454	0.01330044334811159
2872	0.01333377779259308
1479	0.013367112237074569
2222	0.013367112237074569
5934	0.013367112237074569
11487	0.015300510017000571
2474	0.01666722224074136
2320	0.016700556685222842
10813	0.01783046646628262
504	0.019833994466482215
12474	0.020000666688889626
7723	0.020034001133371115
1497	0.023367445581519382
2438	0.023367445581519382
6941	0.023367445581519382
8694	0.023367445581519382
9085	0.023367445581519382
10457	0.023367445581519382
12113	0.023367445581519382
13309	0.023367445581519382
2368	0.023500783359445318
8996	0.025190567148884013
8840	0.025471920342837434
2983	0.02636104851293785
4923	0.026634221140704684
5296	0.026634221140704684
6215	0.026634221140704684
6448	0.026634221140704684
11302	0.026634221140704684
12673	0.026634221140704684
11654	0.026667555585186173
358	0.028490677152550797
283	0.029167638921297378
8680	0.029500983366112205
7097	0.029600986699556655
2581	0.030001000033334446
6946	0.030001000033334446
11279	0.030001000033334446
489	0.03003433447781593
9879	0.030167672255741858
4996	0.030566371080293864
6175	0.03163372112403745
1520	0.03166772225740858
12144	0.03293443114770492
9040	0.033208547203145755
1193	0.03333444448148272
4732	0.03333444448148272
7604	0.03333444448148272
12293	0.03333444448148272
7605	0.03376779225974198
6190	0.03386779559318644
9526	0.03393142874154507
10669	0.03470115670522351
4195	0.03500116670555685
3257	0.03536784559485316
6090	0.03566093293256525
2342	0.03670122337411247
3015	0.03670122337411247
66	0.03703079201172532
13008	0.03833461115370512
3929	0.039601320044001465
74	0.04000133337777926
486	0.04000133337777926
506	0.04000133337777926
1279	0.04000133337777926
7701	0.04000133337777926
12122	0.04000133337777926
278	0.04003466782226074
329	0.04003466782226074
859	0.04003466782226074
3649	0.04003466782226074
6171	0.04003466782226074
7171	0.04003466782226074
8975	0.04003466782226074
6398	0.04141353978046648
13134	0.04141353978046648
6472	0.04250141671389046
4266	0.04253475115837195
6973	0.0428347611587053
13195	0.0428347611587053
130	0.043301443381446036
