7169	0.09779038225426631
869	0.1193577678337856
5243	0.12307037430751312
4445	0.12799138895448964
3507	0.13535841155646938
13468	0.15136094051479254
9445	0.15499439496327413
5115	0.16467076098706912
3512	0.1910493481885823
3236	0.19385485794650892
11671	0.19469571834072005
4624	0.1947602812508995
2357	0.20105012301931527
6101	0.20301529889307068
4726	0.20457298292289508
11746	0.21256298058279477
13299	0.21330989399718842
9172	0.21806316392223943
10993	0.21952987947942465
11782	0.21999656170216542
9235	0.22119561058907927
1438	0.22596828807297756
9861	0.22797497703618827
10655	0.22797497703618827
12633	0.22797497703618827
2457	0.22800842185224177
10836	0.22800842185224177
2345	0.2281968350446102
451	0.22826028309042573
4508	0.22827509740809362
9081	0.2300800219737156
6328	0.23096293616659852
7679	0.23098501048100434
6937	0.23108490344287674
490	0.23130842148433653
913	0.23219676003169254
13221	0.2327752474130938
6963	0.23336268282482048
3016	0.23344038887098634
6318	0.23382781984555281
8050	0.23416226800608794
5221	0.2342627128258205
1110	0.23429604727030198
1441	0.23429604727030198
1769	0.23429604727030198
4620	0.23429604727030198
6480	0.23429604727030198
7221	0.23429604727030198
8855	0.23429604727030198
10921	0.23429604727030198
2580	0.23495302346159308
10863	0.23496428359166877
1281	0.23629611393919095
6076	0.23759638024684154
5472	0.23774075518197038
11353	0.2379295017187836
387	0.2380418666682953
11298	0.2380418666682953
13012	0.23835291382583154
3521	0.23871076298936553
5293	0.2394794708802971
8190	0.24049470874184936
1814	0.24092960172211703
10834	0.24107419963011867
5449	0.24129782804315048
6211	0.24135301382916496
10811	0.24138634827364647
13347	0.24146450026555788
4874	0.24229730506027736
5482	0.24262943541779985
643	0.24299732839438848
7348	0.24299732839438848
11195	0.24299732839438848
6063	0.24335186641076162
2315	0.24383068950642556
2561	0.24426326914313812
7369	0.2442963806147468
7937	0.2442963806147468
9822	0.2442963806147468
7345	0.2442967139591916
1204	0.2443074177719497
10852	0.2443294920863555
2957	0.24442971839267272
6564	0.24445852983242977
12594	0.24463127249129873
274	0.24464230964850164
3289	0.24466405061846264
6881	0.24466405061846264
617	0.2446973850629441
722	0.2446973850629441
1552	0.2446973850629441
2184	0.2446973850629441
2478	0.2446973850629441
3738	0.2446973850629441
3771	0.2446973850629441
4608	0.2446973850629441
4717	0.2446973850629441
5260	0.2446973850629441
5869	0.2446973850629441
5897	0.2446973850629441
