12122	0.010167005566852218
1193	0.011500383346111538
747	0.011633721124037467
2502	0.01833394446481549
13008	0.023334111137037896
13059	0.02346744891496383
6117	0.024167472249074964
5315	0.028367612253741785
2079	0.02953431781059368
5099	0.03096769892329744
3640	0.03176772559085303
5288	0.03330111003700123
3766	0.0339344644821494
7389	0.03500116670555685
4866	0.03513450448348278
504	0.03516783892796426
7097	0.03550118337277909
188	0.03676789226307543
10509	0.03680122670755692
3257	0.037134571152371745
4170	0.038201273375779186
5203	0.03833461115370512
9603	0.03833461115370512
3582	0.038367945598186605
2074	0.03846794893163105
2342	0.03846794893163105
7182	0.03846794893163105
13739	0.03846794893163105
2222	0.03866795559851996
7946	0.039934664488816295
3256	0.03996799893329778
10481	0.03996799893329778
11453	0.04003466782226075
10015	0.04010133671122371
13314	0.04010133671122371
1149	0.04160138671289044
7830	0.04160138671289044
8793	0.04160138671289044
11608	0.04160138671289044
12494	0.04160138671289044
13135	0.04160138671289044
1445	0.041634721157371914
3059	0.041634721157371914
1170	0.04163472115737192
10844	0.04166805560185339
13144	0.041668055601853396
4200	0.04170139004633487
6027	0.04170139004633487
12113	0.04173472449081637
5997	0.04176805893529784
7184	0.04176805893529784
11618	0.04176805893529784
12165	0.04176805893529784
173	0.041801393379779325
830	0.041801393379779325
1589	0.041801393379779325
8975	0.041801393379779325
3919	0.0418347278242608
2017	0.04186806226874229
2111	0.04333477782592753
757	0.04343478115937198
1145	0.04343478115937198
11465	0.0443681456048535
1468	0.044801493383112775
9810	0.044934831161038705
7297	0.04496816560552019
9667	0.04496816560552019
3925	0.04500150005000167
4996	0.04500150005000167
6330	0.04500150005000167
9935	0.04500150005000167
10132	0.04500150005000167
13380	0.04500150005000167
5604	0.045034834494483145
9347	0.045034834494483145
2583	0.04503483449448315
9369	0.04503483449448316
12485	0.04510150338344612
4564	0.0451348378279276
9329	0.0451348378279276
13270	0.0451348378279276
13462	0.04516817227240908
6043	0.045501516717223904
4008	0.04563485449514984
11324	0.04576819227307577
6205	0.045868195606520216
2438	0.04656821894063136
1846	0.04663488782959432
3655	0.046634887829594324
7293	0.04676822560752025
289	0.04676822560752026
5010	0.04680156005200174
10822	0.04733491116370546
11386	0.04733491116370546
1528	0.04746824894163139
8300	0.04746824894163139
3661	0.04786826227540918
9146	0.04826827560918698
12471	0.04826827560918698
12434	0.04830161005366845
