900	0.08288176509811428
11338	0.10153773156888965
4257	0.10524163597506228
11252	0.1060253322689514
5295	0.10760363517468026
2435	0.1080392840749099
8916	0.1083184357205404
13163	0.11297058381223221
808	0.11382674256774872
720	0.1164810573363059
6169	0.11771131421593532
12457	0.11794974451176302
3095	0.11884441587184813
8828	0.1207250846870717
2059	0.12131150987939922
10466	0.12181190485954504
793	0.1222412370709468
4123	0.12337401751547612
11059	0.12362699305548822
13498	0.12414226599606303
7870	0.12453993746910949
9532	0.12497907836462777
7040	0.12612704406643888
2454	0.12777609068700407
10540	0.12787108049545495
1181	0.12867556192888716
7341	0.12882259378799085
2392	0.12925516189769365
427	0.1301815140181953
1508	0.13033785070609344
1290	0.13051337881608482
10538	0.13300692593015812
2427	0.13317859724134518
7684	0.1347636466372096
4968	0.1349460772645911
6165	0.13530843419366223
7108	0.1363936094254997
8565	0.13645772038790538
11277	0.13677602045454493
435	0.1370534464848941
488	0.13879342226174018
4972	0.13887149187620756
6002	0.1403499349634537
1488	0.14127382859881382
1521	0.1413367164190487
2063	0.14276794418767863
11261	0.14301834081793527
13011	0.1432175832322578
11601	0.14331302282944325
13333	0.14369131821890693
2921	0.14390862598391058
12065	0.14404426518363933
4088	0.14488475942438458
8948	0.14489455715133165
6057	0.14534278416962854
1677	0.1461529897680948
12341	0.14661313283311006
8805	0.14709594561987976
3235	0.14784071416166591
2489	0.1484131928351101
320	0.1484147955698132
7172	0.14897488618964527
1255	0.14928185494274554
1241	0.14928442992971147
13155	0.150546597281925
2411	0.1505836094192689
7096	0.1505965017373137
8025	0.15063882529445788
7381	0.1507132695043324
551	0.1509877804916236
3639	0.15103529800261578
4082	0.15111130273861634
9779	0.15124662061603614
4988	0.15151830969688154
8043	0.1515193718802328
5001	0.15226361377917247
2116	0.15228892987007392
374	0.15241203298744382
3121	0.1532466872849251
12472	0.15357561488354055
9641	0.15404229710628134
9945	0.15491340950899923
7018	0.15518937981997827
12112	0.1552759416022367
1583	0.15534289643306567
4014	0.15567798630767676
12965	0.15688470546966574
118	0.15692079965488884
1332	0.15716745301949075
8047	0.15760530189690433
7173	0.1577714329279822
4978	0.15777612939360164
1162	0.15781718387175064
11389	0.1582468539571475
9699	0.15854455281780439
10411	0.15988024173674015
3227	0.15988480547299916
4950	0.15991357618122165
6302	0.15994691062570315
4797	0.1604335370139077
