20	0.20488108416272657
5004	0.23345001162370727
9814	0.23429644375968045
12939	0.2492829713772543
7197	0.2565449644620045
6000	0.2570828242207285
12362	0.27759422819563223
9009	0.2826647227023119
12135	0.3025940240692285
10370	0.30435498950205486
688	0.31953583963564547
11219	0.32113391892233323
7633	0.3216222317434629
1152	0.32264670596202083
2301	0.32432397937965995
1144	0.3245556628578334
44	0.3246495840005794
148	0.324735191026406
6974	0.32573374259103294
3979	0.3267067162589598
7717	0.3300412788470021
1429	0.33382263842368554
9700	0.33438932397987076
12550	0.33452266175779666
12539	0.33922281842968577
11237	0.33968950065242653
286	0.3403932016794001
9064	0.3416704246551303
10046	0.34288960732264884
10530	0.34348570431673164
7164	0.3442105215963786
5370	0.3447563362136119
1150	0.34726009724258555
13344	0.3478825758410624
8283	0.34912314844068615
10484	0.34972316844135287
740	0.3497969238162786
2009	0.3501667005015151
6917	0.35102321177613066
4220	0.3510565462206121
11224	0.3511232151095751
12555	0.35118988399853807
6407	0.3512232184430195
7130	0.3513565562209454
2335	0.3529563642423352
2977	0.3539233084460196
10495	0.3545492129106318
12489	0.3560567128928345
8072	0.3564045506312168
1202	0.3581234484506865
10485	0.3595600963389494
1175	0.3602729921768156
10808	0.3607777405036755
2112	0.36087774383712
8762	0.3615939083696231
7706	0.36406216240270617
207	0.3642569862352793
13057	0.36605704623727936
12537	0.3673237551275757
7337	0.36735708957205715
5464	0.3673607672649196
4154	0.36772376846135346
6314	0.36772376846135346
10619	0.36772376846135346
11301	0.36772376846135346
1198	0.36775710290583496
3992	0.36775710290583496
12057	0.3678571062392794
7877	0.36859046401787204
1306	0.3689440197945769
1269	0.3693904906854276
709	0.36945715957439057
175	0.3695047130889495
10398	0.36953075679887326
1235	0.3705942083796234
1135	0.3707275461575494
8711	0.37099054402053877
8707	0.3710572129095018
13094	0.3710572129095018
9130	0.37280399430155653
10972	0.3734572929121685
9187	0.3742906540242056
4158	0.3744239918021315
1370	0.3744906606910945
10553	0.37615738291516865
86	0.37722776283143844
1314	0.37722776283143844
8023	0.3773907573609835
12442	0.3780241118061316
6301	0.3782241184730205
121	0.37919081736298355
6110	0.37976076969472794
7883	0.3800477086711252
12070	0.3803782685845779
12107	0.3805130823535159
9533	0.38077840719256517
5740	0.38105754625394656
6114	0.38105754625394656
68	0.38173276912951626
5294	0.3842576529241689
