8129	0.07678235316873998
12959	0.1131337867338053
454	0.11375081064575061
5273	0.11568376693938852
4072	0.12298378284850298
1922	0.1335236525721426
12329	0.1349072561058613
11247	0.14352928375204482
6421	0.1450573703627356
4475	0.1531521240228632
13364	0.15921634400076437
4954	0.16663590570075862
12953	0.16720225568277025
13328	0.16776838492163787
7242	0.16837503836526996
11272	0.17005820372384767
11447	0.17012487261281062
8722	0.17353006081250644
12536	0.17830859244917974
542	0.18018557697742657
1895	0.18541600327591745
5648	0.1860023260530089
743	0.18673072380004643
1455	0.1869515773156764
10697	0.18830892579362457
8677	0.18850893246051348
6580	0.1900642786197667
2118	0.19185915338761017
5500	0.19417423167171344
7525	0.2000534644354366
5989	0.20193011561923865
4911	0.205092704873886
2128	0.20667620470292153
6247	0.2069762147032549
6925	0.20706010155745438
7041	0.2085200777595597
32	0.20997587322030023
2162	0.21079819271567696
1639	0.21529834272067713
2247	0.2159263993303679
8895	0.2169191325329574
10600	0.21780990915973675
1499	0.21802646933270128
6438	0.21830992582695902
369	0.22101243731535758
9529	0.22175992711462736
5994	0.22302730046408462
8892	0.22307597878680685
8850	0.22336527828519592
4136	0.2233871296267289
6797	0.22700369276523263
8039	0.23099356823599806
10983	0.2316103691750706
6418	0.23262695601559072
59	0.23339894607412223
11761	0.2334936515721093
12992	0.2341902511577588
6536	0.2342181773952109
13076	0.23505418519524787
7156	0.23507129724836984
12372	0.23509370490722045
4473	0.23539493122457483
13064	0.2365706783314182
10410	0.23664398066334652
8750	0.23843255756239812
4049	0.23846048379985021
4061	0.23917483537076653
3993	0.24004409400045779
12502	0.24012720602392434
556	0.2403607701081675
9102	0.24130947843188977
8698	0.24171026436667178
11502	0.24269958942890069
9392	0.24353757722804809
8692	0.2442273426951467
2476	0.2449774814121452
8485	0.2450108158566267
3444	0.2450326671981597
11291	0.24672764900413072
10754	0.24676098344861222
7589	0.24754412103591858
4610	0.2480833240706686
13023	0.24814425363788606
6988	0.24822747603292464
10913	0.24834426030477497
287	0.24842748269981355
13081	0.2493997023981067
7718	0.25003283387038205
12239	0.2500777617893841
5567	0.2502608771462951
1187	0.2517441506690134
1410	0.2518172233388828
2328	0.25199426825933213
7670	0.25199426825933213
10917	0.2523772866007462
9145	0.25291482960245837
2932	0.2534609838165174
2214	0.25350535541820185
405	0.2537383631851273
7143	0.253927659350072
