4435	6.666888896296463e-05
5228	6.666888896296463e-05
11456	0.001600053335111172
8039	0.0024667488916297227
3089	0.002800093336444546
10594	0.003066768892296408
1651	0.0032001066702223406
806	0.0032334411147038264
1201	0.0032334411147038264
6604	0.0032667755591853087
11613	0.0032667755591853087
395	0.0032668859307573364
6988	0.003433447781592717
5229	0.003567227045806764
11474	0.003567227045806764
2083	0.004933497783259445
10664	0.00543351445048168
13080	0.006577922720054998
2452	0.006666888896296543
10520	0.006666888896296543
2093	0.006733557785259504
4049	0.006733557785259504
4251	0.006733557785259504
5974	0.006733557785259504
6108	0.006733557785259504
7115	0.006733557785259504
9204	0.006733557785259504
10549	0.006733557785259504
11680	0.006733557785259504
12553	0.006733557785259504
4155	0.006755632099665305
313	0.006766892229740987
434	0.006766892229740987
473	0.006766892229740987
560	0.006766892229740987
1270	0.006766892229740987
1889	0.006766892229740987
2426	0.006766892229740987
2588	0.006766892229740987
3459	0.006766892229740987
3906	0.006766892229740987
4063	0.006766892229740987
5924	0.006766892229740987
6907	0.006766892229740987
8166	0.006766892229740987
8783	0.006766892229740987
9529	0.006766892229740987
11344	0.006766892229740987
11665	0.006766892229740987
11707	0.006766892229740987
13141	0.006766892229740987
3017	0.006800337045794497
9349	0.006800337045794497
12441	0.0069002300076669194
249	0.006900671493955034
1719	0.006911267164869818
1499	0.007133571119037299
4906	0.007267350383251346
10073	0.008089009878924611
574	0.00923364112137071
1182	0.00923364112137071
3746	0.00923364112137071
562	0.009266975565852192
9096	0.009766992233074437
11460	0.009766992233074437
4473	0.009799110360534873
2155	0.009900330011000373
2510	0.009900330011000373
2971	0.009900330011000373
3439	0.009900330011000373
3461	0.009900330011000373
4308	0.009900330011000373
5186	0.009900330011000373
6030	0.009900330011000373
7918	0.009900330011000373
8688	0.009900330011000373
10464	0.009900330011000373
10768	0.009900330011000373
10795	0.009900330011000373
7280	0.009922404325406167
7261	0.009933664455481855
8428	0.009933664455481855
9545	0.009933664455481855
13361	0.009933664455481855
4955	0.01003410927521442
10799	0.01003410927521442
1364	0.010078039390610676
9037	0.010088966176241547
2623	0.01010033667788926
3033	0.01010033667788926
3253	0.01010033667788926
6421	0.01010033667788926
6423	0.01010033667788926
6993	0.01010033667788926
8011	0.01010033667788926
9338	0.01010033667788926
12372	0.01010033667788926
13151	0.01010033667788926
241	0.010111373835092159
7704	0.010111373835092159
