3639	0.01663388779625987
13162	0.02943431447714926
12975	0.03793459781992735
12256	0.039601320044001465
11808	0.04290143004766826
9288	0.05296843228107605
2380	0.0563352111737058
6165	0.05643521450715025
826	0.05660188672955768
5431	0.057035234507816904
11331	0.058135271175705855
9636	0.05976865895529852
5169	0.06196873229107638
270	0.06296876562552087
5912	0.06296876562552087
1256	0.06626887562918765
3240	0.06630221007366914
5422	0.06630221007366914
2077	0.06956898563285444
10379	0.06960232007733591
533	0.07130237674589156
7613	0.07290243008100271
713	0.07293576452548418
3931	0.07323577452581753
11059	0.07453581786059536
12986	0.07456915230507684
8331	0.07610253675122505
4179	0.076235874529151
565	0.07626920897363246
7002	0.07626920897363246
9122	0.07626920897363246
11572	0.07626920897363246
12457	0.07626920897363246
5211	0.07626920897363249
372	0.07633587786259544
7173	0.07633587786259544
5020	0.07640254675155839
6284	0.07690256341878063
4257	0.07800260008666957
5295	0.07836927897596589
4181	0.07870262342078067
11643	0.07943598119937331
3506	0.07950265008833629
2013	0.07960265342178074
891	0.07996933231107704
12303	0.08073602453415116
11486	0.08130271009033635
3272	0.08133604453481783
10141	0.08163605453515117
5424	0.08270275675855862
10652	0.08290276342544753
11815	0.082936097869929
7905	0.08293609786992902
9862	0.08293609786992902
13091	0.08313610453681791
39	0.08316943898129936
7111	0.08373612453748457
6288	0.08440281342711424
11626	0.08463615453848464
4409	0.08606953565118838
9641	0.08613620454015133
12765	0.08623620787359579
1535	0.08630287676255877
7396	0.08630287676255878
547	0.08700290009666986
702	0.08703623454115136
12282	0.08703623454115136
7547	0.08766958898629953
1583	0.08790293009766992
11601	0.0879362645421514
3097	0.08796959898663291
3663	0.08800293343111437
10578	0.08840294676489213
12193	0.08880296009866995
8704	0.08960298676622556
3069	0.08963632121070704
10437	0.08963632121070704
6179	0.08970299009966999
1519	0.08983632787759593
9023	0.09110303676789228
7172	0.09116970565685525
1241	0.09130304343478118
1532	0.09130304343478118
5068	0.09136971232374413
1166	0.09283642788092936
502	0.09283642788092937
9820	0.09293643121437381
8676	0.09293643121437382
12493	0.09293643121437382
6167	0.09296976565885531
10778	0.09296976565885531
3235	0.09300310010333679
9135	0.09300310010333679
3065	0.09313643788126272
12478	0.09370312343744791
12472	0.09463648788292944
8893	0.09493649788326278
12266	0.095503183439448
4988	0.09556985232841098
3078	0.09616987232907764
