1546	0.0009586992368754085
1582	0.0009586992368754085
2104	0.0009586992368754085
2435	0.0009586992368754085
3682	0.0009586992368754085
6239	0.0009586992368754085
9078	0.0009586992368754085
13411	0.0009586992368754085
3366	0.0009920336813568909
11395	0.0009920336813568909
13509	0.0009920336813568909
5234	0.001283776862176421
9477	0.0017587259044309946
3323	0.0027920936833569585
8812	0.002876097710626222
13098	0.0034254481285051312
11336	0.004253795715548663
2276	0.004292143685023678
2574	0.004292143685023678
8927	0.004292143685023678
11416	0.004292143685023678
12337	0.004292143685023678
12524	0.004292143685023678
12914	0.004292143685023678
229	0.004292143685023682
539	0.004292143685023682
12123	0.004292143685023682
6162	0.004325478129505161
12492	0.004325478129505161
1317	0.004425481462949613
1266	0.004445535562923743
8433	0.004445535562923743
11048	0.004755148214902022
144	0.0047934961843770375
453	0.0047934961843770375
2082	0.0047934961843770375
2868	0.0047934961843770375
4240	0.0047934961843770375
6172	0.0047934961843770375
7240	0.0047934961843770375
9846	0.0047934961843770375
429	0.00482683062885852
1257	0.00482683062885852
6008	0.00482683062885852
12170	0.00482683062885852
6481	0.005231857487629846
8095	0.005658855908764474
4936	0.005673896483745071
5390	0.005925531464616336
10399	0.005925531464616336
12915	0.005943935268627527
3536	0.005958865909097817
2637	0.005992200353579297
8252	0.007325578132838609
4476	0.007458915910764537
5067	0.007458915910764537
10788	0.007458915910764537
11485	0.0075255847997275065
3265	0.007587240163696938
10419	0.007625588133171952
13359	0.007625588133171952
3618	0.0076255881331719535
8247	0.0076255881331719535
9715	0.0076255881331719535
2875	0.007658922577653431
11649	0.007658922577653431
101	0.0077589259110978845
213	0.0077589259110978845
2427	0.0077589259110978845
5322	0.0077589259110978845
5333	0.0077589259110978845
7719	0.0077589259110978845
12838	0.0077589259110978845
13500	0.0077589259110978845
8790	0.008088592663050292
148	0.008126940632525307
13317	0.008126940632525307
468	0.00812694063252531
5083	0.00812694063252531
6017	0.00812694063252531
4199	0.008260278410451242
4331	0.008260278410451242
8687	0.008260278410451242
1307	0.008326947299414201
8479	0.008469243461622311
12365	0.008628293131878668
13047	0.00866162757636015
1289	0.009025634801394228
9882	0.00902697063352534
3408	0.009125638134838677
3106	0.009292310357246088
4897	0.009292310357246088
13032	0.009292310357246088
13327	0.009292310357246088
175	0.009576321051404244
1467	0.009760328412117965
3378	0.009760328412117965
9130	0.009893131857191451
4126	0.009958999246875745
2302	0.010059002580320192
