1330	0.0
2631	0.0
2725	0.0
3481	0.0
5109	0.0
5647	0.0
6173	0.0
6647	0.0
6952	0.0
7781	0.0
8597	0.0
10383	0.0
10403	0.0
10698	0.0
10999	0.0
11199	0.0
311	0.00013333777792593014
609	0.00013333777792593014
1621	0.00013333777792593014
2485	0.00013333777792593014
6997	0.00013333777792593014
7569	0.00013333777792593014
9932	0.00013333777792593014
12213	0.00016667222240741332
13645	0.00016667222240741332
11914	0.00020000666688889564
3148	0.0002000066668888965
9563	0.0003000100003333443
1521	0.00033334444481482794
1808	0.0004666822227407581
849	0.0005000166672222408
2313	0.0005000166672222408
12176	0.0005333511117037236
1602	0.0006333544451481718
1017	0.0007000233341111373
1635	0.0007000233341111373
1967	0.0007000233341111373
2372	0.0007000233341111373
2830	0.0007000233341111373
3365	0.0007000233341111373
3591	0.0007000233341111373
3715	0.0007000233341111373
4759	0.0007000233341111373
5712	0.0007000233341111373
6657	0.0007000233341111373
8366	0.0007000233341111373
8782	0.0007000233341111373
9234	0.0007000233341111373
9248	0.0007000233341111373
10892	0.0007000233341111373
13250	0.0007000233341111373
13595	0.0007000233341111373
3419	0.0007333577785926196
12662	0.0007333577785926196
479	0.0008000266675555852
1102	0.0008000266675555852
1818	0.0008000266675555852
3081	0.0008000266675555852
3386	0.0008000266675555852
3816	0.0008000266675555852
4683	0.0008000266675555852
6077	0.0008000266675555852
6356	0.0008000266675555852
6799	0.0008000266675555852
7206	0.0008000266675555852
7836	0.0008000266675555852
8033	0.0008000266675555852
8461	0.0008000266675555852
8732	0.0008000266675555852
9439	0.0008000266675555852
463	0.0008333611120370675
866	0.0008333611120370675
1079	0.0008333611120370675
1627	0.0008333611120370675
2954	0.0008333611120370675
3524	0.0008333611120370675
3918	0.0008333611120370675
4707	0.0008333611120370675
5364	0.0008333611120370675
7202	0.0008333611120370675
7900	0.0008333611120370675
10061	0.0008333611120370675
10862	0.0008333611120370675
422	0.0008333611120370683
912	0.0008333611120370683
1015	0.0008333611120370683
1098	0.0008333611120370683
1280	0.0008333611120370683
1723	0.0008333611120370683
1838	0.0008333611120370683
2006	0.0008333611120370683
2087	0.0008333611120370683
2102	0.0008333611120370683
2665	0.0008333611120370683
3049	0.0008333611120370683
3152	0.0008333611120370683
3836	0.0008333611120370683
4032	0.0008333611120370683
4775	0.0008333611120370683
4951	0.0008333611120370683
