11668	0.0016333877795926544
280	0.0016667222240741367
614	0.0016667222240741367
8967	0.0024334144471482404
11428	0.004133471115703868
5148	0.004966832227740926
6493	0.005033501116703891
12305	0.005033501116703891
3745	0.005033501116703892
7816	0.0066002200073335794
7403	0.007566918897296585
7712	0.008300276675889185
211	0.008300276675889198
7751	0.008300276675889198
8609	0.008300276675889198
8994	0.008300276675889198
9657	0.008300276675889198
12167	0.008300276675889198
13330	0.008300276675889198
1563	0.0083002766758892
3242	0.0083002766758892
10612	0.008333611120370682
4224	0.008333611120370687
3676	0.008500283342778097
2472	0.009966998899963333
8754	0.009966998899963343
13117	0.010000333344444815
4190	0.010033667788926287
1179	0.010400346678222604
10598	0.010833694456481887
6280	0.01083369445648189
4948	0.010867028900963364
4713	0.011100370012333745
5553	0.011467048901630058
7	0.011600386679555987
555	0.011600386679555987
1305	0.011600386679555987
2669	0.011600386679555987
2923	0.011600386679555987
7200	0.011600386679555987
8616	0.011600386679555987
10835	0.011600386679555987
13507	0.011600386679555987
13671	0.011600386679555987
5488	0.011633721124037476
11040	0.011633721124037476
13417	0.011633721124037476
7829	0.011667055568518951
12434	0.011667055568518955
12453	0.011700390013000437
197	0.011800393346444879
11409	0.011833727790926365
6998	0.013133771125704184
7009	0.013300443348111599
1421	0.013333777792593076
11561	0.013367112237074557
10750	0.013700456681889394
4516	0.014467148904963489
8045	0.014967165572185743
2398	0.01496716557218575
6377	0.01496716557218575
9150	0.015033834461148698
12956	0.015033834461148704
13034	0.015033834461148709
3324	0.015033834461148718
4594	0.015167172239074638
9769	0.0158005266842228
7831	0.015833861128704288
12403	0.015900530017667253
1663	0.016567218907296902
4509	0.016633887796259864
10767	0.016633887796259864
11057	0.016633887796259864
3535	0.016667222240741353
8759	0.016667222240741353
11754	0.016667222240741353
1520	0.01666722224074136
8729	0.016800560018667296
6285	0.017633921130704347
4505	0.01770059001966731
8197	0.018133937797926603
1609	0.018300610020334007
3471	0.018333944464815486
8286	0.018333944464815496
11759	0.018367278909296972
2085	0.01836727890929698
964	0.018533951131704383
9810	0.01923397446581554
505	0.01946731557718591
2268	0.019567318910630356
2619	0.01966732224407479
8396	0.020000666688889623
4293	0.020634021134037804
8360	0.020867362245408173
6043	0.021034034467815592
2038	0.02163405446848228
2134	0.02163405446848228
2202	0.02163405446848228
4261	0.02163405446848228
4957	0.02166738891296377
