8182	0.0007666922230740725
11267	0.0016000533351110957
2676	0.0025334177805927394
4723	0.0025334177805927394
294	0.0025667522250742147
548	0.0025667522250742147
710	0.0025667522250742147
1394	0.0025667522250742147
1444	0.0025667522250742147
1703	0.0025667522250742147
3455	0.0025667522250742147
4248	0.0025667522250742147
6326	0.0025667522250742147
8336	0.0025667522250742147
9005	0.0025667522250742147
10563	0.0025667522250742147
11604	0.0025667522250742147
11628	0.0025667522250742147
4495	0.004100136671222332
1116	0.0067002233407779666
12933	0.0074669155638520945
11466	0.009200306676889258
8549	0.010033667788926282
8877	0.010033667788926282
5570	0.010800360012000354
7580	0.011400380012667077
1254	0.012567085569519021
799	0.014100470015667166
1121	0.014100470015667166
4956	0.014100470015667166
4979	0.014100470015667166
8950	0.014100470015667166
10558	0.014100470015667166
12361	0.014100470015667166
829	0.014133804460148669
13113	0.015867195573185805
3940	0.01746724890829693
12263	0.019200640021334064
164	0.019233974465815568
260	0.019233974465815568
2367	0.019233974465815568
4938	0.019233974465815568
5909	0.019233974465815568
4905	0.02253408446948235
108	0.024134137804593447
13138	0.02596753225107501
11422	0.02700090003000105
11079	0.028600953365112175
3268	0.0292009733657789
10500	0.0292009733657789
8165	0.0292343078102604
8794	0.030867695589853028
6916	0.035867862262075445
11540	0.035867862262075445
2081	0.03590119670655692
10080	0.03590119670655692
11690	0.03590119670655692
12584	0.03596786559551979
12061	0.039201306710223704
5600	0.04263475449181636
7592	0.04550151671722394
1154	0.04586819560652025
2894	0.04586819560652025
10120	0.04586819560652025
12240	0.04590153005100173
4535	0.04706823560785356
803	0.04743491449714987
847	0.04743491449714987
1186	0.04743491449714987
1239	0.04743491449714987
4145	0.04743491449714987
6541	0.04743491449714987
2383	0.047468248941631375
1128	0.04920164005466851
10082	0.04920164005466851
151	0.050801693389779634
7049	0.050801693389779634
12941	0.050868362278742585
6901	0.050901696723224144
4242	0.0525350845028168
9008	0.0525350845028168
64	0.05256841894729827
378	0.05256841894729827
834	0.05256841894729827
5837	0.05256841894729827
5908	0.05256841894729827
7120	0.05256841894729827
7518	0.05256841894729827
8926	0.05256841894729827
8733	0.0527017567252242
534	0.052935097836594586
7736	0.052935097836594586
13082	0.053335111170372373
7581	0.054135137837927894
9227	0.054135137837927894
134	0.05586852895096506
2232	0.05590186339544653
5385	0.05916863895463187
8825	0.05916863895463187
5302	0.061835394513150455
