5129	0.0
7332	0.0
10775	0.0
18	0.00013333777792592927
362	0.00013333777792592927
1303	0.00013333777792592927
6335	0.00013333777792592927
8161	0.00013333777792592927
12224	0.00013333777792592927
2386	0.00016667222240741159
12106	0.0014333811127037605
8788	0.0014667155571852428
180	0.001500050001666725
1418	0.001500050001666725
107	0.0015333844461482074
10353	0.0015333844461482074
8736	0.001800060002000066
2	0.0018333944464815483
6279	0.0018333944464815483
7355	0.0018333944464815483
11539	0.0018333944464815483
4027	0.00200006666888896
3250	0.0021334044468148926
2433	0.0023667455581852757
12448	0.002766758891963067
7113	0.0031667722257408583
7267	0.0031667722257408583
1112	0.0032001066702223406
2296	0.0032001066702223406
3095	0.0032001066702223406
3211	0.0032001066702223406
4628	0.0032001066702223406
6133	0.0032001066702223406
6199	0.0032001066702223406
7770	0.0032001066702223406
7968	0.0032001066702223406
8964	0.0032001066702223406
10415	0.0032001066702223406
10543	0.0032001066702223406
10676	0.0032001066702223406
12794	0.0032001066702223406
13190	0.0032001066702223406
3683	0.003233441114703823
3968	0.003233441114703823
4443	0.003233441114703823
1795	0.0033001100036667876
12495	0.0033334444481482733
7627	0.003333444448148277
9067	0.0034334477815927203
2168	0.0034667822260742026
5006	0.0034667822260742026
6233	0.0034667822260742026
8361	0.0034667822260742026
3024	0.003566785559518646
43	0.003733457781926061
9570	0.0039334644488149655
5047	0.004833494449814998
7311	0.00486682889429647
183	0.004900163338777953
9595	0.004933497783259435
5122	0.004966832227740935
12955	0.005300176672555753
5200	0.005633521117370581
6482	0.005666855561852063
34	0.005766858895296512
10536	0.005833527784259482
6193	0.005866862228740957
9617	0.006366878895963206
9581	0.006500216673889132
13154	0.006500216673889132
8859	0.006533551118370607
3812	0.006533551118370614
12425	0.006533551118370614
12920	0.006533551118370614
9668	0.006566885562852096
839	0.006633554451815057
12932	0.00666688889629655
2141	0.006766892229740994
3684	0.0068002266742224725
3930	0.0068002266742224725
8700	0.0068002266742224725
9021	0.0068002266742224725
12572	0.0068002266742224725
10939	0.006800226674222476
5905	0.006833561118703955
11636	0.006833561118703955
1272	0.0069668988966298875
9781	0.0069668988966298875
273	0.006966898896629891
4134	0.007000233341111366
3003	0.007200240008000267
10348	0.007266908896963232
1432	0.007500250008333615
8173	0.00783359445314844
10734	0.008033601120037339
11463	0.008166938897963258
5125	0.008200273342444749
9042	0.008233607786926226
13136	0.008233607786926226
11227	0.00843361445381513
