11317	0.0003000100003333443
12111	0.0011000366678889303
4329	0.0011333711123704127
5794	0.0011333711123704127
8251	0.0011333711123704127
11056	0.0011333711123704127
8363	0.0014667155571852393
9290	0.001533384446148204
10631	0.0017667255575185854
2073	0.0022334077802593413
5073	0.0027334244474815847
2590	0.0027667588919630653
11623	0.002866762225407514
4266	0.0030334344478149273
6472	0.0030667688922964096
6374	0.003633454448481616
7061	0.003633454448481616
9612	0.004600153338444615
9091	0.00526684222807427
13265	0.00526684222807427
6230	0.005366845561518718
278	0.005533517783926132
329	0.005533517783926132
859	0.005533517783926132
3649	0.005533517783926132
6171	0.005533517783926132
7171	0.005533517783926132
8975	0.005533517783926132
74	0.005566852228407615
486	0.005566852228407615
506	0.005566852228407615
1279	0.005566852228407615
7701	0.005566852228407615
12122	0.005566852228407615
1569	0.005600186672889097
9110	0.00576685889529651
1955	0.005933531117703924
3929	0.005966865562185406
9221	0.006300210007000234
3182	0.0063668788959632
13008	0.007233574452481748
903	0.0076335877862595426
9961	0.0076335877862595426
1490	0.007800260008666956
2393	0.007800260008666956
5092	0.007800260008666956
5189	0.007800260008666956
6124	0.007800260008666956
6477	0.007800260008666956
7412	0.007800260008666956
7536	0.007800260008666956
8088	0.007800260008666956
10392	0.007800260008666956
11556	0.007800260008666956
12943	0.007800260008666956
2342	0.008866962232074402
3015	0.008866962232074402
2226	0.00943364778825961
3257	0.010200340011333709
4195	0.010567018900630021
10669	0.010867028900963365
14	0.011100370012333745
123	0.011100370012333745
288	0.011100370012333745
344	0.011100370012333745
368	0.011100370012333745
385	0.011100370012333745
443	0.011100370012333745
567	0.011100370012333745
593	0.011100370012333745
653	0.011100370012333745
779	0.011100370012333745
782	0.011100370012333745
935	0.011100370012333745
1018	0.011100370012333745
1049	0.011100370012333745
1138	0.011100370012333745
1368	0.011100370012333745
1465	0.011100370012333745
1489	0.011100370012333745
1491	0.011100370012333745
1518	0.011100370012333745
1624	0.011100370012333745
1633	0.011100370012333745
1721	0.011100370012333745
1782	0.011100370012333745
1788	0.011100370012333745
1848	0.011100370012333745
1873	0.011100370012333745
1901	0.011100370012333745
1933	0.011100370012333745
1941	0.011100370012333745
1957	0.011100370012333745
1993	0.011100370012333745
1997	0.011100370012333745
1998	0.011100370012333745
2030	0.011100370012333745
2075	0.011100370012333745
2210	0.011100370012333745
2234	0.011100370012333745
