2301	0.036850044624413596
4968	0.04182268840399476
7197	0.07293326790697165
1162	0.07822161542705236
4102	0.08744218291002076
6256	0.08744218291002076
2597	0.08760885513242817
1176	0.08769938233300803
9843	0.09077562735816902
10388	0.09077562735816902
3504	0.09080896180265051
10365	0.09080896180265051
12147	0.09094229958057641
3397	0.09094229958057644
4161	0.09127564402539126
1362	0.0913671490363426
5056	0.0940757373618358
9750	0.0940757373618358
7717	0.0943685575800261
12292	0.09574245958590993
30	0.09577579403039144
5393	0.09727584403205816
13272	0.09727584403205816
3983	0.09740918180998409
10346	0.09740918180998409
10516	0.09740918180998409
7572	0.0974425162544656
9733	0.0974425162544656
5980	0.09747585069894704
12462	0.09754251958790999
6971	0.09784122104789333
175	0.09787455549237478
7146	0.10044261625779902
297	0.10085400009322452
77	0.10240934848220648
11566	0.10257602070461388
7235	0.10404273626179913
12281	0.10404273626179913
8707	0.10407607070628061
1426	0.10414273959524359
12265	0.10414273959524362
7925	0.1045094184845399
2297	0.10492838669851304
5385	0.10494276626279919
1525	0.10574279293035474
793	0.10594279959724362
10770	0.10704283626513258
7021	0.10736592284293489
9076	0.10740951515442887
3301	0.10744284959891037
9685	0.10744284959891037
13129	0.10744284959891037
13333	0.10744284959891037
1301	0.10747618404339185
7381	0.10747618404339185
9625	0.10747618404339185
9945	0.10747618404339185
11338	0.10747618404339185
11398	0.10747618404339185
12127	0.10747618404339185
12279	0.10747618404339185
13035	0.10747618404339185
324	0.10747618404339188
3908	0.10750951848787335
5201	0.10750951848787335
6019	0.10750951848787335
6962	0.10750951848787335
9532	0.1075428529323548
8122	0.10757618737683627
10046	0.1076095218213178
9594	0.10764285626579931
12289	0.10804286959957704
12070	0.109142906267466
12620	0.109142906267466
4909	0.10917624071194748
4316	0.11074295960257718
2406	0.11077629404705863
4422	0.11077629404705863
7187	0.11077629404705863
720	0.11084296293602164
8052	0.11094296626946604
1256	0.1110063736118023
688	0.11109656746793739
4972	0.11244301627113279
10348	0.11370972516142916
3506	0.11394306627279949
7612	0.11394306627279951
12964	0.11404306960624394
6281	0.11407640405072542
1306	0.11407640405072544
5951	0.11407640405072544
6943	0.11407640405072544
12614	0.11407640405072544
1151	0.11410973849520692
2256	0.11410973849520695
2857	0.11410973849520695
3121	0.11410973849520695
7164	0.11410973849520695
702	0.1141430729396884
826	0.1141430729396884
