9543	0.0042334744491483115
12197	0.008200273342444752
606	0.008366945564852171
13322	0.010033667788926302
9690	0.01170039001300044
5014	0.013367112237074576
7945	0.0137004566818894
4126	0.014367145571519057
195	0.014867162238741292
8118	0.016667222240741367
7620	0.01670055668522285
11514	0.01670055668522285
679	0.018333944464815496
11806	0.018367278909296972
9015	0.019400646688222948
725	0.01996733224440814
3418	0.019967332244408147
6537	0.020000666688889637
8936	0.020000666688889637
2080	0.020034001133371122
11521	0.020067335577852605
966	0.0208340278009267
178	0.020900696689889673
1257	0.021034034467815602
7900	0.021667388912963766
10640	0.02166738891296377
5007	0.021700723357445252
7898	0.021700723357445252
3918	0.021700723357445256
7836	0.023000766692223076
13219	0.023234107803593453
10135	0.023267442248074935
10184	0.023267442248074935
10704	0.023267442248074935
5634	0.0233341111370379
786	0.023334111137037903
3487	0.023367445581519385
879	0.023367445581519392
5244	0.023400780026000875
11230	0.02353411780392681
12278	0.023600786692889772
10565	0.023700790026334212
6173	0.024234141138037936
12221	0.024300810027000897
1330	0.02433414447148237
7160	0.025000833361112043
9579	0.025067502250075
13105	0.02540084669488983
9578	0.026334211140371346
1268	0.026500883362778744
3004	0.02650088336277876
6022	0.026600886696223208
9558	0.026634221140704684
2967	0.02663422114070469
7253	0.026667555585186173
621	0.02666755558518618
1405	0.02666755558518618
2868	0.02666755558518618
6479	0.02666755558518618
8444	0.02666755558518618
11781	0.02666755558518618
106	0.026700890029667648
9067	0.02670089002966766
453	0.026700890029667662
11321	0.026700890029667662
12987	0.026700890029667662
10596	0.02673422447414915
1439	0.02773425780859362
4346	0.02776759225307511
5944	0.028300943364778827
12187	0.028300943364778827
2082	0.028734291143038108
5446	0.029167638921297367
5135	0.029434314477149236
10814	0.02943431447714924
948	0.029834327810927024
13312	0.029867662255408507
4275	0.029867662255408524
105	0.029934331144371475
2913	0.029967665588852957
5949	0.029967665588852957
12559	0.030001000033334432
2976	0.030001000033334436
8151	0.030001000033334443
9724	0.030001000033334443
2329	0.030001000033334446
9766	0.030001000033334453
11568	0.03003433447781592
12600	0.030034334477815925
1629	0.030034334477815932
2141	0.030034334477815932
5107	0.030034334477815932
9416	0.030034334477815935
2382	0.03006766892229741
11227	0.03010100336677889
9617	0.030201006700223344
1259	0.03036767892263076
761	0.031634387812927094
9123	0.031667722257408576
182	0.03166772225740859
