6152	0.005700190006333547
2186	0.009300310010333677
1350	0.009333644454815153
1103	0.00970032334411147
718	0.010333677789259648
8883	0.01070035667855595
4078	0.010900363345444846
416	0.012967098903296774
8970	0.014000466682222741
10004	0.014033801126704217
527	0.014067135571185704
2165	0.015067168905630186
4032	0.015633854461815394
282	0.015667188906296883
4017	0.01583386112870429
758	0.015900530017667263
138	0.015933864462148742
10380	0.0160005333511117
1558	0.017200573352445084
13463	0.01736724557485249
6172	0.017633921130704357
12995	0.017667255575185836
13004	0.0179339311310377
1607	0.01800060002000067
12213	0.01826727557585253
11648	0.019000633354445153
1416	0.019033967798926632
448	0.019067302243408114
8847	0.01910063668788959
1272	0.0191006366878896
10022	0.01913397113237109
774	0.01923397446581553
52	0.019267308910297015
6118	0.019300643354778494
12629	0.02056735224507483
640	0.020634021134037808
1309	0.020634021134037808
5881	0.020634021134037808
9645	0.020734024467482244
2870	0.020734024467482248
12345	0.020834027800926698
11328	0.020934031134371145
6350	0.020967365578852627
7621	0.02096736557885263
1120	0.02100070002333411
4734	0.021434047801593394
2421	0.021967398913297118
10586	0.022167405580186005
1326	0.022334077802593423
5220	0.022334077802593423
12397	0.022334077802593423
7377	0.0223674122470749
13031	0.022367412247074902
1109	0.022467415580519356
6013	0.022634087802926764
3947	0.022667422247408243
335	0.02303410113670455
6322	0.023867462248741624
2227	0.024034134471149035
7885	0.024034134471149035
10694	0.024067468915630517
2427	0.02416747224907497
5007	0.02426747558251942
6077	0.024267475582519422
158	0.024300810027000894
10555	0.024300810027000894
83	0.0243008100270009
2131	0.024334144471482376
6045	0.02433414447148238
5109	0.024767492249741667
12324	0.025300843361445377
8092	0.025700856695223175
13219	0.025800860028667622
10775	0.025834194473149105
4342	0.02593419780659355
6308	0.025934197806593555
4493	0.025967532251075037
6325	0.02613420447348245
5353	0.027267575585852865
6567	0.027300910030334347
8325	0.027300910030334347
12261	0.027334244474815826
10613	0.02736757891929732
683	0.027400913363778787
9579	0.02763425447514917
11268	0.027667588919630656
11281	0.02770092336411213
9247	0.028100936697889933
13027	0.02816760558685289
5360	0.028434281142704756
1259	0.028600953365112168
832	0.028934297809927
5800	0.028934297809927
12460	0.028934297809927
5632	0.028934297809927005
7359	0.028934297809927005
1869	0.02896763225440848
3503	0.02896763225440848
11071	0.02896763225440848
3098	0.028967632254408484
