12704	0.07863595453181774
4258	0.08536951231707723
1593	0.08956965232174405
11986	0.09193639787992933
2654	0.09773659121970732
10465	0.0979365978865962
3613	0.09866995566518882
8138	0.10050335011167039
8967	0.10050335011167039
1599	0.10120337344578152
4666	0.10293676455881862
1512	0.10460348678289276
7940	0.10693689789659655
6472	0.10700356678555951
9787	0.10790359678655956
11361	0.10867028900963364
13018	0.10867028900963364
6399	0.11110370345678189
4388	0.11137037901263375
10742	0.11200373345778192
13471	0.11283709456981898
1667	0.11363712123737457
154	0.11440381346044867
4524	0.1145371512383746
8976	0.11457048568285609
13547	0.11510383679455981
5208	0.1153038434614487
785	0.11533717790593019
1421	0.1170705690189673
12571	0.11787059568652289
4261	0.11790393013100435
3469	0.11797059901996733
4612	0.11863728790959698
7194	0.11890396346544885
2206	0.11933731124370812
1844	0.1195706523550785
505	0.12007066902230074
1638	0.12013733791126369
11403	0.12030401013367112
11409	0.1211040368012267
197	0.12113737124570818
964	0.12113737124570818
5572	0.12120404013467115
5150	0.12123737457915264
7673	0.12123737457915265
2708	0.12183739457981932
4948	0.12193739791326377
8323	0.12193739791326377
1747	0.12197073235774525
4712	0.12197073235774525
8222	0.12200406680222672
11933	0.12200406680222672
5334	0.12200406680222674
10462	0.12287076235874528
4509	0.12290409680322678
12403	0.12350411680389345
5288	0.12393746458215274
13144	0.12460415347178239
1279	0.12463748791626388
7554	0.12467082236074535
4594	0.12523750791693056
2566	0.12527084236141203
2299	0.1253041768058935
11128	0.1253041768058935
10508	0.125337511250375
2178	0.12543751458381946
4138	0.12620420680689357
11621	0.12643754791826392
2619	0.1265042168072269
170	0.12673755791859728
4713	0.12677089236307876
1387	0.12697089902996767
10767	0.12703756791893062
7816	0.12707090236341212
726	0.12723757458581952
7050	0.1278709290309677
8609	0.12790426347544917
9657	0.12790426347544917
11413	0.12790426347544917
12167	0.12790426347544917
8755	0.1282042734757825
2215	0.12867095569852327
2943	0.12867095569852327
8193	0.12867095569852327
12554	0.12867095569852327
13671	0.12867095569852327
5488	0.12870429014300477
7831	0.12950431681056035
5209	0.12953765125504185
9147	0.12963765458848628
9806	0.13023767458915297
3302	0.13027100903363445
3369	0.13027100903363445
6468	0.13027100903363445
669	0.13030434347811592
6244	0.13030434347811592
9315	0.1303376779225974
746	0.1308043601453382
2662	0.13107103570119003
17	0.13107103570119005
