2080	0.0
5014	0.0
7772	0.0
13322	0.0
11321	3.333444448148232e-05
12987	3.333444448148232e-05
2967	3.3334444481489256e-05
10565	6.666888896297157e-05
178	0.0008666955565185507
13105	0.0012667088902963506
606	0.001666722224074135
7160	0.001666722224074135
679	0.001700056668555626
10640	0.001700056668555626
12187	0.001700056668555626
7898	0.0017333911130371065
12197	0.00183339444648155
4126	0.002333411113703791
9543	0.002466748891629721
9766	0.0033334444481482716
786	0.0033334444481482785
9416	0.003366778892629754
2441	0.003366778892629761
7205	0.0033667788926297626
9138	0.0034667822260742026
7945	0.0036667888929630982
9015	0.004333477782592753
3918	0.004966832227740925
9690	0.005000166672222408
7900	0.005000166672222414
879	0.006666888896296543
1629	0.006666888896296543
6537	0.006666888896296543
8936	0.006666888896296543
10685	0.006666888896296543
453	0.006666888896296545
1367	0.006666888896296545
7620	0.006666888896296545
11514	0.006666888896296545
5191	0.006666888896296547
5305	0.006666888896296547
428	0.006700223340778027
5244	0.006700223340778027
7631	0.006700223340778027
10386	0.006700223340778027
10596	0.006700223340778027
11521	0.006700223340778027
12162	0.006700223340778027
12278	0.006700223340778027
2335	0.0067002233407780325
3418	0.0067002233407780325
11766	0.0067002233407780325
621	0.006700223340778034
1405	0.006700223340778034
2868	0.006700223340778034
6479	0.006700223340778034
8444	0.006700223340778034
10716	0.0067335577852595165
3004	0.006800226674222478
10548	0.006833561118703967
966	0.007500250008333608
5080	0.008333611120370675
182	0.008333611120370682
2220	0.009866995566518886
4760	0.009966998899963333
8118	0.009966998899963333
10400	0.010000333344444815
105	0.010000333344444818
2913	0.010000333344444818
2329	0.01000033334444482
10063	0.01000033334444482
761	0.010000333344444822
4468	0.010000333344444822
10135	0.010000333344444822
10184	0.010000333344444822
10704	0.010000333344444822
11806	0.010000333344444822
6103	0.010033667788926297
2647	0.010100336677889269
5135	0.010500350011667058
9123	0.011600386679555976
9674	0.01166705556851895
13395	0.012533751125037502
9578	0.013000433347778265
4275	0.013167105570185673
3973	0.01320044001466716
681	0.013233774459148641
7253	0.013267108903630117
6022	0.013333777792593095
10705	0.013367112237074567
6260	0.013367112237074569
1257	0.013367112237074574
3101	0.013367112237074577
5446	0.013400446681556051
1190	0.01360045334844494
4346	0.014500483349444997
3019	0.015033834461148704
2072	0.015100503350111661
12547	0.015133837794593158
7502	0.015267175572519085
