7389	0.00333344444814827
13054	0.0033667788926297453
4007	0.0035001166705556745
11418	0.006633554451815061
1111	0.006666888896296547
3640	0.006666888896296547
8886	0.006700223340778022
7379	0.006700223340778029
13443	0.006833561118703951
3189	0.009933664455481838
3969	0.010000333344444806
12214	0.013267108903630115
10822	0.013267108903630118
11324	0.013267108903630136
278	0.013300443348111597
4290	0.013367112237074576
285	0.01410047001566718
88	0.014733824460815354
5224	0.014967165572185755
6935	0.016633887796259864
22	0.016833894463148785
8986	0.01833394446481551
6117	0.019867328910963704
4419	0.019933997799926655
3977	0.020000666688889633
13436	0.02000066668888964
6938	0.020034001133371126
13086	0.02016733891129706
10170	0.020834027800926695
7735	0.021634054468482294
10696	0.022467415580519352
4038	0.02330077669255641
7830	0.02330077669255641
7015	0.023300776692556424
11686	0.023334111137037903
13363	0.023334111137037903
1914	0.02333411113703791
7644	0.023367445581519375
520	0.02336744558151938
6146	0.0233674455815194
7785	0.023367445581519403
10519	0.023367445581519403
1566	0.023400780026000885
12969	0.023400780026000885
4094	0.02346744891496384
8130	0.024367478915963862
12205	0.02490083002766758
3655	0.025000833361112022
6341	0.025034167805593515
4424	0.025067502250075015
4022	0.02580086002866763
12082	0.026567552251741726
6205	0.026600886696223194
11618	0.026600886696223194
11688	0.02663422114070469
10567	0.026634221140704697
12113	0.026634221140704697
2017	0.026634221140704708
110	0.026667555585186166
1979	0.026667555585186166
7941	0.026667555585186166
12226	0.026667555585186166
1589	0.02666755558518618
2094	0.02670089002966767
2458	0.02670089002966767
4203	0.026800893363112095
6512	0.027334244474815843
6087	0.028334277809260303
7309	0.028334277809260323
2097	0.029534317810593694
5961	0.02993433114437147
9065	0.029934331144371475
11359	0.02996766558885295
7380	0.029967665588852964
4957	0.030001000033334453
9215	0.030001000033334453
3905	0.030034334477815942
557	0.03013433781126037
6043	0.030634354478482628
8360	0.030801026700890046
825	0.031034367812260398
1746	0.0316343878129271
9810	0.03243441448048268
5099	0.03246774892496417
2268	0.03290109670322344
7664	0.03326777559251974
5968	0.03326777559251976
2073	0.03330111003700123
5278	0.03330111003700123
6312	0.03330111003700124
10590	0.033301110037001244
9281	0.03333444448148271
2085	0.03343444781492717
1520	0.03500116670555686
4293	0.035634521150705034
12122	0.0364678822627421
145	0.036601220040668035
12354	0.036601220040668035
3324	0.036634554485149504
10469	0.03666788892963098
