1386	0.0
497	3.3334444481489256e-05
788	3.3334444481489256e-05
2888	3.3334444481489256e-05
3239	3.3334444481489256e-05
6980	3.3334444481489256e-05
711	6.666888896297851e-05
5428	6.666888896297851e-05
10813	0.00033334444481483705
9040	0.0013667122237407958
12050	0.0015333844461482143
12111	0.0015333844461482143
1291	0.0016333877795926405
1845	0.0016333877795926405
2047	0.0016333877795926405
2198	0.0016333877795926405
4003	0.0016333877795926405
4920	0.0016333877795926405
5412	0.0016333877795926405
5986	0.0016333877795926405
6048	0.0016333877795926405
6285	0.0016333877795926405
7497	0.0016333877795926405
8596	0.0016333877795926405
8967	0.0016333877795926405
9262	0.0016333877795926405
10519	0.0016333877795926405
10635	0.0016333877795926405
11864	0.0016333877795926405
12117	0.0016333877795926405
12467	0.0016333877795926405
66	0.0016667222240741297
130	0.0016667222240741297
136	0.0016667222240741297
278	0.0016667222240741297
280	0.0016667222240741297
310	0.0016667222240741297
325	0.0016667222240741297
394	0.0016667222240741297
478	0.0016667222240741297
708	0.0016667222240741297
825	0.0016667222240741297
898	0.0016667222240741297
1133	0.0016667222240741297
1348	0.0016667222240741297
1666	0.0016667222240741297
1746	0.0016667222240741297
1893	0.0016667222240741297
2017	0.0016667222240741297
2202	0.0016667222240741297
2222	0.0016667222240741297
2526	0.0016667222240741297
2781	0.0016667222240741297
2882	0.0016667222240741297
2928	0.0016667222240741297
2939	0.0016667222240741297
3201	0.0016667222240741297
3242	0.0016667222240741297
3445	0.0016667222240741297
3925	0.0016667222240741297
4336	0.0016667222240741297
4395	0.0016667222240741297
4419	0.0016667222240741297
4501	0.0016667222240741297
4963	0.0016667222240741297
5069	0.0016667222240741297
5087	0.0016667222240741297
5162	0.0016667222240741297
5176	0.0016667222240741297
5579	0.0016667222240741297
6081	0.0016667222240741297
6158	0.0016667222240741297
6316	0.0016667222240741297
6987	0.0016667222240741297
6998	0.0016667222240741297
7119	0.0016667222240741297
7135	0.0016667222240741297
7200	0.0016667222240741297
7309	0.0016667222240741297
7535	0.0016667222240741297
7566	0.0016667222240741297
7567	0.0016667222240741297
7601	0.0016667222240741297
7605	0.0016667222240741297
7724	0.0016667222240741297
7785	0.0016667222240741297
7954	0.0016667222240741297
8197	0.0016667222240741297
8210	0.0016667222240741297
8445	0.0016667222240741297
8591	0.0016667222240741297
8890	0.0016667222240741297
9215	0.0016667222240741297
9276	0.0016667222240741297
9307	0.0016667222240741297
9530	0.0016667222240741297
9531	0.0016667222240741297
9726	0.0016667222240741297
9760	0.0016667222240741297
9783	0.0016667222240741297
