5295	0.002262263032599736
6094	0.004839576640513415
11261	0.005296923378035466
13243	0.005330257822516955
895	0.005867129395167182
12237	0.006168475227631646
383	0.0076679908964459205
4088	0.008318146147047942
2384	0.00870487913631839
2431	0.00947685205081224
2019	0.009668591898187324
1162	0.009701926342668813
2411	0.009701926342668813
12065	0.009701926342668813
1202	0.009798251983250841
1241	0.009844222504876907
3261	0.00996492420565826
8072	0.00996492420565826
5280	0.010098261983584175
127	0.010131596428065664
308	0.010131596428065664
7703	0.010131596428065664
8331	0.010131596428065664
13163	0.010131596428065664
1343	0.010164930872547153
92	0.010169410064688245
4939	0.010852365426919303
5947	0.011120801213244417
9808	0.011235845121669466
374	0.011416489253352577
13245	0.01154247164555368
10429	0.011664980874213879
3001	0.011798318652139808
551	0.012002804511169793
13553	0.012002804511169793
12338	0.01238563993855719
4409	0.012670829232930567
7172	0.012868698568409668
8676	0.013298368653806533
10354	0.013298368653806533
2046	0.013331703098288008
7930	0.013331703098288008
12489	0.013331703098288008
1141	0.013465040876213938
1858	0.013465040876213938
3492	0.013465040876213938
4086	0.013465040876213938
7576	0.013465040876213938
8233	0.013465040876213938
8778	0.013465040876213938
9532	0.013465040876213938
10141	0.013465040876213938
11564	0.013465040876213938
12542	0.013465040876213938
929	0.013498375320695427
1174	0.013498375320695427
2439	0.013498375320695427
2825	0.013498375320695427
2905	0.013498375320695427
2937	0.013498375320695427
3272	0.013498375320695427
3799	0.013498375320695427
3956	0.013498375320695427
4030	0.013498375320695427
4466	0.013498375320695427
4483	0.013498375320695427
4968	0.013498375320695427
5652	0.013498375320695427
6227	0.013498375320695427
6725	0.013498375320695427
6802	0.013498375320695427
7286	0.013498375320695427
7396	0.013498375320695427
7610	0.013498375320695427
7817	0.013498375320695427
8030	0.013498375320695427
8894	0.013498375320695427
8932	0.013498375320695427
9288	0.013498375320695427
9604	0.013498375320695427
9768	0.013498375320695427
10770	0.013498375320695427
11439	0.013498375320695427
11500	0.013498375320695427
11942	0.013498375320695427
12470	0.013498375320695427
13091	0.013498375320695427
3975	0.013898970284731256
867	0.014635424125928252
13143	0.015131763100288081
11369	0.015171761365726028
7043	0.015301578682705447
1335	0.01549844198958438
13162	0.015670929236264
7508	0.015752418831186953
4082	0.015831943666315133
9179	0.015842614983664946
8828	0.015852532099141704
5429	0.015898455323362183
2454	0.01630561951354329
