5450	0.000133337777925931
5156	0.00033334444481482664
11356	0.00033334444481482664
42	0.0005000166672222408
115	0.0005000166672222408
131	0.0005000166672222408
190	0.0005000166672222408
258	0.0005000166672222408
267	0.0005000166672222408
296	0.0005000166672222408
453	0.0005000166672222408
496	0.0005000166672222408
516	0.0005000166672222408
545	0.0005000166672222408
618	0.0005000166672222408
683	0.0005000166672222408
911	0.0005000166672222408
1165	0.0005000166672222408
1293	0.0005000166672222408
1344	0.0005000166672222408
1354	0.0005000166672222408
1404	0.0005000166672222408
1581	0.0005000166672222408
1582	0.0005000166672222408
1953	0.0005000166672222408
2087	0.0005000166672222408
2149	0.0005000166672222408
2150	0.0005000166672222408
2376	0.0005000166672222408
2417	0.0005000166672222408
2485	0.0005000166672222408
2706	0.0005000166672222408
2728	0.0005000166672222408
2755	0.0005000166672222408
2908	0.0005000166672222408
2913	0.0005000166672222408
2988	0.0005000166672222408
3048	0.0005000166672222408
3099	0.0005000166672222408
3103	0.0005000166672222408
3259	0.0005000166672222408
3285	0.0005000166672222408
3286	0.0005000166672222408
3307	0.0005000166672222408
3933	0.0005000166672222408
3951	0.0005000166672222408
3981	0.0005000166672222408
3990	0.0005000166672222408
4206	0.0005000166672222408
4273	0.0005000166672222408
4476	0.0005000166672222408
4593	0.0005000166672222408
4673	0.0005000166672222408
4674	0.0005000166672222408
4685	0.0005000166672222408
4977	0.0005000166672222408
4994	0.0005000166672222408
5085	0.0005000166672222408
5120	0.0005000166672222408
5121	0.0005000166672222408
5220	0.0005000166672222408
5264	0.0005000166672222408
5284	0.0005000166672222408
5326	0.0005000166672222408
5390	0.0005000166672222408
5526	0.0005000166672222408
5556	0.0005000166672222408
5615	0.0005000166672222408
6178	0.0005000166672222408
6189	0.0005000166672222408
6213	0.0005000166672222408
6228	0.0005000166672222408
6239	0.0005000166672222408
6307	0.0005000166672222408
6476	0.0005000166672222408
6478	0.0005000166672222408
6633	0.0005000166672222408
6690	0.0005000166672222408
7239	0.0005000166672222408
7291	0.0005000166672222408
7377	0.0005000166672222408
7437	0.0005000166672222408
7653	0.0005000166672222408
7654	0.0005000166672222408
7683	0.0005000166672222408
7826	0.0005000166672222408
7932	0.0005000166672222408
7939	0.0005000166672222408
8184	0.0005000166672222408
8279	0.0005000166672222408
8448	0.0005000166672222408
8914	0.0005000166672222408
8927	0.0005000166672222408
8940	0.0005000166672222408
9113	0.0005000166672222408
9298	0.0005000166672222408
9316	0.0005000166672222408
9825	0.0005000166672222408
10366	0.0005000166672222408
10535	0.0005000166672222408
