5085	0.0
8914	0.0
6069	3.333444448148232e-05
11531	3.333444448148232e-05
12089	3.333444448148232e-05
9722	0.00010000333344444869
3779	0.00016667222240741332
7697	0.00016667222240741332
11804	0.00016667222240741332
6637	0.00020000666688889564
8252	0.00020000666688889564
3107	0.0002333411113703797
5468	0.00033334444481482664
764	0.0003333444448148284
8545	0.0003333444448148284
12003	0.0003333444448148284
178	0.0003666788892963107
254	0.0003666788892963107
335	0.0003666788892963107
1682	0.0003666788892963107
2250	0.0003666788892963107
3740	0.0003666788892963107
4139	0.0003666788892963107
4434	0.0003666788892963107
5154	0.0003666788892963107
5462	0.0003666788892963107
7962	0.0003666788892963107
8320	0.0003666788892963107
8968	0.0003666788892963107
9401	0.0003666788892963107
9827	0.0003666788892963107
12627	0.0003666788892963107
13070	0.0003666788892963107
4695	0.000400013333777793
8730	0.000400013333777793
11485	0.000400013333777793
2109	0.0004333477782592753
9112	0.0004333477782592753
113	0.00046668222274075764
272	0.00046668222274075764
477	0.00046668222274075764
596	0.00046668222274075764
663	0.00046668222274075764
1197	0.00046668222274075764
1274	0.00046668222274075764
2029	0.00046668222274075764
2069	0.00046668222274075764
2310	0.00046668222274075764
2775	0.00046668222274075764
3510	0.00046668222274075764
3933	0.00046668222274075764
4050	0.00046668222274075764
4089	0.00046668222274075764
4132	0.00046668222274075764
4345	0.00046668222274075764
4497	0.00046668222274075764
4573	0.00046668222274075764
4748	0.00046668222274075764
4967	0.00046668222274075764
5284	0.00046668222274075764
5307	0.00046668222274075764
5446	0.00046668222274075764
5494	0.00046668222274075764
5595	0.00046668222274075764
5786	0.00046668222274075764
6013	0.00046668222274075764
6152	0.00046668222274075764
6216	0.00046668222274075764
6928	0.00046668222274075764
7218	0.00046668222274075764
7496	0.00046668222274075764
7731	0.00046668222274075764
7749	0.00046668222274075764
7885	0.00046668222274075764
8137	0.00046668222274075764
8522	0.00046668222274075764
8909	0.00046668222274075764
8923	0.00046668222274075764
9026	0.00046668222274075764
9130	0.00046668222274075764
9614	0.00046668222274075764
9680	0.00046668222274075764
9971	0.00046668222274075764
9999	0.00046668222274075764
10565	0.00046668222274075764
10777	0.00046668222274075764
10959	0.00046668222274075764
11130	0.00046668222274075764
11275	0.00046668222274075764
11311	0.00046668222274075764
11321	0.00046668222274075764
11481	0.00046668222274075764
11501	0.00046668222274075764
11666	0.00046668222274075764
11789	0.00046668222274075764
11907	0.00046668222274075764
11935	0.00046668222274075764
11993	0.00046668222274075764
12754	0.00046668222274075764
12987	0.00046668222274075764
