10619	0.0033334444481482642
4158	0.010033667788926287
7130	0.01326710890363012
10972	0.01573385779525984
6114	0.01666722224074135
86	0.020000666688889626
1152	0.020034001133371105
10553	0.021834061135371174
12949	0.02333411113703789
7809	0.023367445581519364
12385	0.028400946698223278
2256	0.0285342844761492
12133	0.0299343311443715
9533	0.029967665588852953
12417	0.030034334477815918
3056	0.0326010867028901
12414	0.036567885596186546
9733	0.03660122004066802
13104	0.03660122004066802
2301	0.036634554485149504
10370	0.03666788892963097
4154	0.03666788892963098
9036	0.03666788892963098
9850	0.03666788892963098
10495	0.03666788892963098
2977	0.036667888929630986
12462	0.036767892263075426
3538	0.03676789226307543
10046	0.03676789226307543
2956	0.03680122670755692
12070	0.038267942264742165
1269	0.03833461115370511
7925	0.03960132004400148
7149	0.039867995599853316
10516	0.039934664488816315
1278	0.03996799893329778
2230	0.03996799893329778
9750	0.04166805560185341
12058	0.04296809893663123
11301	0.043334777825927505
9130	0.0434014467148905
11431	0.04473482449414981
6256	0.04493483116103872
10546	0.04496816560552018
77	0.045001500050001676
12572	0.04660155338511286
8689	0.04746824894163139
10388	0.04823494116470551
7355	0.048301610053668446
11566	0.04846828227607586
12292	0.048601620054001815
3121	0.04993499783326111
6142	0.0499683322777426
5629	0.050001666722224065
13272	0.05010167005566854
107	0.051635054501816734
10869	0.0516683889462982
6407	0.05316843894796493
118	0.05320177339244641
9556	0.05323510783692789
4132	0.053235107836927906
4220	0.053268442281409374
7164	0.053268442281409374
2857	0.05326844228140938
5297	0.05326844228140938
6281	0.05330177672589086
26	0.05330177672589087
5951	0.05330177672589088
12614	0.05330177672589088
7376	0.053368445614853814
12555	0.05346844894829826
2392	0.05470182339411314
3983	0.05506850228340946
5056	0.056568552285076186
12125	0.05680189339644654
8283	0.058068602286742876
4014	0.05833527784259474
10484	0.05836861228707624
1144	0.05990199673322442
2264	0.05996866562218739
4095	0.05996866562218741
1306	0.05996866562218742
5980	0.059968665622187424
6943	0.059968665622187424
11636	0.060002000066668885
11290	0.061268708956965234
2274	0.061735391179705994
5393	0.06180206006866897
10661	0.06296876562552084
30	0.06316877229240976
7572	0.06326877562585419
4102	0.0632687756258542
2597	0.06336877895929867
44	0.06340211340378012
3397	0.06343544784826162
4161	0.06376879229307644
11237	0.06493549784992833
8170	0.06550218340611352
5272	0.06636887896263208
5370	0.06663555451848394
