2677	0.0
3470	0.0
4015	0.0
9620	0.0
32	3.333444448148232e-05
78	3.333444448148232e-05
303	3.333444448148232e-05
585	3.333444448148232e-05
2001	3.333444448148232e-05
2200	3.333444448148232e-05
2881	3.333444448148232e-05
2897	3.333444448148232e-05
3110	3.333444448148232e-05
4216	3.333444448148232e-05
4882	3.333444448148232e-05
5229	3.333444448148232e-05
5861	3.333444448148232e-05
6456	3.333444448148232e-05
6988	3.333444448148232e-05
7390	3.333444448148232e-05
8061	3.333444448148232e-05
9037	3.333444448148232e-05
9317	3.333444448148232e-05
11247	3.333444448148232e-05
11474	3.333444448148232e-05
11938	3.333444448148232e-05
12128	3.333444448148232e-05
13388	3.333444448148232e-05
573	0.00016667222240741159
1719	0.00016667222240741159
3561	0.00016667222240741159
3926	0.00016667222240741159
4150	0.00016667222240741159
4693	0.00016667222240741159
8727	0.00016667222240741159
10092	0.00016667222240741159
1651	0.0002000066668888939
10594	0.00033334444481482664
3789	0.0004000133337777913
896	0.0004666822227407559
10494	0.0004666822227407559
11694	0.0004666822227407559
3089	0.0006000200006666886
10014	0.0007333577785926179
7477	0.0007666922230741037
9996	0.0008333611120370683
2023	0.001066702223407448
405	0.0013667122237407923
5948	0.0013667122237407923
7833	0.0014000466682222747
7143	0.0015000500016667216
9544	0.0015000500016667216
4217	0.0016333877795926544
6444	0.0016333877795926544
9990	0.0016333877795926544
10491	0.0016333877795926544
59	0.0016667222240741367
1503	0.0016667222240741367
1513	0.0016667222240741367
5038	0.0016667222240741367
7843	0.0016667222240741367
8713	0.0016667222240741367
10637	0.0016667222240741367
10697	0.0016667222240741367
11054	0.0016667222240741367
13555	0.0016667222240741367
3958	0.001700056668555619
10944	0.001700056668555619
10073	0.0020000666688889633
9256	0.0020334011133704456
10664	0.0020334011133704456
550	0.0028000933364445493
6629	0.0028000933364445493
13490	0.0028000933364445493
13693	0.0028000933364445493
10286	0.002833427780926028
10537	0.0029334311143704786
3416	0.002966765558851961
2128	0.0032667755591853087
2452	0.0032667755591853087
10520	0.0032667755591853087
4151	0.003300110003666791
6435	0.003300110003666791
6964	0.003300110003666791
7107	0.003300110003666791
7659	0.003300110003666791
11870	0.003300110003666791
11998	0.003300110003666791
13304	0.003300110003666791
743	0.00333344444814827
864	0.00333344444814827
1345	0.00333344444814827
1364	0.00333344444814827
2056	0.00333344444814827
2093	0.00333344444814827
2940	0.00333344444814827
3160	0.00333344444814827
3845	0.00333344444814827
3999	0.00333344444814827
4049	0.00333344444814827
