6398	0.0
6933	0.0
2216	3.3334444481489256e-05
2752	3.3334444481489256e-05
438	6.666888896297851e-05
752	0.001166705556851888
487	0.0016667222240741297
169	0.0017000566685556329
724	0.0017000566685556329
2159	0.0017000566685556329
3271	0.0017000566685556329
7489	0.0017000566685556329
10608	0.0017000566685556329
4543	0.0026000866695556624
8680	0.0026667555585185992
4029	0.003300110003666784
4207	0.003300110003666784
5451	0.003300110003666784
500	0.0033334444481482733
3242	0.0033334444481482733
5444	0.0033334444481482733
7444	0.0033334444481482733
13177	0.0033667788926297626
12050	0.0034667822260741887
12111	0.0034667822260741887
9040	0.0036334544484816073
7876	0.004233474449148317
10813	0.004666822227407566
711	0.0049334977832594246
5428	0.0049334977832594246
497	0.004966832227740914
788	0.004966832227740914
2888	0.004966832227740914
3239	0.004966832227740914
6980	0.004966832227740914
1386	0.005000166672222403
11839	0.005000166672222403
7762	0.005066835561185382
1291	0.0066335544518150436
1845	0.0066335544518150436
2047	0.0066335544518150436
2198	0.0066335544518150436
4003	0.0066335544518150436
4920	0.0066335544518150436
5412	0.0066335544518150436
5986	0.0066335544518150436
6048	0.0066335544518150436
6285	0.0066335544518150436
7497	0.0066335544518150436
8596	0.0066335544518150436
8967	0.0066335544518150436
9262	0.0066335544518150436
10519	0.0066335544518150436
10635	0.0066335544518150436
11864	0.0066335544518150436
12117	0.0066335544518150436
12467	0.0066335544518150436
66	0.006666888896296533
130	0.006666888896296533
136	0.006666888896296533
278	0.006666888896296533
280	0.006666888896296533
310	0.006666888896296533
325	0.006666888896296533
394	0.006666888896296533
478	0.006666888896296533
708	0.006666888896296533
825	0.006666888896296533
898	0.006666888896296533
1133	0.006666888896296533
1348	0.006666888896296533
1666	0.006666888896296533
1746	0.006666888896296533
1893	0.006666888896296533
2017	0.006666888896296533
2202	0.006666888896296533
2222	0.006666888896296533
2526	0.006666888896296533
2781	0.006666888896296533
2882	0.006666888896296533
2928	0.006666888896296533
2939	0.006666888896296533
3201	0.006666888896296533
3445	0.006666888896296533
3925	0.006666888896296533
4336	0.006666888896296533
4395	0.006666888896296533
4419	0.006666888896296533
4501	0.006666888896296533
4963	0.006666888896296533
5069	0.006666888896296533
5087	0.006666888896296533
5162	0.006666888896296533
5176	0.006666888896296533
5579	0.006666888896296533
6081	0.006666888896296533
6158	0.006666888896296533
6316	0.006666888896296533
6987	0.006666888896296533
6998	0.006666888896296533
