13053	0.0563085558898799
12246	0.05932550633075177
2921	0.05970963481666279
13163	0.061534008241757476
8331	0.06997111439102881
2061	0.07290822319826169
309	0.07383790995088078
3975	0.07426925223925379
7172	0.0744053568599229
8828	0.07622281405366424
3240	0.07657133439836238
3663	0.07657133439836238
9862	0.07657133439836238
1241	0.07732925423456051
3292	0.07857140106725133
1272	0.07920264008800293
7378	0.07953809995721434
1488	0.08129903239747391
2460	0.08177150773747366
5912	0.08177150773747366
5211	0.08323822329465891
9288	0.08323822329465892
12338	0.08332052090719232
4257	0.08394013870076683
13394	0.08523828996354788
5295	0.08527559117433121
12472	0.08584383929014525
2019	0.08620866654637331
10141	0.0886717377451406
7905	0.08990511219095547
1677	0.08992032124319344
8796	0.09003844996888138
3227	0.0903817014784797
342	0.09080514219195548
8893	0.09097949960361867
4631	0.09130883655204014
7870	0.0913660346308817
4375	0.091738506637437
11034	0.09177184108191848
13209	0.09177184108191848
9768	0.09177184108191849
8805	0.09293243964134931
12341	0.09343856330599261
533	0.09415428682214624
3173	0.09420314010467017
12284	0.09455622418562729
10694	0.09463586782561541
2431	0.09483402084756351
2384	0.09560599376205736
9748	0.09653866664277051
9820	0.09698192148581328
9636	0.0971543868254797
5147	0.09799958908269676
8212	0.09802474473516154
5068	0.09807205108891873
13091	0.09827205775580762
929	0.09840539553373355
2439	0.09840539553373355
2825	0.09840539553373355
2905	0.09840539553373355
3799	0.09840539553373355
4030	0.09840539553373355
4466	0.09840539553373355
4483	0.09840539553373355
5652	0.09840539553373355
6725	0.09840539553373355
6802	0.09840539553373355
7286	0.09840539553373355
8030	0.09840539553373355
11439	0.09840539553373355
11942	0.09840539553373355
12470	0.09840539553373355
1858	0.09843872997821504
3492	0.09843872997821504
8233	0.09843872997821504
895	0.09844374350320856
7867	0.09870540553406688
13243	0.099440790709559
8704	0.09944244100552194
3235	0.09953297352884498
5058	0.09977210775747433
4939	0.09977469892433774
9641	0.09981097152788654
12975	0.0998721110909188
891	0.09990544553540028
1532	0.09990544553540028
9004	0.09990544553540028
12493	0.09990544553540028
13615	0.09993877997988175
2890	0.09997211442436325
4409	0.10048115211297237
5429	0.1008054755364003
9633	0.10087002900096669
2012	0.10127215775914104
6118	0.10153883331499293
4214	0.10154260760153493
191	0.1017721744263633
127	0.10177217442636331
308	0.10177217442636331
5280	0.1018055088708448
