6101	0.008467390384584716
12304	0.010300343344778154
1408	0.01672240802675587
12504	0.016889190620735295
608	0.016889521735451385
5021	0.020045148662146045
2180	0.025056129518698553
10739	0.026000531121382994
11814	0.026667222240741348
10139	0.026756409160126976
11421	0.027035225588901993
6576	0.03003400113337111
11467	0.0316562391544601
24	0.03168957359894159
268	0.03338963026749721
4624	0.03338963026749721
5019	0.03341137123745819
3262	0.0334229647119787
12343	0.03631191385309275
2014	0.0367451490300513
3236	0.03841164828125261
12940	0.039911698282919364
3507	0.04278983323970329
4215	0.04496816560552018
9590	0.045078978663837296
869	0.04835679583968295
12720	0.04835679583968295
4566	0.050001666722224065
10355	0.050001666722224065
12298	0.050001666722224065
4271	0.05011203829425305
2304	0.050135445986438106
4458	0.05014537273873454
10450	0.05348996471565774
5115	0.05674559274606811
9864	0.058329425919548476
7812	0.058356795839682944
13299	0.05856242922701661
11285	0.058735401547944585
4445	0.060090520297164864
7141	0.06011226126712585
7387	0.061490566965387135
12432	0.061735055605532455
4245	0.06344581608684613
3512	0.06350144335914876
9051	0.06365685545148048
8717	0.0646014800270377
10856	0.06469067363560949
4364	0.0649348244718525
9918	0.06511253831092027
8719	0.06624458719415507
12443	0.06659073697105403
12558	0.06661302979887512
8027	0.06663555451848394
1534	0.06666899933453746
5030	0.06670233377901898
2067	0.06672407474897993
13520	0.06672407474897993
804	0.06674592609051293
13279	0.06674592609051293
451	0.06677926053499444
1118	0.0668344463210089
8199	0.0668344463210089
6755	0.06692307692307693
9000	0.0700023334111137
7169	0.07005751919712819
58	0.07128416320677802
1030	0.07181772391298215
10744	0.07184542717756141
7509	0.07216795743804613
2248	0.07341303795968226
1115	0.07343622267899452
3621	0.07355652100331994
5941	0.07507953721088363
857	0.07516220551833332
8484	0.07666922230741025
3653	0.07674625943495775
11877	0.07675751956503343
8520	0.07692329989594969
6181	0.0785287614380903
4067	0.08000266675555852
466	0.08024570718689507
7958	0.08039119698638784
7988	0.08235747880559229
67	0.08310321157862453
8449	0.0833027767592253
2774	0.08333622157527883
9619	0.08333622157527883
7279	0.08344648277573577
11610	0.08344648277573577
5232	0.0834464827757358
11282	0.08350166856175029
13110	0.08353511337780381
10591	0.0850359448993896
2512	0.0855902554611352
11335	0.085858045881351
2288	0.08589138032583249
6009	0.08672474143786955
742	0.08681281572261995
2422	0.08692341026752173
