11581	0.0006666888896296541
1515	0.0027000900030001
2473	0.0027000900030001
7166	0.0027000900030001
10049	0.0027000900030001
1521	0.0032334411147038234
6173	0.003300110003666789
7796	0.00393346444881496
6082	0.003966798893296443
3636	0.00453348444948165
7342	0.00453348444948165
7195	0.004800160005333511
9576	0.004800160005333511
416	0.005433514450481683
4499	0.005966865562185406
48	0.006000200006666889
84	0.006000200006666889
137	0.006000200006666889
198	0.006000200006666889
199	0.006000200006666889
204	0.006000200006666889
217	0.006000200006666889
242	0.006000200006666889
282	0.006000200006666889
307	0.006000200006666889
357	0.006000200006666889
365	0.006000200006666889
392	0.006000200006666889
412	0.006000200006666889
439	0.006000200006666889
469	0.006000200006666889
514	0.006000200006666889
532	0.006000200006666889
540	0.006000200006666889
541	0.006000200006666889
592	0.006000200006666889
594	0.006000200006666889
613	0.006000200006666889
631	0.006000200006666889
634	0.006000200006666889
661	0.006000200006666889
662	0.006000200006666889
718	0.006000200006666889
768	0.006000200006666889
790	0.006000200006666889
795	0.006000200006666889
843	0.006000200006666889
854	0.006000200006666889
879	0.006000200006666889
909	0.006000200006666889
946	0.006000200006666889
962	0.006000200006666889
966	0.006000200006666889
973	0.006000200006666889
989	0.006000200006666889
991	0.006000200006666889
1006	0.006000200006666889
1032	0.006000200006666889
1057	0.006000200006666889
1065	0.006000200006666889
1076	0.006000200006666889
1089	0.006000200006666889
1105	0.006000200006666889
1142	0.006000200006666889
1189	0.006000200006666889
1261	0.006000200006666889
1275	0.006000200006666889
1300	0.006000200006666889
1324	0.006000200006666889
1382	0.006000200006666889
1389	0.006000200006666889
1411	0.006000200006666889
1413	0.006000200006666889
1446	0.006000200006666889
1456	0.006000200006666889
1462	0.006000200006666889
1541	0.006000200006666889
1548	0.006000200006666889
1586	0.006000200006666889
1590	0.006000200006666889
1611	0.006000200006666889
1620	0.006000200006666889
1629	0.006000200006666889
1637	0.006000200006666889
1661	0.006000200006666889
1692	0.006000200006666889
1693	0.006000200006666889
1702	0.006000200006666889
1712	0.006000200006666889
1714	0.006000200006666889
1716	0.006000200006666889
1755	0.006000200006666889
1793	0.006000200006666889
1796	0.006000200006666889
1842	0.006000200006666889
1886	0.006000200006666889
1919	0.006000200006666889
1924	0.006000200006666889
1936	0.006000200006666889
1951	0.006000200006666889
