1277	0.008300276675889201
6370	0.008366945564852162
1180	0.010567018900630018
8940	0.015800526684222813
2082	0.016667222240741356
364	0.01666722224074136
5930	0.01666722224074136
7797	0.01666722224074136
11521	0.01666722224074136
13353	0.01666722224074136
1605	0.016700556685222842
12397	0.016700556685222842
12532	0.01683389446314877
4012	0.016833894463148775
8860	0.016833894463148775
41	0.017467248908296946
5684	0.017500583352778428
734	0.01763392113070436
5234	0.01763392113070436
453	0.017800593353111772
2208	0.018300610020334014
6118	0.01833394446481549
7688	0.018333944464815493
8032	0.018333944464815496
12827	0.018333944464815496
13111	0.018333944464815496
1216	0.01886729557651922
1378	0.01886729557651922
7069	0.01886729557651922
9024	0.01886729557651922
11432	0.018900630021000703
447	0.019100636687889597
429	0.019300643354778494
12492	0.019833994466482218
522	0.01993399779992667
527	0.01993399779992667
1416	0.01993399779992667
1787	0.01993399779992667
2600	0.01993399779992667
2714	0.01993399779992667
6008	0.01993399779992667
8724	0.01993399779992667
8906	0.01993399779992667
9831	0.01993399779992667
9912	0.01993399779992667
12170	0.01993399779992667
12217	0.01993399779992667
10882	0.019967332244408147
838	0.01996733224440815
2344	0.01996733224440815
3682	0.01996733224440815
3914	0.01996733224440815
4099	0.01996733224440815
5702	0.01996733224440815
7427	0.01996733224440815
7620	0.01996733224440815
8739	0.01996733224440815
9178	0.01996733224440815
11514	0.01996733224440815
13085	0.01996733224440815
510	0.020000666688889633
1592	0.020000666688889633
5244	0.020000666688889633
8399	0.020000666688889633
9743	0.020034001133371112
446	0.020034001133371115
1143	0.020034001133371115
2133	0.020034001133371115
5078	0.020034001133371115
5121	0.020034001133371115
7037	0.020100670022334084
9214	0.020100670022334084
12359	0.020100670022334084
12629	0.020100670022334084
12278	0.020200673355778527
9730	0.02020067335577853
4199	0.020300676689222977
10592	0.020300676689222977
11325	0.020300676689222977
10682	0.020467348911630386
13004	0.02056735224507484
7860	0.020667355578519286
1607	0.0208340278009267
8262	0.021534051135037834
12392	0.021600720024000805
10613	0.021634054468482284
1325	0.021667388912963766
4812	0.021667388912963766
9581	0.021667388912963766
2448	0.02166738891296377
7744	0.02166738891296377
5353	0.02170072335744525
8325	0.02170072335744525
1395	0.021700723357445252
9503	0.021967398913297114
10897	0.022200740024667487
9772	0.022234074469148976
3161	0.022467415580519352
4079	0.022467415580519352
12059	0.022467415580519352
