8716	0.19363978799293297
3483	0.33124437481249364
21	0.42311410380345993
1177	0.4285142838094602
5910	0.4605820194006467
9863	0.4695823194106471
46	0.48354945164838825
1401	0.4842494749824994
559	0.49914997166572245
5962	0.528084269475649
3939	0.5347844928164271
5103	0.5436514550485014
2068	0.5473182439414646
12328	0.5604186806226874
2358	0.5700856695223173
12067	0.5879862662088735
6153	0.5879862662088737
558	0.5901863395446516
8671	0.5979865995533185
1472	0.6019200640021334
8703	0.6121537384579486
6096	0.6148871629054302
9535	0.6196539884662822
3102	0.6282876095869863
2044	0.6315210507016901
7088	0.6325877529250975
8960	0.6447881596053204
4270	0.6519883996133204
1415	0.6520550685022833
8959	0.6688222940764693
12252	0.6983899463315444
3943	0.7000900030000999
11716	0.7109570319010634
3949	0.7114903830127673
1253	0.7352578419280642
8922	0.7384579485982866
1107	0.7451581719390646
155	0.7468248941631388
4921	0.7484916163872131
3060	0.7582919430647688
12264	0.7598253275109172
4902	0.7618587286242876
2076	0.7686256208540283
3028	0.7737924597486583
6095	0.7748924964165472
256	0.7836261208706957
9874	0.7843261442048068
5919	0.7844928164272142
5179	0.7918597286576218
10391	0.7984266142204741
5984	0.8032267742258076
2037	0.8083936131204372
4392	0.8152271742391413
818	0.8155605186839561
6111	0.8194606486882896
1123	0.8233274442481416
6436	0.8293609786992899
8917	0.833361112037068
13432	0.8401613387112904
13183	0.8415280509350311
1	0.8493283109436981
4223	0.855261842061402
12155	0.8686956231874396
6967	0.8728957631921066
4916	0.8781626054201805
2872	0.878529284309477
1248	0.8803293443114769
2065	0.8819960665355512
10709	0.8832961098703289
12981	0.8970632354411814
727	0.905596853228441
5225	0.9281309376979234
3965	0.9361312043734791
2024	0.9368312277075903
12154	0.9368978965965533
716	0.9416980566018867
12079	0.9447648254941832
5002	0.9453315110503686
9190	0.9497649921664055
1258	0.9552651755058501
12271	0.9601320044001467
2320	0.9651655055168505
355	0.9685656188539618
8143	0.969465648854962
13013	0.9715990533017766
5935	0.9732324410813694
7271	0.9747658255275177
7628	0.9780992699756659
7674	0.9805993533117771
1262	0.9819660655355177
6026	0.9848994966498883
10473	0.986466215540518
561	0.9882329410980366
4036	0.9919330644354811
8693	0.9951665055501849
7605	0.9981999399979999
4981	1.0003000100003332
5940	1.0005333511117038
9040	1.0120670689022968
7174	1.0203340111337045
