12178	0.4670822360745358
2037	0.5136837894596485
13264	0.6443548118270609
8693	0.6512217073902463
1161	0.6746558218607287
695	0.6871895729857662
9565	0.6882229407646921
4057	0.7120570685689523
5953	0.712857095236508
9524	0.7138904630154338
2024	0.7347244908163605
6095	0.7422247408246941
12271	0.744491483049435
7605	0.7469248974965833
169	0.7505250175005834
727	0.7532917763925464
3941	0.7544918163938797
1820	0.7681256041868062
2159	0.769425647521584
7595	0.7695256508550286
7088	0.7796259875329178
4003	0.781159371979066
9783	0.7844261475382514
4115	0.7865595519850662
5087	0.7870262342078069
6080	0.806160205340178
7098	0.8203273442448081
299	0.8204940164672155
9597	0.8270275675855862
12144	0.8287276242541418
4045	0.8290276342544751
61	0.8313277109236975
4921	0.8371279042634754
4933	0.8394613153771792
12981	0.8478949298309945
22	0.849528317610587
5296	0.8559618653955132
6942	0.8604286809560319
3028	0.8617620587352911
13437	0.8620620687356243
325	0.8634954498483283
6153	0.8656955231841063
7116	0.8694956498549951
2320	0.8728290943031434
8680	0.8762292076402548
10375	0.8802960098669955
1348	0.8812627087569586
2945	0.8815293843128104
11319	0.8848961632054403
3136	0.8862628754291809
12993	0.8862628754291811
2047	0.8873295776525884
10473	0.8923964132137737
8999	0.8970299009966999
13183	0.9036301210040336
4290	0.906296876562552
9600	0.9103970132337744
7904	0.9109636987899595
12935	0.9163305443514784
10533	0.9198639954665156
6117	0.9203306776892562
12451	0.9286309543651455
9546	0.929497649921664
128	0.9312977099236641
5000	0.9335311177039234
394	0.9337977932597752
6105	0.9361645388179606
1283	0.9394979832661089
5444	0.9436314543818127
13175	0.9461648721624053
13177	0.9502650088336277
13130	0.9522317410580351
7001	0.9538984632821095
2872	0.9561318710623689
10391	0.9584652821760725
11716	0.9586319543984799
7628	0.9637321244041468
5162	0.9660988699623321
2240	0.9694989832994433
12064	0.9728990966365546
7118	0.9745658188606287
5103	0.9754325144171473
2065	0.9760992033067768
1101	0.978099269975666
6290	0.9793993133104437
12079	0.9820994033134437
2216	0.9861662055401846
109	0.9864328810960367
12189	0.9877329244308143
10813	0.9909663655455182
2899	0.9936664555485183
693	0.9969998999966666
489	0.9978332611087036
716	0.9995333177772592
2879	1.005800193339778
6987	1.0069668988966298
12293	1.00966698889963
12424	1.0121337377912596
8124	1.0127670922364078
12245	1.0128670955698524
