3274	0.00920762162368555
351	0.024328334757889616
6388	0.026007545856212108
3677	0.027600920030667688
10003	0.027600920030667688
1303	0.02760092003066769
10032	0.027736559230396408
12060	0.028538528994257985
5312	0.02957566724786187
10582	0.030174351416397446
9704	0.03220107336911231
2104	0.03592294362390756
9132	0.036145344460179786
2273	0.03694035760274185
4951	0.03784038760374188
13219	0.037873722048223354
10049	0.03804662364255184
5153	0.038850847579792916
13041	0.03911637113347432
7095	0.0397071164947049
11468	0.0397071164947049
12450	0.040373805384334556
6391	0.04114049760740866
6337	0.04140717316326052
1909	0.04141218668825405
7079	0.04167384871911238
1206	0.04194052427496425
791	0.042607213164593906
4037	0.042607213164593906
7584	0.04277388538700132
7602	0.0428072198314828
3400	0.04288640481238677
2313	0.04354057761007542
10691	0.04358783548608337
2639	0.04360724649903838
1330	0.04404059427729765
4692	0.04430726983314952
712	0.044484942761345125
4342	0.04467394872244583
2547	0.044707283166927306
3114	0.044707283166927306
7716	0.044707283166927306
12337	0.044841506988249846
2868	0.04534285948760321
11241	0.04594065761274217
11242	0.04594065761274217
1188	0.04607399539066811
5474	0.046107329835149584
13522	0.046173998724112555
10613	0.04634067094651996
11424	0.04634067094651996
7668	0.046940690947186656
9932	0.047074028725112585
12991	0.04737403872544593
2274	0.04764071428129779
3920	0.04777405205922373
4297	0.0478073865037052
7037	0.04787405539266817
735	0.0480073931705941
4244	0.048007393170594104
13085	0.048007393170594104
1376	0.048509631713344055
11687	0.04881364921007075
12365	0.04917765643510484
3537	0.049407439838816375
9026	0.049474108727779346
13027	0.04970744983914972
734	0.05034080428429789
8359	0.05054081095118678
2150	0.05067414872911272
4687	0.050740817618075695
7085	0.05120749984081644
7636	0.051274168729779405
10916	0.05134083761874237
5241	0.05137417206322385
7625	0.05137417206322385
11521	0.05137417206322385
6102	0.05140750650770533
706	0.05157417873011275
1383	0.05217419873077944
1660	0.052812566700921146
3501	0.05342752761460225
8073	0.05355686475461192
1378	0.05357424539900171
2572	0.05383409990198119
3540	0.053914269004472125
809	0.054140930955186926
10246	0.05434093762207581
9103	0.05467428206689064
11415	0.05467428206689064
13066	0.05467428206689064
11648	0.05467428206689065
516	0.054707616511372126
3048	0.054707616511372126
5244	0.054707616511372126
6451	0.054707616511372126
7721	0.054707616511372126
9272	0.054707616511372126
6501	0.05471610319990656
1103	0.05484763344995365
