6180	0.0
13640	6.66688889629655e-05
2914	0.00010000333344444825
3212	0.00010000333344444825
9084	0.00010000333344444825
9185	0.00020000666688889607
12221	0.00023334111137037882
11117	0.0003000100003333443
1319	0.0004000133337777926
7684	0.0004333477782592753
13226	0.0004333477782592753
3370	0.0004666822227407581
3420	0.0004666822227407581
3864	0.0004666822227407581
4526	0.0004666822227407581
5438	0.0004666822227407581
6827	0.0004666822227407581
7367	0.0004666822227407581
7730	0.0004666822227407581
9393	0.0004666822227407581
9457	0.0004666822227407581
10105	0.0004666822227407581
10833	0.0004666822227407581
11043	0.0004666822227407581
11132	0.0004666822227407581
12321	0.0004666822227407581
12808	0.0004666822227407581
13533	0.0004666822227407581
13643	0.0004666822227407581
13744	0.0004666822227407581
8037	0.0005333511117037236
9728	0.0005333511117037236
3195	0.0007333577785926196
6300	0.0007333577785926196
474	0.0008333611120370679
1481	0.0008666955565185507
3181	0.0008666955565185507
5785	0.0008666955565185507
6246	0.0008666955565185507
6671	0.0008666955565185507
6678	0.0008666955565185507
7545	0.0008666955565185507
9035	0.0008666955565185507
9456	0.0008666955565185507
9778	0.0008666955565185507
10467	0.0008666955565185507
10503	0.0008666955565185507
12988	0.0008666955565185507
13263	0.0008666955565185507
13269	0.0008666955565185507
9978	0.0010000333344444814
13375	0.0010667022234074467
6107	0.001166705556851895
11157	0.001166705556851895
48	0.0012000400013333777
84	0.0012000400013333777
137	0.0012000400013333777
198	0.0012000400013333777
199	0.0012000400013333777
204	0.0012000400013333777
217	0.0012000400013333777
242	0.0012000400013333777
282	0.0012000400013333777
307	0.0012000400013333777
357	0.0012000400013333777
365	0.0012000400013333777
392	0.0012000400013333777
412	0.0012000400013333777
439	0.0012000400013333777
469	0.0012000400013333777
514	0.0012000400013333777
532	0.0012000400013333777
540	0.0012000400013333777
541	0.0012000400013333777
594	0.0012000400013333777
613	0.0012000400013333777
631	0.0012000400013333777
634	0.0012000400013333777
661	0.0012000400013333777
662	0.0012000400013333777
718	0.0012000400013333777
768	0.0012000400013333777
790	0.0012000400013333777
795	0.0012000400013333777
843	0.0012000400013333777
854	0.0012000400013333777
879	0.0012000400013333777
909	0.0012000400013333777
946	0.0012000400013333777
948	0.0012000400013333777
962	0.0012000400013333777
966	0.0012000400013333777
973	0.0012000400013333777
989	0.0012000400013333777
991	0.0012000400013333777
1006	0.0012000400013333777
1032	0.0012000400013333777
1057	0.0012000400013333777
1065	0.0012000400013333777
1076	0.0012000400013333777
