1044	0.005726860629858515
10364	0.01139371619171055
150	0.018327280643859037
2887	0.019460651756229477
13249	0.01982733064552579
25	0.02146071842511839
2451	0.02146071842511839
13198	0.02146071842511839
13646	0.02146071842511839
2884	0.02149405286959989
5937	0.02149405286959989
6293	0.026427550652859302
526	0.027307903654821723
3504	0.034827830662192985
10630	0.042001085582836446
2142	0.04349478622737847
7767	0.046428217341748915
2562	0.04649488623071192
7577	0.0501833475619056
4318	0.05233083385250652
13284	0.054489934851952776
10692	0.059529078421313754
2031	0.06309543958249027
7136	0.06747419632194075
861	0.06779927394724174
9710	0.06816227514367569
4953	0.07142905070286094
8218	0.07142905070286094
85	0.07146238514734245
1210	0.07146238514734245
3151	0.07146238514734245
4563	0.07146238514734245
4898	0.07146238514734245
5998	0.07146238514734245
9357	0.07146238514734245
9638	0.07146238514734245
10349	0.07146238514734245
10463	0.07146238514734245
13678	0.07146238514734245
6927	0.07159572292526835
9707	0.07159572292526835
10531	0.07359578959415737
1028	0.0747624951510092
5927	0.0747624951510092
8882	0.0747624951510092
12083	0.07545057397274414
6646	0.07717623259911988
2261	0.07822927737708342
6631	0.07876162246018699
3226	0.08101102954662151
3495	0.08137456507590791
12034	0.08476282849545404
12951	0.08476282849545404
4798	0.08580953925599205
6303	0.09044871551067271
10518	0.0910380795336887
1113	0.09110438793972248
2853	0.0924820859446449
5973	0.09316310850478778
10389	0.09649655295293603
7581	0.09809660628804713
437	0.10018501428412965
10449	0.10018501428412965
151	0.10143005073619539
3935	0.10149671962515845
9856	0.10149671962515845
847	0.10479682962882515
1186	0.10479682962882515
4145	0.10479682962882515
4052	0.10479682962882526
5958	0.10479682962882526
10452	0.10479682962882526
5943	0.10483016407330666
4535	0.10516350851812147
3077	0.10799693629904757
6424	0.11165607068215305
7049	0.11293444157870028
5911	0.11616387519701084
10005	0.11920560714373774
9066	0.12131474546486365
10671	0.12131474546486365
8672	0.12327049190808947
13138	0.12626421187490003
9227	0.12681923542483434
108	0.1280976063213816
3011	0.1298643318789002
4970	0.1301660381942938
12961	0.1324364274324989
12978	0.13281913630736852
803	0.13351945876561236
7078	0.13436815957676285
3940	0.1347644952176781
9218	0.13483116410664117
12091	0.13568259794085016
1121	0.13813127411030787
4979	0.13813127411030787
8950	0.13813127411030787
12361	0.13813127411030787
12980	0.1401140669996871
5902	0.14045038223289677
