2085	0.07330244341478051
6938	0.07330244341478052
497	0.08330277675922534
7116	0.08670289009633655
12471	0.09053635121170706
2074	0.09686989566318877
11359	0.10003666788892962
1302	0.10403680122670755
8886	0.10673689122970767
10372	0.1149371645721524
6087	0.1282709423647455
11324	0.13080436014533822
7309	0.13163772125737527
2202	0.13997133237774595
4170	0.1402380079335978
2268	0.14050468348944967
5903	0.14650488349611657
6117	0.15047168238941303
7093	0.15337177905930197
708	0.15487182906096872
6205	0.15663855461848733
898	0.15703856795226512
9134	0.1599386646221541
11204	0.16033867795593187
2923	0.16330544351478388
8997	0.1633721124037468
5069	0.1649388312943765
7735	0.16507216907230243
10679	0.16530551018367282
4009	0.16667222240741358
5162	0.1667055568518951
10577	0.16803893463115438
10087	0.16990566352211744
5000	0.17327244241474718
6105	0.17330577685922868
11631	0.17470582352745087
836	0.17663922130737691
402	0.17817260575352514
3655	0.17837261242041402
2945	0.17877262575419178
1305	0.18327277575919199
4920	0.18327277575919199
10635	0.1833061102036735
4501	0.18340611353711794
2619	0.18383946131537718
4022	0.18583952798426617
10670	0.18660622020734025
11292	0.1867062235407847
12113	0.18683956131871066
6048	0.18997299909997
22	0.190039667988933
8967	0.1908063602120071
12485	0.19677322577419248
2099	0.19823994133137773
130	0.1999399979999333
4038	0.19997333244441481
7724	0.20080669355645192
8729	0.20170672355745195
212	0.20494016467215576
10559	0.20497349911663723
2475	0.20580686022867428
9146	0.20664022134071142
7379	0.20667355578519286
10873	0.20667355578519286
3324	0.2066735557851929
3239	0.20827360912030404
3013	0.20907363578785962
10492	0.2096403213440448
9531	0.21000700023334112
8994	0.21340711357045236
10360	0.2149071635721191
1283	0.21657388579619322
8318	0.21664055468515617
10612	0.2166405546851562
4424	0.21830727690923032
1179	0.21870729024300817
8124	0.2199739991333045
10844	0.2200406680222674
2347	0.22327410913697124
13527	0.2233074435814527
9114	0.2233407780259342
3941	0.22340744691489717
3961	0.22497416580552687
3150	0.22647421580719357
4419	0.22660755358511953
12583	0.226640888029601
5637	0.22994099803326778
3242	0.2300076669222308
8996	0.23014100470015666
8874	0.2303076769225641
12144	0.23037434581152705
9546	0.23177439247974935
2371	0.23214107136904563
5296	0.23320777359245312
3358	0.23327444248141604
3911	0.23327444248141604
8239	0.23330777692589752
10519	0.23330777692589755
1149	0.23334111137037902
7601	0.23334111137037902
