2490	0.009666988899629997
6448	0.013333777792593093
9624	0.013333777792593093
2342	0.016533884462815424
1458	0.016667222240741353
12199	0.018367278909296993
4509	0.020000666688889612
419	0.020000666688889637
197	0.02000066668888964
1250	0.025267508916963874
11324	0.032534417813927144
7397	0.033334444481482706
12198	0.03333444448148271
7619	0.03333444448148273
12485	0.03386779559318645
8864	0.03503450115003831
3	0.03503450115003832
8890	0.03666788892963097
5099	0.03690123004100135
9221	0.03983466115537183
2079	0.03990133004433483
836	0.04000133337777928
10608	0.041868062268742255
11492	0.04333477782592751
2923	0.043334777825927526
10460	0.043568118937297895
10458	0.04403480116003864
7	0.04650155005166842
3217	0.0466348878295943
3969	0.046634887829594324
2642	0.04663488782959433
4940	0.04666822227407579
12258	0.04810160338677955
7788	0.04993499783326114
4696	0.04996833227774262
322	0.050035001166705555
278	0.05163505450181672
11418	0.05166838894629823
12679	0.05330177672589085
543	0.053335111170372325
2260	0.053335111170372325
2738	0.053335111170372325
9134	0.053335111170372325
10356	0.053335111170372325
708	0.0533684456148538
1666	0.0533684456148538
1811	0.05336844561485382
2877	0.0534017800593353
3013	0.05503516783892794
5428	0.05510183672789091
2226	0.055901863395446505
12384	0.05663522117403914
8038	0.05670189006300209
3194	0.05996866562218739
6398	0.06000200006666886
12474	0.06003533451115035
497	0.06170205673522452
6316	0.06333544451481715
10281	0.06493549784992833
11427	0.06643554785159506
12113	0.06656888562952101
408	0.06663555451848396
10982	0.06663555451848396
12101	0.06663555451848396
13135	0.06666888896296541
11419	0.06666888896296544
2777	0.0699689989666322
10145	0.0699689989666322
11902	0.06996899896663222
4945	0.07000233341111367
7152	0.07000233341111367
7907	0.0700356678555952
12225	0.0701356711890396
1893	0.07016900563352108
2458	0.07183572785759526
402	0.07216907230241007
11279	0.07280242674755827
12852	0.0729024300810027
8751	0.07316910563685455
10372	0.07333577785926196
315	0.07333577785926199
7590	0.0767358911963732
9040	0.07823594119803995
9568	0.07836927897596585
13177	0.07926930897696591
9774	0.07993599786659555
922	0.07996933231107706
2398	0.07996933231107706
4038	0.07996933231107706
9600	0.07996933231107706
5572	0.0800026667555585
10813	0.08033601120037334
10693	0.08323610787026231
12394	0.08330277675922529
5041	0.08360278675955862
7674	0.08460282009400313
9546	0.0852028400946698
4769	0.0866362212073736
173	0.08666955565185505
13088	0.08666955565185505
