7945	0.0013667122237407923
11661	0.0014000466682222747
7037	0.0015000500016667216
9214	0.0015000500016667216
12359	0.0015000500016667216
12629	0.0015000500016667216
838	0.0016333877795926544
2344	0.0016333877795926544
3682	0.0016333877795926544
3914	0.0016333877795926544
4099	0.0016333877795926544
7427	0.0016333877795926544
7620	0.0016333877795926544
9178	0.0016333877795926544
11514	0.0016333877795926544
13085	0.0016333877795926544
522	0.0016667222240741367
527	0.0016667222240741367
1416	0.0016667222240741367
1787	0.0016667222240741367
2600	0.0016667222240741367
3488	0.0016667222240741367
6008	0.0016667222240741367
8724	0.0016667222240741367
8906	0.0016667222240741367
9831	0.0016667222240741367
9912	0.0016667222240741367
12170	0.0016667222240741367
12217	0.0016667222240741367
2976	0.001700056668555619
4567	0.001700056668555619
5702	0.001700056668555619
6656	0.001700056668555619
7922	0.001700056668555619
8739	0.001700056668555619
8939	0.001700056668555619
4331	0.00183339444648155
6930	0.00183339444648155
13063	0.001966732224407476
429	0.002300076669222311
2165	0.0023334111137037917
1114	0.0033334444481482733
1277	0.0033334444481482733
3817	0.0033334444481482733
7733	0.0033334444481482733
8032	0.0033334444481482733
8847	0.0033334444481482733
12827	0.0033334444481482733
5353	0.003366778892629752
10613	0.003366778892629752
8883	0.003366778892629754
9811	0.003366778892629754
10305	0.003366778892629754
9503	0.0037001233374445823
734	0.003966798893296446
5494	0.004066802226740893
5684	0.004100136671222377
9827	0.00416680556018534
12627	0.00416680556018534
1607	0.004166805560185342
4079	0.0042001400046668205
1295	0.0046001533384446135
11325	0.004700156671889066
12532	0.004766825560852032
4012	0.004833494449814995
8860	0.004833494449814995
10209	0.004833494449814995
1605	0.004900163338777963
1266	0.004966832227740924
1546	0.004966832227740924
2435	0.004966832227740924
2574	0.004966832227740924
2946	0.004966832227740924
3658	0.004966832227740924
4342	0.004966832227740924
4591	0.004966832227740924
5258	0.004966832227740924
5419	0.004966832227740924
6305	0.004966832227740924
7240	0.004966832227740924
7933	0.004966832227740924
10916	0.004966832227740924
12200	0.004966832227740924
12249	0.004966832227740928
12397	0.004966832227740928
106	0.0050001666722224065
2382	0.0050001666722224065
2870	0.0050001666722224065
3366	0.0050001666722224065
4534	0.0050001666722224065
5241	0.0050001666722224065
7625	0.0050001666722224065
11568	0.0050001666722224065
12559	0.0050001666722224065
1197	0.005000166672222408
2775	0.005000166672222408
6152	0.005000166672222408
7496	0.005000166672222408
11666	0.005000166672222408
364	0.00500016667222241
