11550	0.0010333677789259622
122	0.0033570701932858597
182	0.0033570701932858597
220	0.0033570701932858597
246	0.0033570701932858597
426	0.0033570701932858597
457	0.0033570701932858597
513	0.0033570701932858597
576	0.0033570701932858597
587	0.0033570701932858597
606	0.0033570701932858597
640	0.0033570701932858597
646	0.0033570701932858597
673	0.0033570701932858597
792	0.0033570701932858597
893	0.0033570701932858597
921	0.0033570701932858597
955	0.0033570701932858597
1077	0.0033570701932858597
1119	0.0033570701932858597
1309	0.0033570701932858597
1350	0.0033570701932858597
1407	0.0033570701932858597
1555	0.0033570701932858597
1780	0.0033570701932858597
1781	0.0033570701932858597
1833	0.0033570701932858597
1856	0.0033570701932858597
1863	0.0033570701932858597
1871	0.0033570701932858597
1923	0.0033570701932858597
1932	0.0033570701932858597
1939	0.0033570701932858597
1946	0.0033570701932858597
2078	0.0033570701932858597
2110	0.0033570701932858597
2135	0.0033570701932858597
2148	0.0033570701932858597
2150	0.0033570701932858597
2258	0.0033570701932858597
2285	0.0033570701932858597
2324	0.0033570701932858597
2364	0.0033570701932858597
2394	0.0033570701932858597
2396	0.0033570701932858597
2415	0.0033570701932858597
2440	0.0033570701932858597
2487	0.0033570701932858597
2535	0.0033570701932858597
2615	0.0033570701932858597
2622	0.0033570701932858597
2646	0.0033570701932858597
2650	0.0033570701932858597
2749	0.0033570701932858597
2750	0.0033570701932858597
2755	0.0033570701932858597
2842	0.0033570701932858597
2852	0.0033570701932858597
3019	0.0033570701932858597
3090	0.0033570701932858597
3092	0.0033570701932858597
3106	0.0033570701932858597
3119	0.0033570701932858597
3130	0.0033570701932858597
3137	0.0033570701932858597
3166	0.0033570701932858597
3232	0.0033570701932858597
3374	0.0033570701932858597
3380	0.0033570701932858597
3412	0.0033570701932858597
3414	0.0033570701932858597
3434	0.0033570701932858597
3438	0.0033570701932858597
3440	0.0033570701932858597
3665	0.0033570701932858597
3710	0.0033570701932858597
3798	0.0033570701932858597
3947	0.0033570701932858597
3948	0.0033570701932858597
3960	0.0033570701932858597
3997	0.0033570701932858597
4105	0.0033570701932858597
4268	0.0033570701932858597
4282	0.0033570701932858597
4377	0.0033570701932858597
4562	0.0033570701932858597
4622	0.0033570701932858597
4636	0.0033570701932858597
4657	0.0033570701932858597
4864	0.0033570701932858597
4897	0.0033570701932858597
5007	0.0033570701932858597
5032	0.0033570701932858597
5043	0.0033570701932858597
5062	0.0033570701932858597
5095	0.0033570701932858597
5118	0.0033570701932858597
5197	0.0033570701932858597
5289	0.0033570701932858597
5318	0.0033570701932858597
