3040	0.0
7410	3.333444448148232e-05
7447	3.333444448148232e-05
11209	3.333444448148232e-05
3766	3.333444448148405e-05
10991	0.000133337777925931
828	0.00016667222240741332
5073	0.000266675555851862
7689	0.000266675555851862
627	0.0003000100003333426
1351	0.0003000100003333426
1557	0.0003000100003333426
1845	0.0003000100003333426
2308	0.0003000100003333426
2583	0.0003000100003333426
2590	0.0003000100003333426
4666	0.0003000100003333426
5412	0.0003000100003333426
5609	0.0003000100003333426
7712	0.0003000100003333426
7951	0.0003000100003333426
8202	0.0003000100003333426
8305	0.0003000100003333426
8660	0.0003000100003333426
8754	0.0003000100003333426
8809	0.0003000100003333426
9284	0.0003000100003333426
9991	0.0003000100003333426
10230	0.0003000100003333426
10493	0.0003000100003333426
10732	0.0003000100003333426
11711	0.0003000100003333426
11753	0.0003000100003333426
13675	0.00030001000033334606
2591	0.0003333444448148249
5505	0.0003333444448148249
6341	0.0003333444448148249
6512	0.0003333444448148249
2928	0.0003333444448148284
8130	0.0003333444448148284
12573	0.0003333444448148284
12690	0.0003333444448148284
4544	0.0004000133337777913
7019	0.0004000133337777913
11623	0.0004000133337777913
12466	0.0004000133337777913
4842	0.0005000166672222417
3763	0.000533351111703724
5217	0.000533351111703724
8967	0.000533351111703724
4303	0.0005666855561852063
7862	0.0005666855561852063
3465	0.0007000233341111356
9509	0.0007000233341111373
10631	0.0007000233341111373
11191	0.0007333577785926179
1765	0.0008333611120370675
6265	0.0008333611120370675
12552	0.0008333611120370675
12764	0.0008333611120370675
4293	0.0009666988899629985
13310	0.0009666988899629985
7879	0.0009666988899629993
2450	0.0010000333344444808
7119	0.0010000333344444808
9116	0.0010000333344444808
10749	0.001033367778925964
384	0.0010667022234074463
4584	0.0010667022234074463
5233	0.0010667022234074463
5502	0.0010667022234074463
6748	0.0010667022234074463
339	0.0011000366678889295
13658	0.0011000366678889295
4530	0.0011000366678889303
968	0.001133371112370411
1265	0.001133371112370411
1866	0.001133371112370411
1975	0.001133371112370411
2221	0.001133371112370411
3928	0.001133371112370411
4135	0.001133371112370411
4922	0.001133371112370411
5127	0.001133371112370411
6209	0.001133371112370411
6450	0.001133371112370411
6641	0.001133371112370411
6721	0.001133371112370411
6922	0.001133371112370411
9769	0.001133371112370411
10221	0.001133371112370411
10598	0.001133371112370411
6374	0.0011667055568518932
7061	0.0011667055568518932
12094	0.0011667055568518932
632	0.001200040001333379
927	0.001200040001333379
2517	0.001200040001333379
3491	0.001200040001333379
3676	0.001200040001333379
