7880	0.022067402246741537
5918	0.023267442248074935
5329	0.03503450115003834
3034	0.03516783892796426
12228	0.04833494449814992
9685	0.048668288942964745
3223	0.0503350111670389
13549	0.051235041168038946
80	0.05166838894629817
13039	0.055001833394446475
9753	0.05506850228340942
4907	0.06096869895663189
11619	0.06496883229440978
2408	0.06500216673889131
2934	0.06503550118337278
12542	0.06823560785359511
3255	0.06836894563152104
2871	0.06853561785392845
2937	0.06853561785392845
5272	0.06860228674289141
8270	0.07163572119070635
12489	0.07163572119070635
324	0.07176905896863227
13574	0.07243574785826193
6059	0.07496916563885461
2454	0.07500250008333612
7146	0.07543584786159539
12237	0.07663588786292874
1312	0.07670255675189172
7635	0.07863595453181772
3688	0.07870262342078069
2392	0.08026934231141036
10346	0.08163605453515116
816	0.08166938897963266
8894	0.08166938897963266
12442	0.08166938897963266
12135	0.08310277009233641
1178	0.08316943898129939
5629	0.08496949898329943
6264	0.08496949898329945
4316	0.08500283342778095
11564	0.08503616787226238
1255	0.0850361678722624
13291	0.0850361678722624
118	0.08516950565018833
808	0.08663622120737359
9055	0.0883029434314477
12534	0.0883029434314477
6913	0.08833627787592921
8122	0.08853628454281806
2059	0.09166972232407744
1139	0.09170305676855894
4082	0.09173639121304042
11269	0.09180306010200337
12058	0.09200306676889228
826	0.09203640121337375
11239	0.09206973565785524
702	0.0950698356611887
12072	0.09616987232907762
7273	0.09630321010700355
6944	0.09773659121970729
269	0.09790326344211475
3506	0.09820327344244806
10604	0.09830327677589253
1126	0.09833661122037404
2956	0.09843661455381844
1176	0.09850328344278142
1269	0.10003666788892963
1366	0.10153671789059635
7226	0.10157005233507782
9727	0.1016367212240408
441	0.10167005566852227
1318	0.10167005566852227
4968	0.10170339011300375
6002	0.10170339011300375
798	0.10170339011300376
4154	0.10170339011300376
7917	0.1033367778925964
7187	0.10487016233874462
12417	0.10500350011667056
10365	0.10670355678522617
7302	0.10833694456481881
2264	0.10833694456481882
7376	0.10833694456481882
1256	0.10837027900930028
7111	0.10837027900930032
2040	0.10863695456515218
10869	0.10997033234441145
92	0.10997033234441148
11	0.11160372012400413
12949	0.1116370545684856
12133	0.11163705456848563
9556	0.11480382679422646
6974	0.11490383012767091
2857	0.11497049901663386
26	0.11500383346111537
7809	0.11500383346111537
688	0.1180372679089303
6407	0.11820394013133771
3643	0.11827060902030068
