7797	0.00016667222240741159
2640	0.00333344444814827
2025	0.0050001666722224065
4053	0.005133504450148339
13027	0.005900196673222443
2962	0.006500216673889128
1120	0.0065335511183706105
3532	0.0065335511183706105
3984	0.0065335511183706105
11638	0.006633554451815061
7823	0.006633554451815064
8153	0.006633554451815064
11300	0.006633554451815064
7965	0.006666888896296547
8422	0.006666888896296547
11253	0.006666888896296547
12586	0.006666888896296547
8899	0.0067002233407780255
158	0.006700223340778029
4281	0.006700223340778029
7611	0.006833561118703955
281	0.006833561118703962
12629	0.006833561118703962
13689	0.007466915563852133
6310	0.008300276675889201
8847	0.008300276675889201
10422	0.008300276675889201
2445	0.008366945564852164
3412	0.008400280009333645
9720	0.008400280009333645
1464	0.008500283342778091
4695	0.009133637787926268
11504	0.009166972232407752
4236	0.009633654455148504
13222	0.009833661122037395
7961	0.009866995566518886
3284	0.009966998899963334
683	0.01000033334444482
6172	0.010033667788926295
10825	0.010033667788926299
12748	0.010033667788926299
1354	0.01006700223340778
8940	0.01006700223340778
8822	0.010367012233741122
9069	0.010800360012000406
607	0.010867028900963365
3555	0.010933697789926328
6325	0.011533717790593019
6221	0.011700390013000432
11859	0.011700390013000432
1260	0.011700390013000436
9876	0.011700390013000436
12120	0.011700390013000436
10923	0.011700390013000437
2223	0.011733724457481916
1277	0.012033734457815266
2165	0.012333744458148605
8343	0.012767092236407882
4297	0.012800426680889366
13424	0.012933764458815295
1395	0.013200440014667155
216	0.013200440014667159
13109	0.013300443348111604
1180	0.013333777792593083
527	0.013333777792593086
2137	0.013333777792593086
12995	0.013333777792593086
13047	0.013333777792593086
264	0.013333777792593092
763	0.013333777792593092
2131	0.013333777792593092
6200	0.013333777792593092
12715	0.013333777792593092
9881	0.013367112237074569
9977	0.013367112237074569
6333	0.01336711223707457
10004	0.013367112237074574
10555	0.013367112237074574
11325	0.013400446681556051
1389	0.013400446681556053
4128	0.013467115570519023
7147	0.013467115570519023
12277	0.013467115570519023
1436	0.013967132237741264
8204	0.0146671555718524
13258	0.014733824460815363
126	0.014833827794259812
1148	0.014967165572185743
6385	0.014967165572185744
11408	0.014967165572185744
11670	0.014967165572185744
4259	0.01500050001666722
8356	0.015000500016667221
13004	0.015000500016667223
1350	0.015000500016667227
2148	0.015000500016667227
3947	0.015000500016667227
5289	0.015000500016667227
7318	0.015000500016667227
12934	0.015033834461148707
