565	0.04863528430201422
13498	0.05494284969473932
11815	0.060644005290744506
9641	0.06384411196096684
427	0.06577149018729914
11572	0.06740539716759139
5295	0.06767453279236063
2454	0.07010965169135448
8805	0.07079046344736842
12986	0.0730829104134558
6237	0.07726469391151705
13163	0.0783129265015924
2059	0.08330779028421884
826	0.08358326042512289
808	0.08492635497419025
720	0.08547214687585544
1583	0.08581095488225746
3639	0.08761251178179885
4257	0.08937733084411094
6165	0.08985647000506716
5020	0.09154986285266631
3611	0.09171014021186556
10447	0.09320206878391904
1256	0.09428195146801677
7172	0.09438438178998018
1241	0.09469277481914502
7155	0.09534415596736781
8912	0.09668369710634556
9532	0.09671703155082706
8828	0.0971613243801765
13053	0.0988083069681083
5329	0.09915044599797532
7880	0.0997171315541605
4988	0.10031415008703404
11235	0.10040913989548492
12256	0.1009488403643133
2116	0.10121268383177086
1255	0.10183579634144961
3173	0.10248177502172698
4405	0.10295425036172673
6179	0.10491697508974085
13549	0.10499469657630829
435	0.10577325762498618
1298	0.10633454841190138
2869	0.10639817835713895
8358	0.1066825061106712
4968	0.10675069933975337
12465	0.1072459212283108
7187	0.1075112686420375
6944	0.10837640193009025
9820	0.10857061547972013
7547	0.11040980304346068
1178	0.11044311895602688
10512	0.11080491278675528
4907	0.11110412128780991
2392	0.11172680620693039
13011	0.11193739437234992
11269	0.11331758490260545
4409	0.11388260482312862
9703	0.11424928371242489
793	0.11431780423445614
13162	0.11438262149035086
11261	0.11475629400413456
1519	0.1150176415711611
11619	0.11508431046012402
4978	0.11550744268040819
11643	0.1155766419380905
12065	0.11584888725880158
4088	0.11622269927680609
7870	0.11634522623316139
11480	0.11635101935042037
12765	0.11668436379523522
6002	0.11681603593749909
10667	0.1169117870988069
11402	0.11794974451176302
13231	0.11808408065992654
3339	0.11853761437968349
488	0.11909432018328722
10652	0.11912012010311473
5445	0.1192611468778258
547	0.11958813815798658
9661	0.11968413399503774
10540	0.11994764765896432
2921	0.1206460053574134
11059	0.1206582839838939
9598	0.1208394766697714
49	0.12088283816423998
4075	0.12088283816423998
9291	0.12088283816423998
11277	0.12091171532359359
5001	0.12098342491926459
10059	0.12103623004214004
1816	0.12128418733014887
11331	0.12188453713434652
6974	0.12200941013075123
11534	0.12221591038166052
2411	0.12238823149443118
5385	0.12244773099507547
12442	0.12304544957393944
2380	0.12338458713601325
