2074	0.020400680022667417
10372	0.03780126004200139
11324	0.07460248674955836
497	0.07723590786359547
5903	0.08370279009300309
402	0.08763625454181806
12376	0.09053635121170706
2085	0.09710323677455913
6205	0.10043668122270744
4170	0.1037701256708557
2619	0.10497016567218909
7735	0.10887029567652255
10679	0.10917030567685591
708	0.11107036901230041
6117	0.11400380012667091
898	0.11417047234907832
10559	0.11443714790493016
2475	0.11527050901696724
5069	0.1211373712457082
7309	0.12210407013567118
4009	0.1238041268042268
10360	0.12437081236041203
2923	0.12710423680789362
10844	0.12950431681056035
4022	0.1296376545884863
2202	0.13043768125604188
6938	0.13043768125604188
13527	0.13277109236974566
9114	0.13287109570319008
836	0.1338377945931531
3013	0.13527117570585687
12583	0.13610453681789392
5637	0.13940464682156073
1302	0.14023800793359778
12485	0.14057135237841262
2371	0.14160472015733858
3655	0.14223807460248672
3358	0.142738091269709
8239	0.14277142571419046
9146	0.1427714257141905
12113	0.14370479015967202
4038	0.14377145904863495
8729	0.14550485016167208
1420	0.14610487016233872
6048	0.1461715390513017
10577	0.1492383079435981
7060	0.14940498016600554
1179	0.15177172572419084
11203	0.1560385346178206
130	0.156138537951265
5162	0.15717190573019102
11629	0.1581719390646355
13336	0.15943864795493182
5105	0.1601053368445615
10873	0.1628054268475616
2268	0.1643054768492283
6087	0.16553885129504317
10458	0.16790559685322842
10732	0.16790559685322848
3961	0.16883896129870996
7116	0.17057235241174704
7723	0.17210573685789526
10598	0.17297243241441382
11443	0.17387246241541385
4501	0.17387246241541388
4920	0.17387246241541388
10635	0.17390579685989532
8996	0.17400580019333975
12957	0.1744058135271176
11616	0.17607253575119172
7699	0.17617253908463615
8920	0.17713923797459916
747	0.17940598019933998
7534	0.17947264908830296
9806	0.18100603353445116
8967	0.181339377979266
11204	0.18313943798126603
9134	0.18380612687089568
2490	0.1838061268708957
4167	0.18440614687156243
7297	0.18617287242908098
7963	0.18857295243174774
2877	0.1894063135437848
13276	0.18940631354378482
1170	0.1894729824327478
5349	0.19007300243341446
1149	0.19047301576719225
1445	0.19047301576719225
10087	0.19050635021167373
11359	0.19050635021167373
13363	0.19050635021167373
7724	0.1913397113237108
12935	0.19217307243574785
4180	0.19277309243641452
2614	0.1927730924364146
964	0.1936731224374146
3375	0.1938064602153405
1279	0.19380646021534054
4533	0.19430647688256275
7673	0.1961398713290443
