5162	0.006600220007333546
10533	0.07126904230141001
8925	0.07330244341478043
2202	0.07996933231107703
143	0.08333611120370674
13443	0.08350278342611418
12189	0.08496949898329939
6105	0.08670289009633655
9562	0.08993633121104035
6976	0.08996966565552184
2047	0.09016967232241076
6290	0.0933031101036701
12935	0.10003666788892965
489	0.10163672122404077
12144	0.10427014233807795
2226	0.10907030234341147
11419	0.11003700123337445
2216	0.11330377679255975
2278	0.11840394679822658
2240	0.12163738791293038
7788	0.1300043334777826
7723	0.1366712223740791
408	0.13993799793326445
7379	0.14003800126670893
11319	0.14327144238141273
7724	0.14353811793726456
2490	0.14367145571519052
4933	0.14660488682956097
13054	0.14670489016300542
419	0.14997166572219076
4290	0.1500716690556352
12113	0.1533384446148205
2065	0.15667188906296875
4917	0.15667188906296875
4957	0.15667188906296875
12485	0.15940531351045037
6117	0.1598719957331911
12198	0.16000533351111706
4038	0.16003866795559854
3969	0.16010533684456152
11418	0.1633721124037468
8874	0.16637221240708025
2458	0.16820560685356184
22	0.17033901130037665
12451	0.17083902796759895
9565	0.17087236241208043
13417	0.1732724424147471
2472	0.17497249908330276
2159	0.17663922130737691
13130	0.17667255575185842
11324	0.17673922464082137
13264	0.17707256908563618
2398	0.17997266575552517
5000	0.18337277909263644
7	0.18350611687056234
5904	0.1895396513217107
836	0.19003966798893296
343	0.19167305576852559
6087	0.1917730591019701
61	0.19833994466482213
8654	0.20014000466682222
5159	0.20330677689256313
7116	0.20337344578152597
6048	0.20337344578152608
5099	0.20457348578285944
10708	0.20660688689622983
7963	0.20664022134071136
8890	0.20670689022967434
10693	0.20670689022967434
10492	0.21000700023334115
5192	0.2100736691223041
9783	0.21504050135004496
13336	0.21664055468515614
10375	0.21914063802126732
12993	0.21980732691089705
197	0.21987399579986003
11279	0.22044068135604522
487	0.22087402913430448
3028	0.22134071135704525
278	0.2216740558018601
10813	0.22187406246874897
1250	0.22504083469448982
5953	0.22667422247408242
299	0.22667422247408245
2320	0.22667422247408245
497	0.22827427580919366
2879	0.22980766025534188
922	0.23004100136671224
8680	0.23114103803460115
3620	0.23334111137037902
12999	0.2335744524817494
7315	0.23660788692956436
3150	0.2367412247074903
2945	0.23674122470749032
1133	0.23774125804193477
6080	0.239974665822194
8124	0.2399746658221941
9546	0.24167472249074973
1137	0.24260808693623123
6332	0.24334144471482377
