8675	3.333444448148232e-05
10016	0.0033444816053511683
12970	0.0033444816053511683
13487	0.0033444816053511683
2503	0.0033778160498326507
6139	0.0033778160498326507
9764	0.0033778160498326507
9921	0.0033778160498326507
10607	0.0033778160498326507
13413	0.0033778160498326507
8329	0.00351115382775858
6159	0.0035115953140466977
1860	0.0036449330919726304
3016	0.005800193339777994
5396	0.006644591609017956
5722	0.006644591609017956
10165	0.0066778156819274105
1904	0.006677815681927414
10176	0.006711260497980924
5293	0.009844698279240297
2409	0.009932999996320947
1204	0.00996699889996333
7369	0.00997803605716623
7937	0.00997803605716623
9822	0.00997803605716623
7679	0.0099889628427971
6015	0.010044704946129196
13319	0.010044704946129196
12592	0.010066779260534994
7779	0.010083668340784158
10001	0.010611280130742374
8774	0.011550383897969398
1891	0.011555350618710703
8791	0.011678092725721848
12578	0.012478009021705407
8258	0.012478119393277434
10834	0.013200217041794367
7252	0.013277481601672116
1814	0.013344814949795981
9587	0.01336711223707457
228	0.013378149394277467
8525	0.013378149394277467
2357	0.01341126086588617
5358	0.01341126086588617
4733	0.014111284199997305
7728	0.014888795066858976
12190	0.014888795066858976
1725	0.01504464864547882
12387	0.015444774580557367
7310	0.01584467531303441
7024	0.01629910629127995
9126	0.016544921620018326
4031	0.01666722224074136
6076	0.016678036425071468
2930	0.016678149026372227
7345	0.016711260497980926
9804	0.016711593842425737
5449	0.016722408026755852
12350	0.016733668156831534
2561	0.016744705314034436
13347	0.016889080249163267
233	0.017960309936752634
8870	0.018677661607672317
6564	0.019816220183928094
10647	0.019877701609005694
2678	0.01991103605348718
8106	0.019978259030039018
1110	0.019978369401611046
1441	0.019978369401611046
1769	0.019978369401611046
4620	0.019978369401611046
6480	0.019978369401611046
7221	0.019978369401611046
8855	0.019978369401611046
10921	0.019978369401611046
1774	0.020011703846092528
1822	0.020011703846092528
3266	0.020011703846092528
3743	0.020011703846092528
4262	0.020011703846092528
4470	0.020011703846092528
5221	0.020011703846092528
8238	0.020011703846092528
8569	0.020011703846092528
13496	0.020011703846092528
7507	0.020011703846092535
12594	0.020055852474904125
274	0.02006688963210702
3429	0.020078149762182716
11343	0.020083778712356188
8050	0.020112148665825093
6245	0.020145483110306575
6854	0.020145483110306575
11826	0.020145483110306575
2925	0.02054439049863535
7821	0.021650499832714602
4090	0.02171738946482163
13499	0.021772798223708912
6441	0.02241111938959838
6937	0.02318951322903628
