11534	0.015367178905963536
1612	0.024710865750464873
320	0.028005255324670655
11429	0.02954601049624281
7187	0.03154239947226937
2436	0.041668055601853396
7440	0.041668055601853396
9832	0.04270910857003511
2934	0.04334312262224517
1298	0.044513505871959486
10363	0.04490984151287488
12193	0.0450098448463193
525	0.04607087393767134
7146	0.04660989818143048
4907	0.04912992568300551
324	0.04997667707406021
12473	0.05012604611586785
13383	0.05164339929813437
6986	0.052780448103367204
11396	0.05334345596668999
1176	0.05567920894112507
9028	0.05650589089250657
12582	0.05661023152587529
11235	0.05696889542238491
6784	0.05711024819309755
11643	0.05813527117570586
5950	0.058268608953631784
565	0.05836861228707623
8745	0.058373625812069764
9591	0.05918097590764371
702	0.05994367597402357
8122	0.05994367597402358
1739	0.060842040339361546
9577	0.060842040339361546
13494	0.060842040339361546
7155	0.06154039803781063
1171	0.0621864038998025
2869	0.06326143557982847
4316	0.06327712042217185
798	0.06331045486665332
39	0.06337712375561627
12581	0.06417715042317187
10517	0.06587554145606545
4621	0.06657723042583863
1732	0.06667723375928308
5385	0.0675105948713201
7547	0.06976899229974332
9598	0.06980633424061816
8358	0.07014235034969524
8702	0.07037735709672766
9703	0.07087570812828786
13549	0.07200240008000267
1803	0.07234242368547311
7111	0.07324411932213518
12478	0.07334412265557963
7880	0.07364413265591296
12457	0.07366945210760774
4181	0.0741091492429917
3506	0.0748358278609287
10346	0.07493583119437315
1400	0.07493583119437316
1642	0.07500250008333613
9653	0.07507919602228616
11600	0.07618122812936806
547	0.07621456257384956
9583	0.07647756043683901
534	0.07739687499624096
11572	0.07754259702458438
10453	0.07766766798299649
8733	0.07804394952393773
8270	0.07830261008700291
4081	0.07914799368822004
10030	0.07943231884621
1336	0.07991100821843172
5431	0.07994434266291321
3034	0.07994935618790672
4242	0.07997767710739466
3168	0.07997767710739467
3216	0.07997767710739467
4568	0.07997767710739467
5892	0.07997767710739467
6408	0.07997767710739467
7000	0.07997767710739467
8301	0.07997767710739467
9354	0.07997767710739467
5918	0.08004935952135118
5020	0.08151073175001194
7592	0.08161106488698733
12411	0.08164439933146883
2989	0.08171106822043178
1482	0.08337779044450591
7384	0.08337779044450591
1256	0.08417615147639945
11815	0.08420948592088093
3611	0.08459450597708372
533	0.08496949898329946
427	0.08513617120570686
1679	0.08577787044717267
3097	0.08584287370047361
9705	0.08661123155920973
