11694	0.08625805921512876
3848	0.09002485144153631
6157	0.09678026056832884
9226	0.10008026020042363
12347	0.10585595328093986
7051	0.10938785919396864
4189	0.11301413949026837
8965	0.11671414799668345
3165	0.11676944415426999
9155	0.1279709323644121
5363	0.13334881508313376
5082	0.13860361566121324
7530	0.14836309147874607
2265	0.14991547544338424
4063	0.14997166572219067
8690	0.1518324300888068
2032	0.15517083456851014
5228	0.15660522017400574
11258	0.15887196016901792
4155	0.1633275178291897
1203	0.16671592509047958
8450	0.17010533461483285
9098	0.17174942620718348
13202	0.17180329422351975
10583	0.17347211350746253
8961	0.1738057935264509
1449	0.18344981622018394
2056	0.18372552217738372
9002	0.19850583536731048
8756	0.20019407558847274
2140	0.20027189200621065
2481	0.21547273426394029
4049	0.2166738891296377
6923	0.21686140820078612
10575	0.21731717032708225
6918	0.22048215431038337
5567	0.22337411247041575
4222	0.22701396624034628
4473	0.23303988505302467
6327	0.23339629715639354
2128	0.23346296604535655
8873	0.23491674806105572
8800	0.23519524229402958
3091	0.2365405535814405
13400	0.2399967401365999
4910	0.2407403535524763
11276	0.24182913009028947
5772	0.24339652012926638
9731	0.24676340939346814
12242	0.2484186485145938
11587	0.24919406455131565
7927	0.2500182603634168
2933	0.25166334975937316
3110	0.2533744435851318
8984	0.2570294138009729
13304	0.26001892482257777
12153	0.264799312708417
11836	0.2667191481633558
12843	0.2667191481633558
1292	0.2751415002573665
13160	0.27605279261817095
12463	0.2817422788117464
1369	0.28333140759095543
840	0.28700700168266474
6240	0.28952046450600755
11829	0.29342003819302337
8677	0.2948650127802477
2249	0.29701870552875725
2874	0.30031926370789847
3906	0.3033767792259741
405	0.3152878797186217
6108	0.3166438881296042
7694	0.3167761110431663
4136	0.31684277993212934
8722	0.31972080228761257
7156	0.32186005865747375
10600	0.32223259169954505
6438	0.3234326317008783
2083	0.3283109436981232
2881	0.32840531585166544
2554	0.32910874063695106
5500	0.3292312686900043
3689	0.3293949697988817
4313	0.33005459267817294
12159	0.33293018908880007
9554	0.3350882041664488
3926	0.33653306838210095
4954	0.3460337184037684
6981	0.3475197222293141
9721	0.3488181345175273
454	0.34961120777604526
6184	0.3542740164917425
7718	0.3567555930794126
642	0.35948912789846615
12329	0.3649341254518964
417	0.3669100006789524
9361	0.36715582938606317
6421	0.37007900263342114
5989	0.3736217071226789
11447	0.3766792226407547
