1765	0.0
6265	0.0
12764	0.0
11191	0.00010000333344444955
4293	0.000133337777925931
13310	0.000133337777925931
3465	0.00013333777792593187
2450	0.00016667222240741332
7119	0.00016667222240741332
9116	0.00016667222240741332
10749	0.0002000066668888965
384	0.00023334111137037882
4584	0.00023334111137037882
5233	0.00023334111137037882
5502	0.00023334111137037882
6748	0.00023334111137037882
339	0.000266675555851862
13658	0.000266675555851862
968	0.00030001000033334346
1265	0.00030001000033334346
1866	0.00030001000033334346
1975	0.00030001000033334346
2221	0.00030001000033334346
3928	0.00030001000033334346
4135	0.00030001000033334346
4922	0.00030001000033334346
5127	0.00030001000033334346
6209	0.00030001000033334346
6450	0.00030001000033334346
6641	0.00030001000033334346
6721	0.00030001000033334346
6922	0.00030001000033334346
9769	0.00030001000033334346
10221	0.00030001000033334346
10598	0.00030001000033334346
6374	0.0003333444448148258
7061	0.0003333444448148258
12094	0.0003333444448148258
4544	0.0004333477782592762
7019	0.0004333477782592762
11623	0.0004333477782592762
12466	0.0004333477782592762
2586	0.00050001666722224
3437	0.00050001666722224
2591	0.0005000166672222426
5505	0.0005000166672222426
6341	0.0005000166672222426
6512	0.0005000166672222426
627	0.0005333511117037249
1351	0.0005333511117037249
1557	0.0005333511117037249
1845	0.0005333511117037249
2308	0.0005333511117037249
2583	0.0005333511117037249
2590	0.0005333511117037249
4666	0.0005333511117037249
5412	0.0005333511117037249
5609	0.0005333511117037249
7712	0.0005333511117037249
7951	0.0005333511117037249
8202	0.0005333511117037249
8305	0.0005333511117037249
8660	0.0005333511117037249
8754	0.0005333511117037249
8809	0.0005333511117037249
9284	0.0005333511117037249
9991	0.0005333511117037249
10230	0.0005333511117037249
10493	0.0005333511117037249
10732	0.0005333511117037249
11711	0.0005333511117037249
11753	0.0005333511117037249
5073	0.0005666855561852055
7689	0.0005666855561852055
6763	0.0006666888896296533
828	0.0006666888896296541
10991	0.0007000233341111365
3273	0.0007333577785926188
7410	0.0008000266675555852
7447	0.0008000266675555852
11209	0.0008000266675555852
2681	0.0008333611120370675
3040	0.0008333611120370675
3742	0.0008333611120370675
11593	0.0008333611120370675
12402	0.0008333611120370675
13664	0.0008333611120370675
12334	0.0008666955565185498
3766	0.0008666955565185515
9487	0.0009666988899629985
9634	0.0009666988899629985
3898	0.0010000333344444808
456	0.001033367778925964
4851	0.0010667022234074463
5249	0.0010667022234074463
9358	0.0010667022234074463
5126	0.0011000366678889295
519	0.0011333711123704118
1798	0.0011333711123704118
1852	0.0011333711123704118
