9945	0.21737493101901795
11331	0.2175082687969439
11808	0.2206417065782033
9532	0.23400881881527785
1162	0.2347635006265782
3301	0.2473425966078709
7146	0.25364280661487115
2264	0.260743043289427
4947	0.2607763777339085
826	0.26097638440079735
2013	0.26139714339931763
12256	0.26484151432498726
13574	0.266543236629205
13139	0.2672432599633161
4968	0.2683586566203289
1338	0.2689766510763532
13039	0.2707100421893903
39	0.27124339330109404
4988	0.27130973238652606
9593	0.2740768210820201
2077	0.27480756177991267
4909	0.279043653309761
5295	0.2799746132574065
2858	0.28051036886694625
370	0.28067704108935365
9575	0.28101038553416846
10765	0.2821487701715324
3506	0.28391549572905095
3936	0.2839771510930205
8444	0.2840438199819834
7717	0.2867056287497165
10427	0.28704391998531686
694	0.2873105955411687
2380	0.2873105955411687
1174	0.2873439299856502
5629	0.2874439333190946
7111	0.2880106188752799
4611	0.28874364685034154
8052	0.2889106488762799
7396	0.2906773744337985
11619	0.29071070887827993
1151	0.29071070887828
7626	0.29071070887828
11396	0.29397748443746524
6971	0.29440952367537454
11239	0.2944108322157245
867	0.2952145365761425
3024	0.29557753777257645
5631	0.2956108722170579
13439	0.29567754110602085
4316	0.2973109288856135
7187	0.2985106390834159
10540	0.2996776744437988
4134	0.3000146965814761
1519	0.30047770111135436
3538	0.3005777044447988
2647	0.30057770444479887
10346	0.3006827213032368
1362	0.3012358950119354
3161	0.3014777344457989
6110	0.30220911960961805
6165	0.30236809915804924
10820	0.3024444333357619
12289	0.30344446667020636
8122	0.3038778144484656
2893	0.30397781778191
8931	0.3040111522263915
3648	0.3040111522263916
5172	0.3040111522263916
2297	0.3065560053015056
10437	0.3072779277855769
270	0.30734459667453984
6359	0.3073779311190213
8932	0.30737793111902134
13162	0.3083429643733223
9011	0.30904465334309544
2857	0.3091446566765399
11480	0.31024469334442883
12920	0.3106780411226881
11420	0.31071137556716966
6913	0.31094203190770797
10770	0.3110447200119844
9757	0.31144473334576217
7002	0.3115097365990631
10578	0.31191141556850294
723	0.3123780977912437
6118	0.31404482001531786
11462	0.3148165257633855
13333	0.3154112024355277
3974	0.31571154223939196
1255	0.3168655963794002
1416	0.31721526993392113
7613	0.31727826113002167
1301	0.3173115955745031
9950	0.3173449300189846
2156	0.3173782644634661
9779	0.31741159890794757
2871	0.3174782677969106
7173	0.3176809307883626
10448	0.3187496604086695
