4036	0.3865795526517551
5002	0.38971299043301444
4223	0.39997999933331113
4902	0.46338211273709123
12154	0.5150171672389079
6967	0.5622187406246875
12155	0.573652455081836
256	0.6012200406680223
6912	0.6234874495816527
5225	0.6633554451815059
1248	0.68165605520184
5919	0.6962898763292111
5984	0.7000900030001
7605	0.7410247008233607
10473	0.7462248741624722
8143	0.7542918097269908
13183	0.7700590019667322
6095	0.8001266708890296
7088	0.8208273609120303
4003	0.8250941698056602
8671	0.8371279042634754
8703	0.8401946731557719
155	0.8507283576119203
1123	0.8554285142838094
716	0.8632621087369579
5910	0.8644954831827728
12981	0.8750958365278844
6234	0.8763292109736991
2872	0.8833961132037735
727	0.8837294576485882
8680	0.9061968732291075
12293	0.9098303276775892
3965	0.9309310310343677
4916	0.9333311110370346
6215	0.933364445481516
1472	0.9432647754925164
7904	0.9447314910497018
9040	0.947998266608887
2358	0.9482982766092203
1107	0.9499983332777757
1415	0.9597986599553318
1161	0.9626320877362579
355	0.9633654455148505
5296	0.9665322177405913
12078	0.9667322244074801
9013	0.9806993566452216
13432	0.9883329444314809
12264	0.9899663322110737
1348	0.9915663855461849
12328	0.9948664955498514
3136	0.9966998899963332
9535	1.001933397779926
325	1.0128004266808894
5444	1.0168672289076301
3943	1.0181672722424082
143	1.020034001133371
10391	1.0201006700223338
711	1.021700723357445
1225	1.0219007300243341
12101	1.0219673989132971
4981	1.022167405580186
12250	1.0245341511383712
8716	1.025000833361112
7628	1.033301110037001
3028	1.0345011500383345
128	1.0352011733724455
695	1.0459015300510015
878	1.0480349344978164
5087	1.0503350111670389
6933	1.051235041168039
46	1.0550685022834094
4270	1.056635221174039
4933	1.0569018967298909
10709	1.0585019500650021
6980	1.0631687722924097
2076	1.0632021067368913
7595	1.0633687789592985
5953	1.0633687789592987
169	1.0640688022934097
863	1.0651688389612985
1122	1.0666688889629654
8999	1.0666688889629654
2044	1.070002333411114
1177	1.0832694423147438
2320	1.0867695589852993
1401	1.0909696989899664
5940	1.091303043434781
2024	1.0981032701090037
4115	1.0995366512217073
6290	1.1000033334444481
8321	1.100136671222374
7116	1.1033701123370778
9600	1.1034367812260408
13264	1.1051368378945965
8693	1.1067368912297075
5103	1.1214373812460416
3941	1.1242374745824861
12252	1.126437547918264
9597	1.127337577919264
6153	1.1328377612587084
