168	0.0
1410	0.0
1455	0.0
1533	0.0
1676	0.0
2579	0.0
2623	0.0
3029	0.0
3033	0.0
3253	0.0
3306	0.0
3692	0.0
3748	0.0
3793	0.0
4140	0.0
4835	0.0
4937	0.0
5166	0.0
5529	0.0
5531	0.0
5748	0.0
6195	0.0
6421	0.0
6423	0.0
6750	0.0
6993	0.0
7356	0.0
7429	0.0
8011	0.0
8096	0.0
8157	0.0
9338	0.0
9489	0.0
9800	0.0
9834	0.0
9852	0.0
9916	0.0
10576	0.0
10589	0.0
10942	0.0
11096	0.0
11472	0.0
11640	0.0
11678	0.0
11818	0.0
11923	0.0
12148	0.0
12372	0.0
12648	0.0
13151	0.0
13242	0.0
13288	0.0
1327	3.333444448148232e-05
13282	3.333444448148232e-05
13609	3.333444448148232e-05
6427	6.666888896296463e-05
6513	6.666888896296463e-05
8866	6.666888896296463e-05
13200	6.666888896296463e-05
10731	0.00010000333344444695
7520	0.000133337777925931
9683	0.000133337777925931
10920	0.000266675555851862
100	0.0003000100003333443
1538	0.0003000100003333443
1711	0.0003000100003333443
2558	0.0003000100003333443
3331	0.0003000100003333443
4263	0.0003000100003333443
4387	0.0003000100003333443
4610	0.0003000100003333443
4704	0.0003000100003333443
4836	0.0003000100003333443
5573	0.0003000100003333443
6627	0.0003000100003333443
7607	0.0003000100003333443
7746	0.0003000100003333443
7811	0.0003000100003333443
7982	0.0003000100003333443
8744	0.0003000100003333443
9873	0.0003000100003333443
10914	0.0003000100003333443
11583	0.0003000100003333443
13328	0.0003000100003333443
13587	0.0003000100003333443
1549	0.00033334444481482664
5592	0.00036667888929630896
644	0.0003666788892963107
9267	0.0003666788892963107
6294	0.00046668222274075764
5245	0.00050001666722224
12455	0.00050001666722224
817	0.0005000166672222417
5994	0.0005000166672222417
2471	0.0006000200006666886
3567	0.0006000200006666886
3860	0.0006333544451481727
7850	0.0006333544451481727
6378	0.000666688889629655
9379	0.000666688889629655
