5078	0.0
9897	0.0
13289	0.0
9178	3.3334444481489256e-05
10861	3.3334444481489256e-05
12223	3.3334444481489256e-05
2382	6.666888896297157e-05
9031	6.666888896297157e-05
3334	0.000166672222407422
5607	0.000166672222407422
7007	0.00020000666688890084
2446	0.0016667222240741228
11249	0.0016667222240741367
8032	0.0016667222240741436
10803	0.0016667222240741436
809	0.001966732224407488
12342	0.0021000700023334137
7004	0.0030001000033334467
9212	0.0031667722257408583
2333	0.003166772225740867
11417	0.00330011000366677
8399	0.003300110003666791
10445	0.00333344444814827
3161	0.003366778892629759
5339	0.003366778892629759
12356	0.003366778892629759
1192	0.0033667788926297626
10956	0.0033667788926297626
10962	0.0033667788926297626
9837	0.0034001133371112414
10880	0.003400113337111245
2946	0.0035001166705556884
1200	0.0049334977832594315
8279	0.005000166672222417
9579	0.005000166672222417
12269	0.006633554451815057
13167	0.006666888896296533
9740	0.006666888896296543
12107	0.006666888896296545
1592	0.006700223340778029
10613	0.006700223340778029
13099	0.006700223340778029
65	0.006700223340778034
4460	0.006700223340778034
7308	0.006700223340778034
10048	0.006700223340778034
10872	0.006700223340778034
12447	0.006700223340778034
4342	0.006700223340778036
5314	0.006700223340778036
5353	0.006700223340778036
7257	0.006700223340778036
9898	0.006700223340778036
4934	0.006733557785259511
5283	0.006733557785259511
846	0.006733557785259518
13219	0.006833561118703965
10656	0.006866895563185441
2615	0.00833361112037068
3438	0.00836694556485217
5007	0.00836694556485217
10663	0.00836694556485217
11274	0.00836694556485217
723	0.008400280009333648
5944	0.008433614453815136
7502	0.008566952231741047
7046	0.0086669555651855
10151	0.009000300010000342
1439	0.009000300010000344
6042	0.009200306676889237
1190	0.009700323344111469
8044	0.009800326677555923
12229	0.00986699556651889
1257	0.0100003333444448
9788	0.010000333344444813
10419	0.010000333344444817
7980	0.010000333344444823
10373	0.010033667788926285
2698	0.010033667788926295
8787	0.010033667788926295
1104	0.010033667788926302
1378	0.010033667788926302
1577	0.010033667788926302
4166	0.010033667788926302
306	0.010033667788926306
2291	0.010033667788926306
4565	0.010033667788926306
12382	0.010033667788926306
11737	0.01010033667788927
9630	0.010833694456481892
2072	0.011467048901630052
3524	0.011633721124037471
10061	0.01166705556851896
3974	0.011700390013000439
7836	0.011700390013000442
11328	0.011700390013000444
765	0.012300410013667131
6173	0.012500416680556027
3263	0.013333777792593088
8151	0.013333777792593088
