10694	0.02690027663924255
683	0.04046721468491109
1109	0.041170154359027725
6118	0.04400358213995376
10775	0.04613698658676865
8125	0.047903712144287236
10939	0.04839114003177049
4078	0.04920375547906507
34	0.05027045770247251
8092	0.05073713992521327
10676	0.051003815481065126
5401	0.05107048437002809
7265	0.051170487703472545
11085	0.05128544358440049
484	0.05233140014306545
2870	0.05237052770480592
11281	0.0524038621492874
1416	0.053540910954520224
5300	0.05370758317692764
4017	0.05387057770647264
9570	0.05392232013428343
527	0.05397058103991709
7627	0.054237256595768946
6335	0.0543372599292134
4450	0.054370594373694875
13424	0.055231930872862246
3968	0.05603731659776902
3024	0.05617065437569495
11764	0.056637336598435714
6152	0.05733735993254685
9042	0.057890765144224705
2186	0.058068883129810414
3007	0.05812493911590635
43	0.05823738993354687
7621	0.05900408215662098
1607	0.059241100960853776
9536	0.059577117069930845
12431	0.05983744326865805
462	0.060407806517705664
7215	0.06067080438069512
7630	0.06067080438069512
8883	0.06067080438069512
1120	0.0607041388251766
12397	0.0607041388251766
12629	0.06080414215862105
2890	0.061004148825509946
10440	0.0610708177144729
13004	0.06123748993688032
12120	0.061936733678726014
12106	0.06257086771613964
11373	0.06273753993854704
6279	0.06277087438302853
2165	0.06297088104991742
6992	0.06370791652137246
2455	0.06397091438436191
2851	0.0640042488288434
52	0.06403758327332487
5216	0.06403758327332487
115	0.06407091771780636
11284	0.06427092438469525
11805	0.06433759327365822
2407	0.0643709277181397
7125	0.0643709277181397
11775	0.0643709277181397
4427	0.06440426216262118
12920	0.06440426216262118
6172	0.06504530179702513
1365	0.06550429883051011
5353	0.06563763660843604
1350	0.065704305497399
8970	0.065704305497399
475	0.06600431549773235
11425	0.06607466207955774
718	0.06697101438769537
8862	0.06726523127076971
10703	0.06730435883251018
11231	0.06730435883251018
3494	0.06733769327699166
7102	0.06733769327699166
10004	0.06733769327699166
10804	0.06733769327699166
138	0.06737102772147315
2640	0.06737102772147315
13222	0.0674710310549176
1267	0.06753769994388055
10049	0.06760225340844696
5125	0.06773770661076946
8141	0.06817633508044849
6257	0.0685787529120623
8847	0.0690044155010658
11328	0.06903774994554727
10380	0.06903774994554729
180	0.06933775994588062
3974	0.0693710943903621
13005	0.06940442883484359
416	0.06960443550173248
765	0.06970443883517694
1523	0.06995068757698251
337	0.06997300646302557
9633	0.07013567118903964
