9641	0.00010000333344445389
11331	0.005200173339111304
2380	0.006700223340778036
2871	0.006833561118703965
11239	0.0070669022300743345
2013	0.009966998899963338
565	0.009966998899963345
11572	0.009966998899963345
12457	0.009966998899963345
13039	0.01000033334444482
8805	0.01003366778892631
5020	0.01010033667788928
12986	0.011667055568518957
11059	0.011700390013000432
12489	0.013367112237074576
7172	0.015067168905630188
3097	0.015067168905630195
4409	0.01633387779592653
11815	0.01663388779625989
1256	0.016667222240741367
3639	0.016667222240741367
583	0.016667222240741374
427	0.01680056001866729
13162	0.01683389446314877
7635	0.016967232241074715
9661	0.018300610020334025
12975	0.0183339444648155
1241	0.018400613353778468
12237	0.01846728224274142
7930	0.018700623354111812
5295	0.019200640021334044
11480	0.019600653355111845
826	0.019667322244074796
7703	0.020000666688889626
1127	0.020000666688889633
713	0.020000666688889637
8676	0.02003400113337111
11346	0.020034001133371126
7547	0.021367378912630436
1583	0.021600720024000816
1400	0.0233341111370379
9532	0.0233341111370379
11564	0.0233341111370379
6665	0.023334111137037906
12256	0.02333411113703791
2411	0.02336744558151939
4988	0.02336744558151939
5329	0.02336744558151939
5912	0.02336744558151939
9636	0.02336744558151939
1366	0.023367445581519396
3240	0.023367445581519396
6179	0.02346744891496384
12795	0.02503416780559352
808	0.025100836694556483
11643	0.026534217807260244
6165	0.026567552251741726
547	0.026634221140704684
5918	0.026634221140704684
11235	0.026667555585186166
5424	0.026667555585186187
270	0.02670089002966767
8828	0.028367612253741792
13163	0.028534284476149203
895	0.028567618920630693
5652	0.02876762558751958
13498	0.02890096336544553
1124	0.029634321144038148
2059	0.029967665588852957
7474	0.029967665588852978
2454	0.03000100003333444
10652	0.030001000033334446
13426	0.030001000033334453
7396	0.03003433447781593
10512	0.03003433447781593
4082	0.030034334477815935
3558	0.030034334477815942
3428	0.03036767892263076
1141	0.0316343878129271
6302	0.031667722257408576
4950	0.031701056701890065
2431	0.033267775592519755
2077	0.03330111003700124
4172	0.03330111003700124
8069	0.03330111003700124
10447	0.033334444481482726
533	0.0333677789259642
900	0.03336777892596421
1162	0.03336777892596421
3099	0.03336777892596421
9288	0.03336777892596421
11402	0.03336777892596421
8775	0.033467782259408656
383	0.03366778892629755
4096	0.03410113670455683
6944	0.03440114670489016
7273	0.034634487816260544
10765	0.03480116003866797
4088	0.03483449448314944
6445	0.03493449781659389
