8940	0.017767258908630297
1395	0.02113403780126004
1180	0.02186739557985266
216	0.022200740024667494
2223	0.023667455581852733
1523	0.02416747224907497
11325	0.02426747558251942
1148	0.02540084669488983
6370	0.02630087669588986
8847	0.026967565585519524
12249	0.027934264475482518
13027	0.031234374479149313
9743	0.03136771225707523
7797	0.03183439447981601
1354	0.03200106670222341
10004	0.032034401146704895
2165	0.03300110003666789
416	0.0343344778159272
607	0.034501150038334615
12629	0.035167838927964275
158	0.035334511150371686
6333	0.035334511150371686
8883	0.03536784559485316
7961	0.0355011833727791
13258	0.03596786559551985
8204	0.03596786559551986
126	0.0360678689289643
12120	0.036201206706890234
2208	0.036234541151371716
1114	0.03626787559585319
3817	0.03626787559585319
9811	0.036301210040334674
10305	0.036301210040334674
3527	0.03673455781859396
1350	0.037001233374445816
5494	0.037001233374445816
9827	0.03710123670789026
12627	0.03710123670789026
1274	0.037734591153038434
3322	0.037767925597519916
4331	0.037767925597519916
4622	0.037767925597519916
6930	0.037767925597519916
10455	0.037767925597519916
8923	0.03783459448648289
4567	0.037901263375445846
6656	0.037901263375445846
7922	0.037901263375445846
8939	0.037901263375445846
1197	0.03793459781992733
2775	0.03793459781992733
7496	0.03793459781992733
11666	0.03793459781992733
3488	0.037934597819927335
2092	0.03796793226440881
2453	0.03796793226440881
3251	0.03796793226440881
3303	0.03810127004233474
7281	0.03810127004233474
11536	0.03810127004233474
6056	0.03813460448681623
9730	0.03813460448681623
11661	0.03820127337577919
7611	0.038467948931631066
8899	0.03863462115403848
9112	0.038667955598519946
1260	0.03866795559851995
13463	0.03870129004300144
10088	0.038934631154371804
12450	0.03893463115437181
7970	0.0395346511550385
12630	0.0395346511550385
13315	0.0395346511550385
7095	0.039601320044001465
7878	0.039601320044001465
12392	0.039601320044001465
12774	0.039601320044001465
1939	0.03963465448848295
2364	0.03963465448848295
3948	0.03963465448848295
10241	0.03963465448848295
11677	0.03963465448848295
2988	0.03970132337744592
7599	0.03976799226640888
10974	0.03990133004433481
873	0.04016800560018667
9836	0.040234674489149636
11303	0.040234674489149636
4139	0.04033467782259408
2445	0.04033467782259409
2025	0.040334677822594096
4671	0.040368012267075565
6545	0.040368012267075565
448	0.04036801226707557
2250	0.04043468115603853
5336	0.040434681156038536
7288	0.04073469115637188
9440	0.04076802560085336
4236	0.04086802893429781
7466	0.04100136671222374
