1939	3.333444448148232e-05
3948	3.333444448148232e-05
9690	3.333444448148232e-05
9743	3.333444448148232e-05
10241	3.333444448148232e-05
11677	3.333444448148232e-05
7970	6.666888896296463e-05
12197	0.00020000666688889737
5312	0.0006000200006666886
12450	0.0006666888896296533
4671	0.0007666922230741037
13115	0.0008666955565185472
7288	0.0011333711123704127
9440	0.0011667055568518958
11303	0.0013667122237407923
1268	0.0015000500016667216
3303	0.0015000500016667216
7281	0.0015000500016667216
11536	0.0015000500016667216
6056	0.001533384446148204
2092	0.0016333877795926526
2453	0.0016333877795926526
3251	0.0016333877795926526
7926	0.0016333877795926526
10004	0.0016333877795926526
13322	0.0016333877795926526
1197	0.001666722224074135
2775	0.001666722224074135
6152	0.001666722224074135
7496	0.001666722224074135
8970	0.001666722224074135
11666	0.001666722224074135
3646	0.0016667222240741367
945	0.001700056668555619
1689	0.001700056668555619
2950	0.001700056668555619
3344	0.001700056668555619
5052	0.001700056668555619
12426	0.0017333911130370978
725	0.0017333911130371013
9112	0.002466748891629721
9827	0.0025000833361112033
12627	0.0025000833361112033
6545	0.002566752225074166
5494	0.0026000866695556502
10418	0.002600086669555653
8972	0.0028000933364445493
9797	0.0032001066702223415
7372	0.0032001066702223423
11764	0.003233441114703823
8883	0.0033001100036667893
9811	0.0033001100036667893
10305	0.0033001100036667893
1114	0.00333344444814827
1277	0.00333344444814827
3817	0.00333344444814827
7733	0.00333344444814827
8847	0.00333344444814827
6370	0.0033334444481482733
10653	0.0033334444481482733
220	0.003366778892629752
1350	0.003366778892629752
5007	0.003366778892629752
5650	0.003366778892629752
8033	0.003366778892629755
8732	0.003366778892629755
10918	0.0034001133371112345
5944	0.003433447781592722
4164	0.0035334511150371655
1289	0.0035667855595186513
5969	0.0038001266708890327
416	0.004000133337777924
6997	0.00403346778225941
9543	0.004166805560185338
2165	0.0043334777825927515
5404	0.004333477782592755
1304	0.004366812227074237
7836	0.004666822227407584
8035	0.0048334944498149915
12626	0.0048334944498149915
13219	0.0048334944498149915
4331	0.004833494449814993
6930	0.004833494449814993
11574	0.004866828894296477
1523	0.004866828894296479
1346	0.004933497783259441
6956	0.0049668322277409225
2976	0.004966832227740924
4567	0.004966832227740924
6656	0.004966832227740924
7922	0.004966832227740924
8939	0.004966832227740924
216	0.004966832227740926
10777	0.005000166672222405
2101	0.0050001666722224065
3488	0.0050001666722224065
4606	0.0050001666722224065
5207	0.0050001666722224065
4032	0.005000166672222408
8010	0.00500016667222241
