727	0.0
1122	0.0
1305	0.0
2076	0.0
2377	0.0
2949	0.0
3701	0.0
3911	0.0
4115	0.0
5192	0.0
6826	0.0
8999	0.0
9562	0.0
10377	0.0
10528	0.0
10670	0.0
11359	0.0
12413	0.0
12735	0.0
13321	0.0
13433	0.0
250	3.3334444481503134e-05
3941	3.3334444481503134e-05
6190	3.3334444481503134e-05
8703	3.3334444481503134e-05
8715	3.3334444481503134e-05
8997	3.3334444481503134e-05
390	0.0001333377779259015
3308	0.0001333377779259015
9597	0.0001333377779259015
2070	0.0017000566685556329
2945	0.0022667422247407976
1068	0.0033334444481482872
5934	0.0033667788926297626
11292	0.0066335544518150436
11853	0.006666888896296519
8693	0.008400280009333655
10474	0.009633654455148521
3873	0.00996699889996333
8886	0.00996699889996333
1820	0.010000333344444834
9637	0.011467048901630056
6290	0.01330044334811159
10912	0.01330044334811159
3122	0.013467115570518995
3150	0.01653388446281545
1185	0.016633887796259864
6026	0.016633887796259864
6411	0.016633887796259864
7328	0.016633887796259864
8728	0.016633887796259864
11631	0.016633887796259864
12363	0.016633887796259864
13247	0.016633887796259864
1137	0.01666722224074134
1375	0.01666722224074134
2782	0.01666722224074134
3136	0.01666722224074134
3177	0.01666722224074134
4162	0.01666722224074134
5953	0.01666722224074134
6749	0.01666722224074134
7379	0.01666722224074134
7710	0.01666722224074134
7904	0.01666722224074134
8938	0.01666722224074134
9065	0.01666722224074134
9541	0.01666722224074134
11553	0.01666722224074134
12178	0.01666722224074134
12376	0.01666722224074134
13309	0.01666722224074134
1514	0.01666722224074138
4981	0.01666722224074138
5922	0.01666722224074138
716	0.016700556685222856
863	0.016700556685222856
3942	0.016700556685222856
6912	0.016700556685222856
8388	0.016700556685222856
10602	0.016700556685222856
6062	0.016800560018667268
7054	0.016800560018667268
10798	0.016800560018667268
12419	0.016800560018667268
12556	0.016800560018667268
5194	0.01883396113203771
7116	0.019967332244408137
8456	0.019967332244408137
4919	0.023100770025667544
1415	0.023200773359111998
8983	0.023334111137037886
7093	0.023334111137037927
1302	0.026634221140704684
5470	0.026634221140704684
7590	0.026634221140704684
8820	0.026634221140704684
7674	0.02873429114303809
9670	0.02963432114403816
5856	0.0297009900330011
