10813	0.010400346678222608
2879	0.011033701123370765
9040	0.012233741124704184
12252	0.015267175572519096
4769	0.018733957798593312
487	0.02206740224674157
8143	0.030567685589519625
6411	0.033767792259742004
10670	0.034601153371779034
3150	0.035334511150371686
13177	0.03540118003933464
7674	0.03793459781992732
7379	0.04210140338011267
9034	0.0421014033801127
2945	0.04523484116137204
12067	0.04860162005400183
250	0.05543518117270575
11279	0.06166872229074299
739	0.062068735624520824
10356	0.06373545784859493
5940	0.06793559785326177
10528	0.06953565118837293
13130	0.07150238341278042
2079	0.07346911563718789
8388	0.07870262342078072
11612	0.07870262342078072
3656	0.08123604120137337
11902	0.08123604120137337
10524	0.08130271009033634
7	0.08190273009100307
8983	0.08200273342444747
716	0.08213607120237343
2226	0.08433614453815126
408	0.08456948564952163
10982	0.08456948564952163
12101	0.08456948564952163
322	0.08533617787259576
3969	0.08533617787259576
6087	0.08533617787259576
8124	0.08533617787259576
8751	0.08533617787259576
9774	0.08533617787259576
2398	0.08536951231707726
4038	0.08536951231707726
11418	0.08536951231707726
6316	0.08790293009766992
9568	0.08790293009766992
12113	0.08873629120970702
5904	0.08910297009900334
8890	0.09093636454548484
497	0.09123637454581818
11324	0.09123637454581818
2458	0.09386979565985534
12485	0.09390313010433679
836	0.09456981899396644
315	0.09536984566152207
823	0.09536984566152207
11419	0.09536984566152207
9571	0.09543651455048502
197	0.09790326344211472
2070	0.09790326344211472
7907	0.09790326344211472
3194	0.09866995566518882
5176	0.09873662455415183
5000	0.09950331677722594
12144	0.10077002566752226
4696	0.10123670789026298
7619	0.10123670789026298
12199	0.10123670789026298
7710	0.10127004233474446
7788	0.10127004233474446
4941	0.10177005900196676
8086	0.10187006233541121
3500	0.10200340011333711
5192	0.10200340011333711
12469	0.10200340011333711
173	0.10203673455781859
2526	0.10203673455781859
2642	0.10457015233841127
6448	0.10457015233841127
9624	0.10457015233841127
708	0.10463682122737422
13054	0.1053701790059669
7884	0.10557018567285581
8874	0.10790359678655953
6987	0.10870362345411516
1185	0.11033701123370777
419	0.11123704123470782
12293	0.11193706456881898
2490	0.11490383012767091
11427	0.11683722790759692
2342	0.11790393013100436
12198	0.11790393013100436
12389	0.11790393013100436
10608	0.11807060235341174
186	0.11867062235407849
922	0.11867062235407849
3620	0.11867062235407849
9600	0.11867062235407849
12371	0.11943731457715256
