2253	0.00023334111137038316
3255	0.0003666788892963124
9008	0.0003666788892963124
9011	0.0003666788892963124
12055	0.0003666788892963124
12961	0.0003666788892963124
1124	0.0004000133337777878
1335	0.0004000133337777878
12237	0.0004000133337777878
7228	0.002966765558851947
12091	0.0037001233374445996
4970	0.0038001266708890535
12353	0.004066802226740912
5946	0.007166905563518788
11226	0.010433681122704097
25	0.012933764458815306
11239	0.016267208906963565
2022	0.01643388112937097
5992	0.01643388112937097
1113	0.01706723557451914
13415	0.01706723557451914
5316	0.019600653355111824
13113	0.020034001133371115
9648	0.020400680022667428
8503	0.026200873362445393
11	0.02663422114070471
1965	0.0279342644754825
8725	0.02960098669955666
12265	0.030401013367112234
13104	0.030401013367112234
740	0.03293443114770492
2739	0.03293443114770492
4953	0.03293443114770492
7376	0.03293443114770492
8812	0.03293443114770492
8875	0.03293443114770492
12263	0.03293443114770492
92	0.03296776559218639
2887	0.03296776559218639
3056	0.03296776559218639
5231	0.03296776559218639
6983	0.03296776559218639
7302	0.03296776559218639
8933	0.03296776559218639
9753	0.03296776559218639
11236	0.03296776559218639
12072	0.03296776559218639
12984	0.03296776559218639
13025	0.03296776559218639
13166	0.03296776559218639
6916	0.03310110337011232
3688	0.03370112337077902
9710	0.03370112337077902
12085	0.036267875595853205
420	0.03790126337544586
177	0.0420680689356312
2424	0.045934864495483174
12061	0.04626820894029801
3956	0.04630154338477949
8827	0.04630154338477949
3506	0.04960165338844627
10398	0.04960165338844627
64	0.049634987832927746
3675	0.049768325610853675
10518	0.05023500783359447
3094	0.05036834561152037
12058	0.05036834561152037
12312	0.05036834561152037
13002	0.05036834561152037
0	0.050401680056001846
190	0.050401680056001846
7810	0.050401680056001846
10452	0.050401680056001846
12941	0.050401680056001846
13306	0.05286842894763158
2256	0.05293509783659456
4423	0.05296843228107603
5958	0.05373512450415016
7299	0.05460182006066869
7634	0.05790193006433547
6225	0.05793526450881695
3168	0.05840194673155771
3354	0.05886862895429848
2167	0.05976865895529851
715	0.06293543118103936
1352	0.06293543118103936
1343	0.06373545784859494
7580	0.06373545784859494
10389	0.06373545784859494
415	0.06626887562918762
1126	0.06626887562918762
4093	0.06626887562918762
5629	0.06626887562918762
6193	0.06626887562918762
6275	0.06626887562918762
10517	0.06626887562918762
10531	0.06626887562918762
97	0.06630221007366913
1128	0.06630221007366913
1881	0.06630221007366913
