7006	0.6172495665462028
10450	0.7694538685755619
5987	0.772555735097656
9864	0.7999596158778495
7727	0.8273872948103036
67	0.8450350756485832
12308	0.8884438607721749
58	0.9650393013764862
3073	0.9711827443103396
2067	0.9847799232034454
5021	0.9948161208959013
13279	1.0057220119137988
6101	1.0342269287009644
2357	1.0517280502902033
7169	1.0519176887185078
5048	1.0813965933107565
9706	1.0929409067722644
10139	1.099408570521591
6961	1.1027632022332827
36	1.110372985521591
1604	1.1107759494342218
5936	1.120483879497888
7812	1.1306039906999368
10739	1.1444659252762257
11343	1.144958862554737
4276	1.1649227888885132
5988	1.166143682427774
6203	1.174489109995538
12967	1.1776343619944618
7279	1.1985777613340831
12304	1.2261349786816846
12443	1.2290094992563445
1195	1.2436327278906008
8026	1.2487099775584587
11238	1.25050920082478
6328	1.2566897329594473
5266	1.2731024294361748
13299	1.2815432336502728
4159	1.2816138625374567
9585	1.2844708150713258
4209	1.2947798532432784
47	1.2967745685977565
7080	1.2986849932632174
2912	1.2988226847713304
13048	1.3086350847663077
3653	1.3124148892383465
7937	1.3158427171636171
3721	1.326315352587125
5906	1.3304957187986763
4103	1.3314601127078913
2925	1.34103813543128
5030	1.3418510843427411
6212	1.3418811916360605
10341	1.3431838067306912
4699	1.3527418299022549
6063	1.359789462686663
4215	1.3598394354969119
6015	1.3638914395597939
4624	1.3649281223996304
11421	1.365273941061813
11622	1.3757950409290216
11285	1.3763732095881556
13110	1.3862369183282948
5977	1.3870433235446966
5472	1.388683206320488
1349	1.3889611420064154
2387	1.3958121598462663
11051	1.398505050995132
7252	1.3985067177173562
7141	1.4012844078544073
6939	1.4062747581459054
2422	1.416809534257852
12350	1.4284511985868968
12516	1.4432515793353746
8791	1.4533966231891218
3512	1.4546752566686545
12254	1.4581403721725048
9716	1.4596391224172593
3262	1.461231332506634
6383	1.468440715517283
8691	1.4685073844062457
890	1.4738721566393091
6018	1.4830508241452354
10744	1.4834199205097345
1438	1.4900586601957062
9619	1.4914770463827152
8977	1.4917637894971179
6076	1.4950977902625837
9804	1.4950980132354563
5019	1.4961402435986697
24	1.497316547785173
7947	1.4979107045392135
2931	1.4980201842197511
7526	1.4985083844395801
11467	1.4986469332971288
1252	1.5100273819566077
4245	1.5116548639041687
8050	1.5152657936330416
6480	1.5171320810377165
9000	1.5182113812284364
