9579	0.0020667355578519297
6930	0.003900130004333476
8035	0.003900130004333478
106	0.004196462311804407
4534	0.004196462311804407
1509	0.0055001833394446465
11328	0.005896518980360024
4139	0.006100203340111337
838	0.006233541118037268
1607	0.006233541118037268
1416	0.00626687556251875
873	0.006429870092063748
10918	0.006483950201287724
2250	0.00669654564791561
3658	0.006696545647915612
5258	0.006696545647915612
2382	0.006729880092397094
11568	0.006729880092397094
12559	0.006729880092397094
4997	0.006796548981360055
1346	0.007000233341111371
13063	0.007029890092730437
7945	0.007229896759619332
11661	0.007263231204100815
9831	0.007417314646769239
3488	0.007529906759952677
1457	0.00752990675995268
4079	0.00752990675995268
305	0.0075506524246951685
2976	0.007563241204434159
4567	0.007563241204434159
6656	0.007563241204434159
8939	0.007563241204434159
6956	0.007563241204434161
2926	0.007563241204434162
12626	0.007696578982360092
4456	0.007696578982360093
6236	0.007696578982360093
6032	0.007729913426841574
8170	0.007863251204767507
4756	0.007933597786592887
4627	0.008166938897963263
2165	0.008196595649582332
5353	0.008296598983026784
12223	0.008363267871989748
12392	0.008396602316471227
4078	0.008463271205434195
12348	0.008633621120704022
7922	0.008675332319209632
6305	0.00869064006061646
4993	0.008900296676555884
4164	0.008996622317137918
1114	0.009196628984026813
1277	0.009196628984026813
3817	0.009196628984026813
7733	0.009196628984026813
8847	0.009196628984026813
8883	0.009229963428508294
9811	0.009229963428508294
10305	0.009229963428508294
220	0.009229963428508296
1350	0.009229963428508296
5007	0.009229963428508296
5650	0.009229963428508296
11764	0.009363301206434225
9912	0.00937306108999507
5419	0.009566985566185538
12297	0.009566985566185538
33	0.009566985566185541
2571	0.009566985566185541
6389	0.009600320010667024
12161	0.009600320010667024
13353	0.009600320010667024
5684	0.00985072909391748
9214	0.009896652318137949
12359	0.009896652318137949
12629	0.009896652318137949
1120	0.009896652318137952
5494	0.009929986762619433
6545	0.009963321207100917
9827	0.01002999009606388
12627	0.01002999009606388
2344	0.010029990096063882
3914	0.010029990096063882
4099	0.010029990096063882
5702	0.010029990096063882
7427	0.010029990096063882
7620	0.010029990096063882
8739	0.010029990096063882
9178	0.010029990096063882
9543	0.010029990096063882
11514	0.010029990096063882
12208	0.010029990096063882
12639	0.010029990096063885
13404	0.010029990096063885
522	0.010063324540545364
527	0.010063324540545364
1787	0.010063324540545364
2600	0.010063324540545364
3978	0.010063324540545364
