11204	0.06916897229907665
6938	0.07746924897496581
708	0.095503183439448
212	0.10090336344544822
10670	0.10250341678055935
10873	0.10263675455848531
12376	0.10403680122670755
10492	0.10560352011733727
10372	0.10910363678789292
3013	0.11703723457448581
5069	0.11883729457648591
898	0.11993733124437485
497	0.12087069568985631
9146	0.12347078235941202
2074	0.12670422347411578
7309	0.1278709290309677
10360	0.13120437347911595
402	0.13260442014733825
1283	0.1337377912597086
7060	0.13590453015100504
7093	0.13620454015133837
2202	0.1362045401513384
12471	0.14023800793359778
5903	0.14367145571519052
8886	0.143771459048635
2085	0.14413813793793123
2268	0.14507150238341282
6087	0.1454381812727091
11629	0.1455381846061536
6048	0.1528717623920797
10732	0.15440514683822798
11359	0.15647188239607984
2619	0.1574052468415614
2923	0.1595386512883763
5637	0.15957198573285775
12957	0.1611720390679689
7735	0.16130537684589485
3122	0.16240541351378385
11616	0.16283876129204305
4009	0.16290543018100606
7116	0.16320544018133937
12118	0.165872195739858
7297	0.165938864628821
7534	0.16597219907330246
1133	0.16663888796293214
6117	0.1673055768525618
9806	0.1675055835194507
10559	0.16787226240874695
10458	0.16820560685356178
2475	0.16870562352078403
4167	0.17090569685656193
7590	0.17510583686122871
2929	0.17590586352878432
11493	0.17590586352878432
13276	0.17590586352878432
6332	0.17683922797426582
13030	0.17697256575219178
9134	0.1774392479749325
5176	0.17820594019800662
8820	0.17923930797693258
5356	0.1792393079769326
2614	0.17927264242141405
8997	0.17987266242208075
8937	0.1801726724224141
4533	0.18080602686756228
10816	0.18107270242341414
9992	0.1819727324244142
4022	0.18207273575785862
10679	0.18247274909163644
11203	0.18287276242541417
10844	0.18293943131437712
9290	0.183272775759192
1170	0.1835061168705624
7699	0.18353945131504384
13040	0.18360612020400685
130	0.18377279242641417
10087	0.1838061268708957
13173	0.18427280909363647
641	0.18437281242708092
11386	0.18497283242774762
2928	0.18530617687256246
3613	0.18590619687322915
13527	0.18620620687356243
6749	0.18660622020734027
13309	0.1867395579852662
8967	0.18703956798559954
2347	0.18710623687456251
2170	0.18727290909696992
10948	0.18923964132137738
8456	0.1892396413213774
3112	0.1892729757658589
12583	0.18953965132171072
10669	0.19060635354511818
5856	0.19227307576919234
4362	0.1925730857695257
7301	0.1927064235474516
6205	0.19320644021467379
487	0.1937397913263776
11324	0.19490649688322945
2371	0.19503983466115535
