2227	0.001666722224074135
7885	0.0017333911130370996
5360	0.0024334144471482404
11764	0.002533417780592684
640	0.0033334444481482733
1309	0.0033334444481482733
5881	0.0033334444481482733
10380	0.003366778892629754
12430	0.003833461115370516
4734	0.004133471115703859
335	0.004400146671555723
1103	0.004533484449481652
2421	0.004666822227407583
10586	0.004866828894296472
8883	0.004966832227740926
758	0.004966832227740928
138	0.005000166672222408
6152	0.005033501116703891
6350	0.005033501116703891
718	0.006266875562518757
6322	0.006566885562852089
7377	0.006633554451815057
1350	0.00666688889629654
2148	0.00666688889629654
3947	0.00666688889629654
5289	0.00666688889629654
7318	0.00666688889629654
13004	0.006666888896296543
8356	0.006666888896296545
448	0.006666888896296547
6385	0.006700223340778022
11408	0.006700223340778022
11670	0.006700223340778022
1337	0.007466915563852126
5109	0.007466915563852131
1436	0.007700256675222502
4128	0.008200273342444744
7147	0.008200273342444744
12277	0.008200273342444744
10004	0.008300276675889192
10555	0.008300276675889192
9881	0.008300276675889198
264	0.008333611120370675
763	0.008333611120370675
2131	0.008333611120370675
6200	0.008333611120370675
12715	0.008333611120370675
4485	0.008333611120370676
6045	0.008333611120370676
10169	0.008333611120370676
11905	0.008333611120370676
52	0.00833361112037068
11648	0.00833361112037068
12995	0.00833361112037068
282	0.008333611120370682
13109	0.008366945564852162
527	0.008400280009333645
13047	0.008400280009333645
416	0.008933631121037365
2165	0.009333644454815162
12212	0.009933664455481854
10923	0.009966998899963329
12324	0.009966998899963334
6567	0.010000333344444813
8325	0.010000333344444813
1869	0.010000333344444817
3503	0.010000333344444817
6325	0.010133671122370748
9247	0.010800360012000399
9069	0.01086702890096336
4078	0.0115670522350745
5568	0.011633721124037466
8929	0.011633721124037466
10992	0.011633721124037466
13463	0.011633721124037466
832	0.011633721124037467
5800	0.011633721124037467
12460	0.011633721124037467
5632	0.011633721124037471
6172	0.011633721124037471
7359	0.011633721124037471
683	0.011667055568518946
3754	0.011667055568518948
6040	0.011667055568518948
7354	0.011667055568518948
8463	0.011667055568518948
8795	0.011667055568518948
9645	0.011667055568518948
9849	0.011667055568518948
11071	0.011667055568518948
11255	0.011667055568518948
3098	0.01166705556851895
5220	0.01166705556851895
3494	0.011667055568518953
1567	0.01170039001300043
6013	0.01170039001300043
2186	0.011700390013000432
3312	0.011700390013000432
8126	0.011700390013000432
10703	0.011700390013000436
