13142	0.003300110003666784
7156	0.0033667788926297487
1651	0.009766992233074433
5229	0.01000033334444481
1292	0.010000333344444813
3461	0.010000333344444813
6030	0.010000333344444813
12952	0.010000333344444813
4954	0.013033767792259742
6108	0.013267108903630115
13180	0.013300443348111597
4308	0.013300443348111604
10362	0.013300443348111604
8166	0.01333377779259308
8783	0.01333377779259308
11344	0.01333377779259308
12349	0.01333377779259308
8287	0.013700456681889392
3456	0.013967132237741254
1201	0.015067168905630188
2303	0.015933864462148735
9683	0.016533884462815424
5982	0.01653388446281543
8866	0.016600553351778388
13282	0.01663388779625987
4937	0.016667222240741353
6993	0.016667222240741353
7163	0.016667222240741353
6421	0.01666722224074136
11678	0.01666722224074136
13200	0.016733891129704317
13328	0.017400580019333974
3089	0.01803393446448215
5247	0.018167272242408078
13073	0.018333944464815496
7264	0.018467282242741426
8055	0.019133971132371072
7296	0.01916730557685256
2420	0.019967332244408144
5361	0.019967332244408144
9620	0.019967332244408147
3970	0.020000666688889626
4305	0.020000666688889626
4479	0.020000666688889626
7416	0.020000666688889626
7978	0.020000666688889626
10662	0.020000666688889626
11790	0.020000666688889626
12347	0.020000666688889626
2897	0.02000066668888963
1203	0.020000666688889633
8690	0.020000666688889633
9226	0.020000666688889633
3046	0.020034001133371115
3729	0.020034001133371115
8428	0.020034001133371115
10133	0.020134004466815562
4618	0.02036734557818594
4149	0.020767358911963726
3732	0.021500716690556344
11456	0.02163405446848228
59	0.021634054468482284
10664	0.022000733357778593
12166	0.022667422247408243
7129	0.02320077335911197
3999	0.023300776692556417
1385	0.023334111137037896
10498	0.023334111137037896
11470	0.023334111137037896
4063	0.0233341111370379
6547	0.0233341111370379
13112	0.0233341111370379
303	0.023334111137037903
3171	0.023334111137037906
3906	0.023367445581519382
8824	0.02336744558151939
11412	0.023467448914963832
5924	0.024134137804593482
7750	0.024667488916297206
10589	0.025000833361112036
11664	0.025000833361112036
1251	0.02503416780559352
4906	0.02540084669488983
11270	0.025434181139371306
574	0.025834194473149105
7698	0.026467548918297275
12329	0.026500883362778765
1212	0.02663422114070469
9430	0.02663422114070469
249	0.02666755558518617
317	0.02666755558518617
8123	0.02666755558518617
8347	0.02666755558518617
11225	0.02666755558518617
11482	0.02666755558518617
4291	0.026667555585186173
5780	0.026667555585186173
9386	0.026667555585186173
11587	0.026667555585186173
3253	0.026700890029667655
