2420	0.0016333877795926474
5361	0.0016333877795926474
3970	0.0016667222240741297
4305	0.0016667222240741297
4479	0.0016667222240741297
7416	0.0016667222240741297
7978	0.0016667222240741297
10662	0.0016667222240741297
11790	0.0016667222240741297
12347	0.0016667222240741297
10133	0.001800060002000066
4618	0.0020334011133704456
8055	0.0025334177805926804
7264	0.0034667822260742026
4149	0.004166805560185335
12166	0.004333477782592747
13200	0.004933497783259437
1385	0.005000166672222401
4937	0.005000166672222401
6993	0.005000166672222401
10498	0.005000166672222401
11470	0.005000166672222401
13282	0.005033501116703884
3729	0.005033501116703892
8866	0.005066835561185366
9683	0.005133504450148332
11412	0.0051335044501483375
7296	0.005900196673222443
7750	0.0063335444514817105
3456	0.007633587786259536
8287	0.007966932231074362
13180	0.008300276675889192
8123	0.008333611120370673
8347	0.008333611120370673
11482	0.008333611120370673
6108	0.008333611120370675
8166	0.008333611120370675
8783	0.008333611120370675
11344	0.008333611120370675
12349	0.008333611120370675
4291	0.008333611120370676
6421	0.008333611120370682
11678	0.008333611120370682
3171	0.008333611120370683
13328	0.008466948898296607
1485	0.00846694889829661
7681	0.00846694889829661
9941	0.00846694889829661
773	0.008566952231741056
9819	0.009666988899629986
6028	0.009966998899963329
10544	0.01000033334444481
5132	0.010300343344778163
570	0.010733691123037434
2175	0.01143371445714857
12329	0.011500383346111543
4444	0.01160038667955598
4668	0.01160038667955598
10585	0.01160038667955598
2587	0.011633721124037462
4056	0.011633721124037462
4133	0.011633721124037462
4641	0.011633721124037462
5226	0.011633721124037462
5398	0.011633721124037462
7400	0.011633721124037462
8656	0.011633721124037462
10680	0.011633721124037462
9430	0.01163372112403747
5229	0.011667055568518945
1880	0.011667055568518946
7163	0.011667055568518948
5780	0.011667055568518951
9386	0.011667055568518951
13694	0.011767058901963398
1651	0.01190039667988932
4971	0.012333744458148603
2130	0.01330044334811161
10589	0.013333777792593085
8900	0.01486716223874129
2423	0.014967165572185736
6556	0.014967165572185736
6054	0.014967165572185737
10893	0.014967165572185737
5149	0.01500050001666722
7338	0.01500050001666722
9086	0.01500050001666722
2201	0.015000500016667223
6157	0.015000500016667223
11682	0.015033834461148705
12093	0.015033834461148705
376	0.015600520017333912
10917	0.01580052668422281
1680	0.015867195573185774
12919	0.016700556685222842
1450	0.01746724890829695
10984	0.01756725224174139
11583	0.01803393446448215
13205	0.018200606686889564
275	0.018200606686889567
