7280	0.0033444816053511683
806	0.003344481605351172
1201	0.003344481605351172
6604	0.003377816049832654
11613	0.003377816049832654
395	0.003377926421404682
8039	0.0041111738284252755
11456	0.004977869384943826
2083	0.005044538273906791
11461	0.006577922720054998
4155	0.006644591609017959
4435	0.006644591609017963
5228	0.006644591609017963
11664	0.00670033371235006
1719	0.0068002266742224725
5584	0.006800668160510594
6292	0.006967892240778151
135	0.0070779393872772295
10073	0.007977969388277266
3046	0.00830568488291862
3089	0.009378016056499544
10594	0.009644691612351406
1651	0.009778029390277339
5229	0.009877591237433668
11474	0.009877591237433668
4955	0.009877591237433671
10799	0.009877591237433671
9096	0.009878032723721782
11460	0.009878032723721782
1364	0.00996699889996333
9037	0.009977925685594202
241	0.010000333344444813
7704	0.010000333344444813
6988	0.010011370501647715
9202	0.010011370501647715
2155	0.010011370501647718
2510	0.010011370501647718
2971	0.010011370501647718
3439	0.010011370501647718
3461	0.010011370501647718
4308	0.010011370501647718
5186	0.010011370501647718
6030	0.010011370501647718
7918	0.010011370501647718
8688	0.010011370501647718
10464	0.010011370501647718
10768	0.010011370501647718
10795	0.010011370501647718
7261	0.0100447049461292
8428	0.0100447049461292
9545	0.0100447049461292
13361	0.0100447049461292
4954	0.011400267411366335
3989	0.011639129331066887
2495	0.01165016648826979
10664	0.012011437170536678
13142	0.01301003344481606
9683	0.013200440014667155
249	0.013211035685581938
2452	0.013244811616351541
10520	0.013244811616351541
3091	0.013277481601672119
13282	0.013300443348111604
1369	0.013311370133742471
2093	0.013311480505314503
4049	0.013311480505314503
4251	0.013311480505314503
5974	0.013311480505314503
6108	0.013311480505314503
7115	0.013311480505314503
9204	0.013311480505314503
10549	0.013311480505314503
11680	0.013311480505314503
12553	0.013311480505314503
6263	0.013344814949795981
7422	0.013344814949795981
12642	0.013344814949795981
313	0.013344814949795985
434	0.013344814949795985
473	0.013344814949795985
560	0.013344814949795985
1270	0.013344814949795985
1889	0.013344814949795985
2426	0.013344814949795985
2588	0.013344814949795985
3459	0.013344814949795985
3906	0.013344814949795985
4063	0.013344814949795985
5924	0.013344814949795985
6907	0.013344814949795985
8166	0.013344814949795985
8783	0.013344814949795985
9529	0.013344814949795985
11344	0.013344814949795985
11665	0.013344814949795985
11707	0.013344814949795985
13141	0.013344814949795985
12071	0.013355852106998887
5691	0.013378149394277467
3017	0.013378259765849495
