7037	0.00013333777792593274
10613	0.0017333911130370978
734	0.0023334111137037917
4342	0.00333344444814827
10916	0.00333344444814827
5241	0.003366778892629752
7625	0.003366778892629752
11521	0.0033667788926297557
1378	0.005566852228407615
10246	0.006333544451481713
4244	0.00666688889629654
5244	0.006700223340778027
10682	0.007205253532993798
12450	0.007633587786259544
7095	0.008300276675889198
1180	0.008866962232074402
1206	0.00920030667688923
7274	0.010000333344444813
10584	0.010000333344444813
6102	0.010067002233407774
13219	0.010133671122370746
7085	0.01013367112237075
12060	0.010833694456481878
4687	0.011333711123704123
3920	0.011633721124037467
13027	0.011633721124037473
4692	0.011833727790926363
7668	0.012467082236074536
1188	0.013333777792593086
5347	0.013333777792593086
6337	0.013333777792593088
11648	0.01333377779259309
11242	0.013467115570519017
7079	0.01360045334844495
12991	0.013967132237741263
1383	0.014100470015667194
12302	0.014267142238074602
11468	0.015033834461148704
2274	0.015167172239074636
13066	0.015267175572519082
2313	0.015467182239407982
2639	0.015533851128370949
2273	0.01580052668422281
1330	0.015967198906630224
9578	0.016333877795926526
2547	0.016633887796259877
3114	0.016633887796259877
4338	0.016633887796259877
5386	0.016633887796259877
7716	0.016633887796259877
4226	0.01666722224074136
5265	0.01666722224074136
6199	0.01666722224074136
7770	0.01666722224074136
11352	0.01666722224074136
9132	0.016672235765734893
13190	0.016733891129704324
1234	0.01676722557418581
791	0.01680056001866729
4037	0.01680056001866729
4951	0.01683389446314877
11424	0.018267275575852532
10353	0.018333944464815493
3003	0.018558060025477476
809	0.01860062002066736
3274	0.018605633545660888
9932	0.01900063335444515
3682	0.01917398473750815
2150	0.01933397779925998
11241	0.019867328910963697
735	0.01993399779992667
9416	0.01993399779992667
3247	0.019967332244408147
7290	0.019967332244408147
7455	0.019967332244408147
9581	0.01996733224440815
1303	0.02000066668888963
8161	0.02000066668888963
8333	0.02000066668888963
12356	0.02000066668888963
3812	0.020000666688889633
1909	0.020005680213883163
6391	0.020200673355778524
5234	0.021331655310012045
3537	0.021334044468148943
5879	0.021600720024000805
11763	0.021600720024000805
3118	0.021634054468482287
9337	0.021700723357445245
3250	0.022000733357778593
11471	0.022234074469148976
1682	0.02243408113603787
8359	0.022467415580519352
1546	0.02250742918565642
2435	0.02250742918565642
2574	0.02250742918565642
3366	0.022540763630137902
1266	0.022660821063556484
6069	0.0227674255808527
511	0.02284124532621898
