10861	0.015496838991027046
8271	0.015530173435508542
5339	0.018763614550212346
1104	0.019030290106064204
12109	0.02083035010806429
10656	0.022330400109731002
79	0.02297010391200382
704	0.028135874140928756
4460	0.02876394789465716
3988	0.02886395122810162
4166	0.0290639578949905
8973	0.029063957894990507
12266	0.032834427814260485
846	0.03353077345550921
9138	0.03533083345750925
3263	0.03546417123543519
1606	0.035730846791287046
9889	0.03576418123576854
4958	0.03579751568025003
11543	0.03663856198154285
5314	0.03856427457221309
1367	0.038764281239101965
3065	0.0389309534615094
7011	0.03913096012839828
6296	0.040797682352472435
2335	0.04170139004633487
10716	0.042164394576213224
9031	0.04226439790965767
4093	0.04243107013206507
4934	0.04246440457654656
8714	0.04246440457654656
12284	0.04375453079584764
9692	0.04519782902402815
9898	0.04523116346850963
10685	0.04549783902436148
10445	0.04553117346884297
1531	0.04559784235780592
10548	0.04566451124676891
1535	0.045764514580213356
7285	0.046040211157452104
7191	0.047306920047748446
723	0.04746457124876897
10778	0.048634954498483284
3984	0.048697945694583834
3979	0.04879794902802826
6259	0.049131293472843084
3101	0.049131293472843104
2446	0.050464671252102404
7210	0.05049800569658389
7004	0.051864717920324696
9588	0.05200173339111304
5991	0.05213139347617654
9830	0.05216472792065803
10373	0.05216472792065803
2050	0.05226473125410249
2441	0.05233140014306545
10658	0.052331400143065455
8787	0.05243140347650991
9135	0.052464737920991385
12375	0.053931453478176614
5414	0.05406479125610254
3974	0.05409812570058403
6042	0.05466481125676924
5206	0.05500183339444647
7631	0.055464837924324814
8982	0.05546483792432482
7772	0.0554981723688063
12107	0.05553150681328779
11425	0.055535184506150206
10422	0.05683155014806561
10419	0.05700724339185992
10663	0.05716489459288043
11274	0.05716489459288043
10962	0.05718831192188517
117	0.05727391894771176
755	0.058498272372139754
13109	0.058531606816621236
7980	0.05879828237247309
9124	0.058831616816954584
7630	0.05886495126143606
12229	0.05888591679519919
8896	0.05889828570591753
12912	0.05903162348384346
160	0.059098292372806435
694	0.05913162681728791
11385	0.05913162681728791
12296	0.059136640342281444
13131	0.059307320061082226
4960	0.06009832570725091
6167	0.06013934534098818
9011	0.060431670152065735
12223	0.06049833904102871
12547	0.0608983523748065
9788	0.061175384784176376
1273	0.06148073811303419
8451	0.06156504126443617
8901	0.0618650512647695
8701	0.06199838904269544
2946	0.06203172348717692
9842	0.062098392376139865
