1303	0.04170139004633486
4027	0.04695909893051593
8948	0.05695029893106755
488	0.0649688322944098
12332	0.06540797318992808
7122	0.06870808319359488
564	0.07219557482480116
8225	0.07380825319926174
4191	0.07874175098252117
5497	0.08037513876211383
12513	0.08040847320659533
9970	0.08177169373487989
886	0.08197519209722497
12936	0.08534197098985473
4198	0.08537530543433622
1136	0.08683852929606525
7027	0.08874208432696597
9912	0.08874208432696597
1124	0.08910876321626227
10807	0.09040880655104007
7108	0.09146971565718856
7175	0.09524230100085512
12418	0.09867574878244782
1457	0.09874241767141079
427	0.10167235709032507
9582	0.10207586211955907
1208	0.10294255767607763
1332	0.10490928990048509
5265	0.10537597212322584
1835	0.10540930656770736
10536	0.10814273101518893
715	0.10874275101585561
4088	0.1102945434453331
7733	0.11037613879544828
1545	0.11110949657404084
7018	0.1116703890129671
13015	0.11377625213255953
11261	0.11477628546700397
2330	0.1151248389640568
3783	0.1155429776900781
4950	0.12037647213989305
12973	0.12040980658437456
1141	0.12044314102885603
1849	0.12204319436396721
7969	0.12204319436396724
13267	0.12207652880844869
10456	0.1221098632529302
7211	0.1253766388121155
3724	0.12550997659004143
3675	0.1267490650276112
1323	0.12874341770474523
4729	0.12881008659370818
2860	0.1288100865937082
11346	0.12904342770507854
11347	0.13114349770741202
8762	0.1313861134582185
7703	0.1320768621528935
13061	0.13374358437696765
3611	0.13508623679566306
5001	0.1351195712401445
7137	0.13524363437863435
619	0.13857707882678266
6910	0.13857707882678266
10398	0.13874375104919
7121	0.13881041993815302
1737	0.13917709882744933
1314	0.1421105299418198
3938	0.14541063994548659
5004	0.1454439743899681
717	0.14707736216956074
11277	0.14817160572019067
1150	0.14840724825336382
4962	0.1487107499491534
6236	0.15054414439563493
12572	0.15167172239074636
6302	0.1537442510658573
2993	0.15380742825936405
2009	0.15537763884544992
9927	0.15537763884544992
3546	0.15537763884544994
6314	0.15541097328993142
8780	0.15547764217889437
3686	0.1554776421788944
12537	0.15581098662370924
13057	0.15707769551400558
719	0.15714436440296853
8358	0.15804453569951143
1117	0.15857774551567227
7817	0.15874441773807968
1335	0.16001112662837602
6974	0.16167205573519117
7158	0.16170539017967264
12979	0.16187785551933906
10441	0.16204452774174644
13441	0.16204452774174646
9598	0.1620445277417465
4047	0.16207786218622794
3265	0.16207786218622797
1679	0.1646779488557836
13248	0.16552882044186149
