10984	0.0007666922230741037
5149	0.0033334444481482716
7338	0.0033334444481482716
249	0.0034672237123623204
5924	0.005866862228740961
1922	0.0066668888962965415
1242	0.006666888896296543
2175	0.006900230007666921
4291	0.010000333344444815
773	0.010233674455815195
9819	0.011333711123704125
6028	0.011700390013000432
3089	0.011967065568852294
12052	0.012467082236074534
346	0.013333777792593085
3952	0.013333777792593088
6993	0.01333377779259309
4971	0.014000466682222741
1369	0.015789156182575096
7219	0.01660055335177839
7949	0.01660055335177839
8741	0.01660055335177839
11802	0.01660055335177839
6066	0.016633887796259874
8166	0.016667222240741363
8783	0.016667222240741363
11344	0.016667222240741363
5361	0.016700556685222842
13282	0.016711593842425744
6108	0.016733891129704328
9683	0.01681159717587019
12166	0.01933397779925998
11412	0.019867328910963697
2623	0.019967332244408147
4992	0.019967332244408147
6423	0.019967332244408147
8011	0.019967332244408147
9338	0.019967332244408147
6421	0.02000066668888963
10498	0.020000666688889633
4305	0.02001170384609253
4937	0.02002274100329543
11680	0.020034001133371115
6240	0.020044815317701227
4618	0.02011170717953698
5229	0.02013444595310368
1651	0.02023400780026001
9873	0.02026734224474149
562	0.020800693356445216
1182	0.020834027800926698
3746	0.020834027800926698
5215	0.02163405446848228
404	0.02243408113603787
535	0.02243408113603787
689	0.02243408113603787
1029	0.02243408113603787
4163	0.02243408113603787
5113	0.02243408113603787
8885	0.02243408113603787
11437	0.02243408113603787
7296	0.022500750025000835
6250	0.023134104470149006
12441	0.023167438914630488
1485	0.02320077335911197
5124	0.023267442248074935
12378	0.023267442248074935
421	0.023300776692556417
2941	0.023300776692556417
3224	0.023300776692556417
3592	0.023300776692556417
4074	0.023300776692556417
5755	0.023300776692556417
8146	0.023300776692556417
9125	0.023300776692556417
9370	0.023300776692556417
9976	0.023300776692556417
11089	0.023300776692556417
11936	0.023300776692556417
11962	0.023300776692556417
12146	0.023300776692556417
12743	0.023300776692556417
13003	0.023300776692556417
313	0.02330077669255642
434	0.02330077669255642
473	0.02330077669255642
560	0.02330077669255642
1889	0.02330077669255642
2426	0.02330077669255642
2588	0.02330077669255642
3459	0.02330077669255642
6907	0.02330077669255642
9529	0.02330077669255642
11665	0.02330077669255642
11707	0.02330077669255642
13141	0.02330077669255642
2093	0.023334111137037903
4251	0.023334111137037903
5974	0.023334111137037903
7115	0.023334111137037903
9204	0.023334111137037903
