1359	0.05670189006300211
566	0.0698356611887063
744	0.13680456015200507
9810	0.1375379179305977
9487	0.1498716623887463
9106	0.16250541684722825
6078	0.1633387779592653
859	0.16750558351945066
4192	0.16803893463115438
9219	0.16813893796459883
7013	0.16853895129837662
11201	0.16903896796559886
2720	0.1699389979665989
3452	0.16997233241108037
11985	0.17037234574485816
13117	0.17083902796759892
10729	0.17100570019000633
3998	0.17103903463448783
5093	0.17137237907930264
7430	0.1716390546351545
8640	0.171672389079636
8748	0.17247241574719158
40	0.17333911130371013
406	0.17333911130371013
1249	0.17333911130371013
2582	0.17333911130371013
3025	0.17333911130371013
3072	0.17333911130371013
3350	0.17333911130371013
3706	0.17333911130371013
4190	0.17333911130371013
4420	0.17333911130371013
4557	0.17333911130371013
5123	0.17333911130371013
5811	0.17333911130371013
6298	0.17333911130371013
6352	0.17333911130371013
6507	0.17333911130371013
6630	0.17333911130371013
6771	0.17333911130371013
6949	0.17333911130371013
7373	0.17333911130371013
7537	0.17333911130371013
7701	0.17333911130371013
7913	0.17333911130371013
7921	0.17333911130371013
8142	0.17333911130371013
8332	0.17333911130371013
9278	0.17333911130371013
9395	0.17333911130371013
9755	0.17333911130371013
10505	0.17333911130371013
10523	0.17333911130371013
11120	0.17333911130371013
11792	0.17333911130371013
11958	0.17333911130371013
12384	0.17333911130371013
12496	0.17333911130371013
12714	0.17333911130371013
12956	0.17333911130371013
13516	0.17333911130371013
13566	0.17333911130371013
13726	0.17333911130371013
329	0.1733724457481916
425	0.1733724457481916
892	0.1733724457481916
993	0.1733724457481916
1010	0.1733724457481916
1085	0.1733724457481916
1361	0.1733724457481916
1861	0.1733724457481916
1917	0.1733724457481916
2464	0.1733724457481916
2614	0.1733724457481916
2644	0.1733724457481916
2761	0.1733724457481916
2801	0.1733724457481916
3649	0.1733724457481916
3731	0.1733724457481916
3977	0.1733724457481916
4034	0.1733724457481916
4035	0.1733724457481916
4054	0.1733724457481916
4143	0.1733724457481916
4827	0.1733724457481916
4830	0.1733724457481916
4858	0.1733724457481916
5224	0.1733724457481916
5313	0.1733724457481916
5826	0.1733724457481916
6171	0.1733724457481916
6368	0.1733724457481916
6588	0.1733724457481916
6663	0.1733724457481916
7334	0.1733724457481916
7944	0.1733724457481916
8064	0.1733724457481916
8085	0.1733724457481916
8240	0.1733724457481916
8453	0.1733724457481916
