3422	0.028900963365445502
79	0.05556851895063166
7713	0.06206873562452079
2244	0.07886929564318806
9581	0.08236941231374376
3967	0.0853695123170772
1166	0.08536951231707722
12275	0.08776959231974402
178	0.0913363778792626
6074	0.09553651788392944
4179	0.09726990899696653
7408	0.10207006900230003
4134	0.10910363678789291
4680	0.11210373679122636
4123	0.11227040901363376
5481	0.11403713457115239
6996	0.11557051901730056
9187	0.11560385346178204
723	0.11727057568585617
1525	0.11870395679855994
11420	0.11887062902096732
2597	0.11890396346544883
6971	0.12227074235807857
8136	0.12760425347511586
279	0.12890429680989365
9708	0.12950431681056035
20	0.13060435347844926
3936	0.13223774125804189
5172	0.1355378512617087
5980	0.1355378512617087
8444	0.1355378512617087
3161	0.13560452015067165
9748	0.13560452015067165
10880	0.13563785459515315
10820	0.1371045701523384
2647	0.1389712990433014
8160	0.14113803793459784
7706	0.14390479682656088
720	0.14443814793826462
10424	0.1455381846061535
6314	0.14670489016300536
3248	0.14723824127470914
8796	0.1472715757191906
1416	0.1486382879429314
10427	0.1492049734991166
10370	0.15110503683456114
7055	0.1538717957265242
13122	0.15537184572819096
1235	0.15553851795059834
8714	0.15553851795059834
5631	0.15727190906363542
7314	0.1588719623987466
4947	0.15887196239874662
306	0.15893863128770958
9824	0.161105370179006
12417	0.16113870462348745
1151	0.16223874129137636
6118	0.16227207573585783
12410	0.16227207573585783
10972	0.1631387712923764
3024	0.1639054635154505
5316	0.16443881462715426
9400	0.16553885129504314
12920	0.16557218573952462
273	0.168705623520784
9011	0.16883896129870993
694	0.1688722957431914
1367	0.1688722957431914
2892	0.16890563018767288
1180	0.1689056301876729
9593	0.17220574019133972
5283	0.17230574352478412
3974	0.17727257575252503
9998	0.17887262908763624
7626	0.17890596353211768
9814	0.17890596353211768
2858	0.1789059635321177
631	0.17890596353211774
5414	0.18057268575619184
7004	0.18190606353545113
879	0.18217273909130302
2230	0.18217273909130305
4166	0.1839061302043401
2890	0.1842728090936364
3648	0.18550618353945128
2857	0.18557285242841426
9394	0.18557285242841426
13394	0.18573952465082166
7629	0.19057301910063668
4040	0.19773992466415546
2375	0.19777325910863697
10417	0.19787326244208137
3956	0.19887329577652585
5527	0.19887329577652585
13057	0.20060668688956293
1318	0.20117337244574823
6259	0.2020400680022667
8899	0.2022400746691556
12914	0.20387346244874827
9746	0.20554018467282237
