8827	0.08034815767592071
740	0.10801307493128914
7173	0.12942412980221993
1151	0.13568834904017557
92	0.13582135701457054
4093	0.13905512793280528
3506	0.13948346218607105
7376	0.14578868571806483
2256	0.15335928230822385
9011	0.15735573795313929
6311	0.16411761665788677
7302	0.16908946241062123
3056	0.17178955241362134
5629	0.17575635130691777
5013	0.18242324020321432
11239	0.18245657464769577
12265	0.18571833668188759
6275	0.18942347354432565
12063	0.18971680438400348
13104	0.19245189446714708
4988	0.19344658447306712
435	0.19565200113736944
3255	0.1957903524402889
12964	0.19579035244028892
11385	0.1980904291095112
12058	0.19955547903103438
7612	0.20089052244595573
1535	0.20239057244762246
10346	0.2060856822600735
12237	0.20722774459029986
13155	0.20842410689877083
12085	0.20902412689943753
9575	0.2093908057887338
4367	0.21222423356965986
2019	0.21229458015148522
10716	0.2123242369031043
11601	0.2144576413499192
4257	0.2154240104363513
9776	0.21572435024021558
3956	0.21609102912951184
5340	0.21665270116070354
5097	0.2190911291328453
4142	0.2203661828194593
12472	0.22125620238847962
9890	0.22168079852983547
2167	0.22252457691443803
9820	0.2227195700563334
9753	0.22522633255310015
7871	0.22554760721132938
9842	0.2256913491401789
3457	0.22585802136258631
13131	0.22628970350518351
12072	0.2277284279464117
2962	0.22919146581073457
6913	0.22938645895262993
7021	0.22987911969642558
10432	0.2305864989539633
192	0.23141732374957247
5980	0.23188520645661004
720	0.2323865589559634
3078	0.2331915991485125
3675	0.23368660229074117
3121	0.23409162914951256
6165	0.234638622366961
2993	0.23494295432751952
7314	0.23562501359566074
26	0.23675671907236912
8714	0.23905846137725345
10676	0.23919179915517935
4968	0.23945847471103127
3974	0.24075851804580908
2392	0.24082518693477206
4132	0.24189556685104194
11224	0.24235857138092023
8725	0.24279191915917947
1306	0.24298424063681268
7717	0.2433902735241842
175	0.24364825786218008
4095	0.24445864138325366
9594	0.24559569018848654
680	0.24569201582906852
12912	0.24572535027355
9742	0.2457586847180315
8896	0.24585868805147593
11336	0.24591867777978332
826	0.2459253569404389
7197	0.24592535694043893
12385	0.2467957301898199
12296	0.24799443435902208
6000	0.24905879472169826
9532	0.2493921391665131
117	0.2498904901980733
793	0.2501291746379682
2297	0.25042517714190815
1166	0.25165386786626043
10400	0.2519292346399682
5295	0.2520564902271957
11389	0.2523255702808836
6943	0.25238722564485305
10409	0.25239223916984654
