6849	0.0002333411113703797
4795	0.0003333444448148301
9485	0.0003333444448148301
135	0.0005666855561852063
6508	0.0007333577785926249
9930	0.0009333644454815118
11736	0.0009333644454815118
13000	0.0009333644454815118
1553	0.0009666988899629941
8129	0.0009666988899629941
2481	0.0011000366678889303
4570	0.0016667222240741367
2303	0.001700056668555619
1334	0.002233407780259343
5247	0.002233407780259343
6065	0.002233407780259343
9096	0.002233407780259343
10081	0.002233407780259343
11460	0.002233407780259343
98	0.002366745558185279
318	0.002366745558185279
369	0.002366745558185279
518	0.002366745558185279
840	0.002366745558185279
1203	0.002366745558185279
1212	0.002366745558185279
1292	0.002366745558185279
1435	0.002366745558185279
2095	0.002366745558185279
2118	0.002366745558185279
2155	0.002366745558185279
2405	0.002366745558185279
2495	0.002366745558185279
2510	0.002366745558185279
2808	0.002366745558185279
2864	0.002366745558185279
2971	0.002366745558185279
3036	0.002366745558185279
3046	0.002366745558185279
3165	0.002366745558185279
3425	0.002366745558185279
3439	0.002366745558185279
3461	0.002366745558185279
3580	0.002366745558185279
3840	0.002366745558185279
3846	0.002366745558185279
4136	0.002366745558185279
4284	0.002366745558185279
4308	0.002366745558185279
4396	0.002366745558185279
4413	0.002366745558185279
4651	0.002366745558185279
4955	0.002366745558185279
5186	0.002366745558185279
5584	0.002366745558185279
5633	0.002366745558185279
5798	0.002366745558185279
5982	0.002366745558185279
6030	0.002366745558185279
6292	0.002366745558185279
6400	0.002366745558185279
6718	0.002366745558185279
6859	0.002366745558185279
7232	0.002366745558185279
7347	0.002366745558185279
7617	0.002366745558185279
7777	0.002366745558185279
7918	0.002366745558185279
7931	0.002366745558185279
7938	0.002366745558185279
8005	0.002366745558185279
8401	0.002366745558185279
8412	0.002366745558185279
8452	0.002366745558185279
8688	0.002366745558185279
8690	0.002366745558185279
8709	0.002366745558185279
8824	0.002366745558185279
8897	0.002366745558185279
9044	0.002366745558185279
9202	0.002366745558185279
9226	0.002366745558185279
9542	0.002366745558185279
9910	0.002366745558185279
10071	0.002366745558185279
10137	0.002366745558185279
10148	0.002366745558185279
10362	0.002366745558185279
10464	0.002366745558185279
10628	0.002366745558185279
10768	0.002366745558185279
10795	0.002366745558185279
10799	0.002366745558185279
10881	0.002366745558185279
10896	0.002366745558185279
11519	0.002366745558185279
11587	0.002366745558185279
11664	0.002366745558185279
11751	0.002366745558185279
11873	0.002366745558185279
