4528	0.04547899645707253
7607	0.05490194043257404
3132	0.08150126631868776
10776	0.0855914806970712
12458	0.0924349641086141
11405	0.09717001603509415
12076	0.09732397991861715
11220	0.0974351307808365
2280	0.0982018230039106
13388	0.10913905491387063
3958	0.1105141620662718
6184	0.11381427206993858
10896	0.1155063842150368
5074	0.11590583454231082
10637	0.11625905924846323
7133	0.1180246699416179
7090	0.11902470327606236
9798	0.12223629304923317
6918	0.12743546189555255
12952	0.12812500661950715
7715	0.13006271557992846
10425	0.1311820761918374
5972	0.13197049377677136
9528	0.13215836403019454
2023	0.1347022604209438
418	0.13787103940253972
10659	0.13894844320897656
2095	0.1391691863530345
5247	0.13993654749472695
348	0.14175767954806964
11364	0.1422600363155918
6981	0.14526938969314582
7530	0.14695277133541015
8873	0.1509354659648075
13320	0.1548635422741516
13125	0.1554385146171539
840	0.15584711240653393
3054	0.15591333534975135
2249	0.15913585190855303
11234	0.16153648822853736
10428	0.16238177838926854
7869	0.16407068529932045
4278	0.1646268922453491
3451	0.16540704980021076
2405	0.16591377906576815
8737	0.16807126458284397
9029	0.1726691881925607
2271	0.1753600248213402
417	0.17594744685469446
7177	0.17808219136847483
8957	0.17930274264437576
12464	0.17999161844971195
3946	0.18146892521835456
2864	0.18178052869320838
6092	0.1822508799345708
11289	0.18390467976580266
648	0.1847602277935463
1402	0.18582581515258978
10491	0.18751449908976897
7740	0.18842478695778153
901	0.18930307598882057
3472	0.18931455909176906
8696	0.18948011644981255
12971	0.18983355520992282
4061	0.1903262985020348
9620	0.1916478598339008
8895	0.19258133465095434
2413	0.1935032159934874
12966	0.19515845511461305
5187	0.19600329932959862
7972	0.19764817021213973
376	0.2023149924395473
222	0.20272648441681607
9544	0.20323687378208036
5656	0.20391349834292138
4241	0.2044472820219983
2113	0.20585992665753294
6923	0.20595870475504144
2874	0.20597029822956192
5948	0.2064143498205793
11276	0.20682517733868722
5338	0.20838152799073234
12983	0.21157159976681494
1334	0.21188053202665283
2243	0.21231677622252962
5989	0.21263718712585847
12100	0.2140612044927696
10878	0.21449311298113502
7270	0.2145277763439383
9957	0.21460324597219016
2140	0.21598133538676484
3165	0.21834774537077656
811	0.21849256625165095
7746	0.21888398398118286
11263	0.21946952300862646
12416	0.22088261358990674
8800	0.22142599736602142
147	0.22269259588474577
11457	0.22274789204233228
2692	0.22278122648681378
