3363	0.5953710994711152
13412	0.6194052339422644
2432	0.6194385683867458
56	0.652873016201673
12048	0.6828073473460446
10629	0.712675009601453
1045	0.7224420018345274
2204	0.7528096807571582
2536	0.7578098474293805
7950	0.7744104007811589
13556	0.7944110674700485
9218	0.7978111808071597
5040	0.8080115208184935
10359	0.8542130608698286
4001	0.8561131242052731
7577	0.8694802364423477
3219	0.886080789794126
2563	0.8888475486860892
10347	0.8894475686867558
12851	0.911081623155238
3011	0.927715510951498
10431	0.9310822898441277
11780	0.9444160676367208
12984	0.9461827931942395
1981	0.9527830132015729
4052	0.9527830132015729
9304	0.954449735425647
9856	0.9560831232052397
415	0.9612499620998696
3495	0.9860841232385742
12353	0.9956844432492413
3504	1.0061181243719455
2562	1.0110849565996862
420	1.0121516588230937
9707	1.019618574386946
13138	1.0243520655033165
5598	1.0277521788404276
3131	1.0278188477293906
647	1.0361191244052799
2451	1.0361191244052799
4318	1.0361191244052799
6303	1.0361191244052799
13198	1.0361191244052799
13249	1.0377525121848725
3924	1.0428526821905393
2040	1.0460110857244769
12325	1.0527863466460212
10630	1.0528196810905026
1044	1.0537197110915026
5570	1.056153125538651
6927	1.059686576653688
13646	1.0694535688867626
526	1.0695869066646884
6293	1.0744204011145035
3226	1.0860874566830225
25	1.0895542389090966
12916	1.0895542389090966
13284	1.091920984467282
7767	1.094421067803393
3151	1.1028213478127267
702	1.109521571153505
10692	1.1110882900441343
7078	1.1128216811571716
6631	1.1152884300488013
9748	1.118990286631839
4798	1.119421901164505
6424	1.119421901164505
8218	1.119421901164505
437	1.1194552356089866
1210	1.1194552356089866
4563	1.1194552356089866
4898	1.1194552356089866
6646	1.1194552356089866
9066	1.1194552356089866
9357	1.1194552356089866
10449	1.1194552356089866
10463	1.1194552356089866
12083	1.1194552356089866
12978	1.1194552356089866
13678	1.1194552356089866
5600	1.122588673390246
1028	1.1227553456126533
1166	1.1251887600598018
7049	1.1261221245052833
9227	1.1294555689534314
1186	1.1295222378423944
39	1.132255662289876
12034	1.1327556789570983
2408	1.1361557922942096
12933	1.142756012301543
13248	1.1458672777919123
7575	1.1494895700868026
11267	1.1506562756436542
803	1.1512229611998397
8950	1.1517563123115435
847	1.1527896800904693
4145	1.1527896800904693
260	1.1528563489794323
4535	1.1531563589797655
7581	1.1561564589830993
