11221	0.10337011233707792
11264	0.11663722124070804
5231	0.12567085569518982
10667	0.13270442348078268
6086	0.13337111237041233
6955	0.14670489016300542
6094	0.15663855461848725
10502	0.1567385579519317
8872	0.1585052835094503
4629	0.1599719990666355
7576	0.16323877462582081
9179	0.16327210907030232
4900	0.16503883462782096
10397	0.16800560018667285
1299	0.16830561018700624
7609	0.1699389979665989
7817	0.17417247241574718
2015	0.17647254908496954
7186	0.1767058901963398
11466	0.17670589019633987
8682	0.17730591019700653
9033	0.17823927464248804
7158	0.1799059968665622
721	0.18060602020067335
5146	0.18173939131304373
8955	0.18333944464815494
9866	0.18500616687222904
7610	0.1866395546518217
7957	0.18727290909696986
8351	0.1933731124370812
248	0.19500650021667387
9030	0.19670655688522948
177	0.19670655688522953
4974	0.19673989132971098
8699	0.19673989132971098
4238	0.19990666355545184
805	0.20094003133437782
4949	0.20347344911497045
4047	0.2066735557851928
10485	0.20677355911863726
5990	0.208273609120304
5055	0.20990699689989661
7018	0.21000700023334107
164	0.21004033467782257
8908	0.21004033467782263
1126	0.21007366912230407
3611	0.21010700356678558
5337	0.21014033801126702
6965	0.21300710023667452
5001	0.21327377579252638
10441	0.21330711023700788
8072	0.21494049801660053
7618	0.21620720690689688
9691	0.2200406680222674
13197	0.2232741091369712
7883	0.2233074435814527
2330	0.22350745024834157
8725	0.22664088802960097
12939	0.22667422247408242
4237	0.22670755691856392
10429	0.22680756025200838
11261	0.22734091136371212
12973	0.22764092136404546
5908	0.22827427580919363
72	0.22834094469815658
8780	0.22994099803326773
11269	0.23320777359245312
9814	0.23334111137037897
4978	0.23430781026034198
4088	0.2347078235941198
13061	0.23500783359445315
12055	0.23700790026334212
9523	0.23977465915530521
856	0.23984132804426816
3724	0.239974665822194
9970	0.24004133471115702
427	0.24007466915563852
4081	0.24034134471149043
8358	0.24047468248941634
1136	0.24170805693523117
736	0.24330811027034233
3686	0.24334144471482377
12129	0.24337477915930528
5308	0.24500816693889793
1323	0.24660822027400908
2910	0.24697489916330545
8777	0.2502416747224907
286	0.2504083469448981
64	0.2533417780592686
2993	0.25460848694956495
1141	0.2549084969498983
4950	0.25497516583886126
13015	0.2549751658388613
8169	0.25580852695089834
1332	0.25617520584019465
6264	0.2567752258408613
7044	0.2583419447314911
4086	0.2599419980666022
9598	0.26004200140004663
1335	0.2620087336244541
