7684	0.0
3370	3.333444448148275e-05
3420	3.333444448148275e-05
3864	3.333444448148275e-05
4526	3.333444448148275e-05
5438	3.333444448148275e-05
6827	3.333444448148275e-05
7367	3.333444448148275e-05
7730	3.333444448148275e-05
9393	3.333444448148275e-05
9457	3.333444448148275e-05
10105	3.333444448148275e-05
10833	3.333444448148275e-05
11043	3.333444448148275e-05
11132	3.333444448148275e-05
12321	3.333444448148275e-05
12808	3.333444448148275e-05
13533	3.333444448148275e-05
13643	3.333444448148275e-05
13744	3.333444448148275e-05
11117	0.000133337777925931
2914	0.0003333444448148271
3212	0.0003333444448148271
6180	0.0004333477782592753
12301	0.0004333477782592753
13640	0.0005000166672222408
9084	0.0005333511117037236
9978	0.0005666855561852061
9185	0.0006333544451481714
12221	0.0006666888896296541
5558	0.0007666922230741024
132	0.0008333611120370679
1319	0.0008333611120370679
8037	0.0009666988899629989
9728	0.0009666988899629989
3195	0.001166705556851895
6300	0.001166705556851895
474	0.0012667088902963432
1481	0.001300043334777826
3181	0.001300043334777826
5785	0.001300043334777826
6246	0.001300043334777826
6671	0.001300043334777826
6678	0.001300043334777826
7545	0.001300043334777826
9035	0.001300043334777826
9456	0.001300043334777826
9778	0.001300043334777826
10467	0.001300043334777826
10503	0.001300043334777826
12988	0.001300043334777826
13263	0.001300043334777826
13269	0.001300043334777826
13466	0.0013333777792593087
13375	0.001500050001666722
6107	0.0016000533351111703
11157	0.0016000533351111703
48	0.001633387779592653
84	0.001633387779592653
137	0.001633387779592653
198	0.001633387779592653
199	0.001633387779592653
204	0.001633387779592653
217	0.001633387779592653
242	0.001633387779592653
282	0.001633387779592653
307	0.001633387779592653
357	0.001633387779592653
365	0.001633387779592653
392	0.001633387779592653
412	0.001633387779592653
439	0.001633387779592653
469	0.001633387779592653
514	0.001633387779592653
532	0.001633387779592653
540	0.001633387779592653
541	0.001633387779592653
594	0.001633387779592653
613	0.001633387779592653
631	0.001633387779592653
634	0.001633387779592653
661	0.001633387779592653
662	0.001633387779592653
718	0.001633387779592653
768	0.001633387779592653
790	0.001633387779592653
795	0.001633387779592653
843	0.001633387779592653
854	0.001633387779592653
879	0.001633387779592653
909	0.001633387779592653
946	0.001633387779592653
948	0.001633387779592653
962	0.001633387779592653
966	0.001633387779592653
973	0.001633387779592653
989	0.001633387779592653
991	0.001633387779592653
1006	0.001633387779592653
1032	0.001633387779592653
