13008	0.008500283342778098
12413	0.013467115570518988
7097	0.018400613353778485
13726	0.019867328910963725
10864	0.021200706690222997
788	0.022000733357778586
9188	0.023167438914630488
5904	0.023467448914963794
7008	0.025200840028000895
2378	0.02650088336277878
3919	0.02653421780726025
9574	0.02980099336644557
10434	0.029834327810927035
6976	0.029867662255408538
12628	0.029867662255408538
7596	0.033534451148371634
12935	0.0364678822627421
423	0.0365012167072236
11319	0.036534551151705084
3929	0.0372345744858162
9982	0.03753458448614957
10813	0.03966798893296446
13135	0.040134671155705195
12451	0.042368078935964525
6290	0.04316810560352013
6080	0.043168105603520135
13297	0.046834894496483225
2983	0.04810160338677956
11712	0.04810160338677958
9565	0.05066835561185373
8680	0.05126837561252045
9783	0.05186839561318712
8227	0.053168438947964934
6078	0.05320177339244641
10693	0.05320177339244643
9197	0.05346844894829824
7152	0.05350178339277973
283	0.05403513450448348
5412	0.05486849561652056
2159	0.05983532784426148
2284	0.06016867228907628
12445	0.062035401180039335
2879	0.06313543784792827
489	0.06316877229240976
9148	0.06320210673689125
5604	0.06323544118137273
575	0.06346878229274308
13077	0.06650221674055803
6234	0.0671022367412247
1529	0.06986899563318778
408	0.0698689956331878
4945	0.0701356711890396
3177	0.07020234007800259
3087	0.07243574785826197
8997	0.07316910563685455
2226	0.07483582786092872
1573	0.07493583119437316
6912	0.07513583786126204
7179	0.07650255008500285
12198	0.07653588452948433
11465	0.07710257008566954
13175	0.07850261675389178
7732	0.07980266008866962
6780	0.07983599453315113
11119	0.07983599453315113
12244	0.07983599453315113
2065	0.0798693289776326
2222	0.08013600453348446
12556	0.08020267342244741
11624	0.08046934897829927
6488	0.08333611120370679
143	0.08650288342944767
419	0.08650288342944767
7054	0.08653621787392912
11376	0.08653621787392915
12245	0.08676955898529948
355	0.08683622787426246
3257	0.08780292676422549
11623	0.08856961898729955
12993	0.08996966565552186
1375	0.09000300010000334
7595	0.09010300343344775
9568	0.09010300343344775
9616	0.09306976899229974
8996	0.0931697723257442
3615	0.09316977232574422
1247	0.09320310677022568
4119	0.0932031067702257
4447	0.0932031067702257
4525	0.0932031067702257
1492	0.09346978232607753
12271	0.09516983899463313
3480	0.09643654788492952
6105	0.096469882329411
11419	0.09650321677389245
5162	0.09650321677389248
5996	0.09650321677389248
7788	0.09650321677389248
12999	0.09650321677389248
13455	0.09650321677389248
