9778	0.0
854	0.0003333444448148271
2335	0.0003333444448148271
2721	0.0003333444448148271
3352	0.0003333444448148271
3542	0.0003333444448148271
3545	0.0003333444448148271
6510	0.0003333444448148271
7014	0.0003333444448148271
8832	0.0003333444448148271
8861	0.0003333444448148271
9928	0.0003333444448148271
10049	0.0003333444448148271
10977	0.0003333444448148271
11825	0.0003333444448148271
11886	0.0003333444448148271
12211	0.0003333444448148271
12405	0.0003333444448148271
13390	0.0003333444448148271
10992	0.0003666788892963098
6180	0.0008666955565185507
5480	0.0014454355595902996
8033	0.0020000666688889633
8732	0.0020000666688889633
12324	0.0021667388912963766
609	0.0024838168635097973
202	0.0029667655588519618
371	0.0029667655588519618
472	0.0029667655588519618
787	0.0029667655588519618
902	0.0029667655588519618
1393	0.0029667655588519618
1547	0.0029667655588519618
1698	0.0029667655588519618
1943	0.0029667655588519618
1980	0.0029667655588519618
1983	0.0029667655588519618
2520	0.0029667655588519618
2557	0.0029667655588519618
2641	0.0029667655588519618
2653	0.0029667655588519618
2771	0.0029667655588519618
2780	0.0029667655588519618
2790	0.0029667655588519618
2922	0.0029667655588519618
2924	0.0029667655588519618
2973	0.0029667655588519618
3093	0.0029667655588519618
3188	0.0029667655588519618
3427	0.0029667655588519618
3515	0.0029667655588519618
3703	0.0029667655588519618
3755	0.0029667655588519618
3890	0.0029667655588519618
4118	0.0029667655588519618
4130	0.0029667655588519618
4325	0.0029667655588519618
4326	0.0029667655588519618
4462	0.0029667655588519618
4517	0.0029667655588519618
4538	0.0029667655588519618
4593	0.0029667655588519618
4749	0.0029667655588519618
4753	0.0029667655588519618
4785	0.0029667655588519618
4980	0.0029667655588519618
5261	0.0029667655588519618
5344	0.0029667655588519618
5421	0.0029667655588519618
5575	0.0029667655588519618
5661	0.0029667655588519618
5739	0.0029667655588519618
5766	0.0029667655588519618
5854	0.0029667655588519618
6208	0.0029667655588519618
6443	0.0029667655588519618
6499	0.0029667655588519618
6539	0.0029667655588519618
6559	0.0029667655588519618
6568	0.0029667655588519618
6644	0.0029667655588519618
6679	0.0029667655588519618
6719	0.0029667655588519618
6776	0.0029667655588519618
6835	0.0029667655588519618
6866	0.0029667655588519618
7028	0.0029667655588519618
7056	0.0029667655588519618
7162	0.0029667655588519618
7269	0.0029667655588519618
7500	0.0029667655588519618
7521	0.0029667655588519618
7638	0.0029667655588519618
7897	0.0029667655588519618
8063	0.0029667655588519618
8118	0.0029667655588519618
8184	0.0029667655588519618
8185	0.0029667655588519618
8380	0.0029667655588519618
8548	0.0029667655588519618
