7429	3.333444448148232e-05
3331	0.00033334444481482664
1680	0.0025000833361112033
6327	0.003300110003666791
10283	0.003300110003666791
3999	0.0033334444481482733
350	0.003366778892629754
4176	0.003366778892629754
11790	0.003366778892629754
1676	0.0033778160498326507
6427	0.003377816049832654
4440	0.0038667955598519956
4985	0.004704571534770224
1231	0.005200173339111304
2995	0.005800193339777993
2252	0.005844564941462372
6607	0.00627791271972165
7760	0.006611257164536479
2051	0.006644591609017959
11617	0.006644591609017959
12959	0.006644591609017959
11663	0.006644591609017963
12481	0.006644591609017963
11786	0.006677815681927414
5324	0.006678036425071473
2272	0.006711260497980922
6240	0.006711260497980922
5064	0.006711260497980926
7063	0.006711260497980926
7815	0.006711260497980926
8168	0.006711260497980926
8362	0.006711260497980926
11273	0.006711260497980926
5772	0.0067336681568315356
3708	0.006945594953499569
8458	0.00707915347456955
11559	0.0074888795066858985
2697	0.0075223243227394085
776	0.007733701491276017
7246	0.008312196805668328
5039	0.008350056484603
405	0.008678103093960433
1640	0.009219621701994302
5031	0.009278012723055094
756	0.009989073214369131
9199	0.009989073214369131
6282	0.010011370501647715
7894	0.010022407658850615
6617	0.010022518030422641
4439	0.010033667788926297
4952	0.010033667788926297
5354	0.010033667788926297
8206	0.010033667788926297
8322	0.010033667788926297
8752	0.010033667788926297
9731	0.010033667788926297
4451	0.010044704946129194
6191	0.010044704946129194
8083	0.010044704946129197
1220	0.010055742103332096
9758	0.010055742103332096
4937	0.010066779260534994
9127	0.010178042724055125
8991	0.010334671133407901
12953	0.01037804939094402
3179	0.01049074545517181
3327	0.010711393835758852
3215	0.01086680592809058
2704	0.011689129882924747
9834	0.01254169564849486
1655	0.012943366785581814
1355	0.013333554819720303
2960	0.013333554819720303
6263	0.013333554819720303
7422	0.013333554819720303
7976	0.013333554819720303
7977	0.013333554819720303
10937	0.013333554819720303
12236	0.013333554819720303
12641	0.013333554819720303
12642	0.013333554819720303
8531	0.013333777792593086
10256	0.013333777792593086
11374	0.013333777792593086
12191	0.013333777792593086
12958	0.013333777792593086
13633	0.013333777792593086
12272	0.013336203737448997
3690	0.013344814949795987
841	0.013366889264201784
5623	0.013366889264201784
1369	0.013366999635773813
3644	0.013367222608646596
10875	0.013367222608646596
13282	0.01337792642140468
8004	0.013378149394277465
11339	0.013378149394277465
1501	0.013378149394277469
13611	0.013378149394277469
9965	0.013389186551480367
