9806	0.008400280009333645
7151	0.009166972232407753
10732	0.013233774459148643
6265	0.014633821127370914
4022	0.016667222240741356
11629	0.018733957798593295
1179	0.020000666688889637
2614	0.020000666688889637
4362	0.02326744224807493
3613	0.023334111137037896
7774	0.026634221140704694
2619	0.029134304476815916
12113	0.029900996699890003
10948	0.029967665588852953
3670	0.030034334477815932
7534	0.030034334477815932
7619	0.030034334477815932
7001	0.031867728924297484
8729	0.03313443781459384
575	0.03326777559251974
6104	0.03330111003700123
2923	0.03333444448148272
6117	0.033367778925964195
8864	0.03496783226107537
2877	0.035034501150038325
4533	0.03503450115003835
10679	0.035067835594519814
2532	0.03660122004066804
12925	0.036634554485149504
8299	0.03666788892963098
11999	0.03666788892963099
4167	0.03840128004266809
12485	0.03986799559985334
9146	0.04000133337777925
7735	0.040001333377779266
7060	0.04000133337777928
12043	0.041668055601853396
5159	0.04240141338044602
1572	0.04496816560552018
10458	0.04526817560585354
8148	0.046634887829594324
4009	0.04663488782959434
5961	0.0466682222740758
1161	0.04670155671855729
2983	0.04670155671855729
7699	0.04670155671855729
13542	0.04670155671855729
5903	0.0499683322777426
2369	0.05166838894629821
11616	0.05326844228140938
12957	0.05326844228140938
4038	0.053301776725890884
2915	0.053335111170372346
3718	0.053335111170372346
8363	0.053335111170372346
12225	0.053335111170372346
1511	0.05336844561485382
13088	0.053368445614853835
898	0.05706856895229841
3961	0.05830194339811329
402	0.058501950065002174
5105	0.05963532117737258
9531	0.06000200006666888
7297	0.06006866895563184
10177	0.06160205340178006
2533	0.06163538784626153
3249	0.06330211007033568
3381	0.06330211007033568
10737	0.06330211007033568
11376	0.06330211007033568
12258	0.06330211007033568
13135	0.06330211007033568
5069	0.06333544451481715
5579	0.06333544451481717
4928	0.06336877895929864
9530	0.06336877895929864
4920	0.06336877895929866
10360	0.06503550118337278
7963	0.06580219340644688
7309	0.06666888896296544
4207	0.0667022234074469
2202	0.06670222340744691
196	0.0667355578519284
10262	0.0682689422980766
12935	0.06826894229807662
6535	0.06830227674255808
10559	0.06833561118703958
13173	0.06836894563152104
3672	0.06836894563152106
3919	0.06986899563318777
10873	0.06996899896663222
2475	0.06996899896663224
5637	0.06996899896663224
12262	0.06996899896663224
630	0.07003566785559519
4224	0.07003566785559519
10492	0.07030234341144705
3013	0.07086902896763227
8751	0.0715357178572619
7382	0.07166905563518784
