5365	0.00016667222240741852
8704	0.0033667788926297557
10111	0.0037964489780266137
12303	0.004896485645915544
10456	0.006733557785259504
6284	0.006996555648248951
1318	0.007096558981693405
7917	0.007096558981693405
9122	0.007096558981693405
13209	0.00712989342617488
3235	0.007129893426174887
4375	0.007129893426174887
10466	0.007163227870656369
1532	0.008796615650249017
7277	0.01026333120743426
4179	0.010463337874323153
7211	0.01046333787432316
81	0.010496672318804643
4018	0.010630010096730572
2270	0.011150772428695301
7108	0.011284110206621237
13333	0.011537725286986374
11451	0.011633721124037467
2063	0.012230063431841744
10345	0.013171113066579022
3915	0.013333777792593086
488	0.013421789316255707
7226	0.013467115570519009
13616	0.013496772322138079
690	0.013796782322471427
6359	0.013796782322471427
9550	0.013796782322471427
6145	0.01379678232247143
8931	0.013796782322471434
9757	0.014563474545545537
793	0.014967165572185734
2225	0.014968344172400942
11347	0.0158005266842228
810	0.01653020676995301
10574	0.01679229319915348
11313	0.017017634657436265
8796	0.017063557881656734
3938	0.0171302267706197
9945	0.0171302267706197
7870	0.017130226770619705
10759	0.017130226770619705
1332	0.017283618648519766
372	0.018672632238154796
10538	0.01883028343917531
13119	0.019467315577185906
11233	0.019793996201044255
7126	0.019967332244408144
163	0.020000666688889626
4191	0.020000666688889626
5201	0.020000666688889626
10778	0.020000666688889626
462	0.020167338911297045
10540	0.020296998996360567
715	0.020397002329805014
9779	0.02043033677428649
3104	0.020463671218767972
4605	0.020463671218767972
6088	0.020463671218767972
9950	0.020463671218767972
13612	0.02046367121876798
7149	0.0205970089966939
10007	0.020630343441175383
2052	0.020730346774619837
8742	0.02115110577314012
13140	0.02128444355106605
3069	0.021504724186949705
4611	0.021504724186949705
1540	0.021667388912963756
8135	0.021697045664582824
4631	0.02183406113537118
9748	0.022097058998360626
11290	0.022097058998360633
5297	0.022838416430040833
8047	0.023106852216365947
7671	0.023334111137037906
12323	0.023663777888990316
2683	0.02373044677795328
2955	0.023763781222434756
370	0.023797115666916238
1362	0.023797115666916238
2489	0.023797115666916238
3108	0.023797115666916238
3538	0.023797115666916238
3651	0.023797115666916238
6110	0.023797115666916238
6261	0.023797115666916238
6314	0.023797115666916238
6532	0.023797115666916238
7381	0.023797115666916238
7470	0.023797115666916238
7899	0.023797115666916238
7973	0.023797115666916238
8228	0.023797115666916238
8862	0.023797115666916238
8982	0.023797115666916238
