2095	0.0713406734516569
12966	0.07901840763699924
7465	0.0812851498617401
8895	0.08137478495659997
2023	0.09347485495893344
3946	0.11616390557500188
348	0.12132059920392
1334	0.12887492236363285
7972	0.1330765083473797
7915	0.13835260394967455
1402	0.13882118255669842
5116	0.14142093365208047
6092	0.14792963555864352
13181	0.14798804441753413
4373	0.1484648652168004
7869	0.15144267462204147
766	0.1543629626004256
13125	0.15500800974302267
9029	0.1614659719426545
10659	0.16149774780675522
8984	0.16795459514202313
6985	0.16888885147899582
2280	0.1747434513145979
3456	0.17676648195965505
7163	0.1781872651050464
811	0.1846885966432995
5755	0.18487600534287596
13364	0.18560119785486717
11220	0.18644384132759834
2113	0.18782270557290598
12416	0.19136730421671808
10664	0.19354296090806147
8756	0.19478893332118874
8850	0.1947993015597733
7910	0.19572229776667027
12153	0.19688591960869153
10396	0.19818782142236402
11548	0.20050049605889875
6993	0.20154322758361734
2140	0.20464478135893271
9798	0.20471078132927734
9016	0.20549106263408334
5074	0.20710777538738473
9883	0.20845561184257985
3472	0.21141245287886407
4136	0.2115446757924261
7616	0.2115780102369076
7927	0.21176697528713612
7177	0.211933651969001
12971	0.21196478344149935
12536	0.21235507069856618
6918	0.2163455069461067
8129	0.2181781198726691
9941	0.21922683152983582
12464	0.21972343336751135
13320	0.22275188771621263
12992	0.22414233428739708
2056	0.22445703708518266
9620	0.22447944474403328
840	0.22463507980923783
10491	0.22614627733967943
4975	0.2278796684527165
2405	0.22801300623064247
10583	0.2283111220764215
13180	0.22976713382084868
1455	0.2311796680848113
12231	0.23131322883561004
3923	0.23276723382418207
13609	0.234490815245681
379	0.23454655734901306
2249	0.23464678365533034
1785	0.23474766996135105
376	0.23514657734967975
6750	0.23619639049283805
2554	0.23664662735134648
4061	0.23682411598781278
7746	0.23780074831925838
12983	0.23784622363666305
1236	0.23807967511960548
6981	0.23821290252595936
4528	0.239966694541992
244	0.24067711064170366
11054	0.24082146104981644
222	0.24135826266672655
7041	0.24137889323178108
9544	0.24273534758850934
6184	0.24313380234190637
901	0.24460207647947235
2874	0.24460207647947235
8259	0.24467978475536703
3165	0.24487912027390882
5978	0.24591349254562667
7530	0.246586582986434
8287	0.2475440062048891
1809	0.2478245930382741
7090	0.24802370781367186
2864	0.24807989586274948
2596	0.2481578248817881
5972	0.24991174510722267
5338	0.2512134462453096
