3629	0.0
4828	0.0
5554	0.0
8848	0.0
6757	0.001233374445814861
4652	0.001700056668555619
10465	0.001700056668555619
7099	0.003200106670222341
304	0.003300110003666789
1046	0.003300110003666789
1610	0.003300110003666789
2287	0.003300110003666789
2541	0.003300110003666789
3276	0.003300110003666789
3741	0.003300110003666789
3811	0.003300110003666789
4020	0.003300110003666789
4442	0.003300110003666789
4580	0.003300110003666789
5473	0.003300110003666789
5630	0.003300110003666789
7065	0.003300110003666789
7331	0.003300110003666789
7402	0.003300110003666789
8480	0.003300110003666789
9353	0.003300110003666789
9449	0.003300110003666789
9517	0.003300110003666789
9968	0.003300110003666789
12858	0.003300110003666789
13525	0.003300110003666789
669	0.00333344444814827
7955	0.003333444448148271
10559	0.003333444448148272
13049	0.0033667788926297544
5304	0.0035334511150371694
9147	0.0043334777825927515
7339	0.004800160005333511
10164	0.004800160005333511
11730	0.004800160005333511
1638	0.004800160005333514
366	0.004933497783259444
821	0.004933497783259444
1673	0.004933497783259444
5559	0.004933497783259444
5757	0.004933497783259444
6447	0.004933497783259444
7709	0.004933497783259444
7960	0.004933497783259444
11065	0.004933497783259444
11866	0.004933497783259444
12820	0.004933497783259444
13356	0.004933497783259444
1495	0.0049668322277409225
1421	0.004966832227740924
2943	0.004966832227740924
4258	0.004966832227740924
8193	0.004966832227740924
12554	0.004966832227740924
7587	0.004966832227740928
203	0.005000166672222408
419	0.005000166672222408
3749	0.005000166672222408
4735	0.005000166672222408
5503	0.005000166672222408
6781	0.005000166672222408
6788	0.005000166672222408
7033	0.005000166672222408
7061	0.005000166672222408
7655	0.005000166672222408
9048	0.005000166672222408
10767	0.005000166672222408
10864	0.005000166672222408
11176	0.005000166672222408
11833	0.005000166672222408
13276	0.005000166672222408
2189	0.005033501116703889
4224	0.005033501116703889
4594	0.005033501116703889
8292	0.005033501116703889
8821	0.005033501116703889
1390	0.005066835561185371
6452	0.005066835561185371
6662	0.0051335044501483375
2901	0.005833527784259477
2994	0.006633554451815059
4716	0.006633554451815059
11070	0.006633554451815059
11202	0.006633554451815063
7816	0.006666888896296543
11591	0.006666888896296543
11770	0.007033567785592849
7831	0.00750025000833361
2619	0.007500250008333613
8755	0.007900263342111405
7678	0.008133604453481784
8313	0.008133604453481784
9875	0.008200273342444747
670	0.008266942231407714
697	0.008266942231407714
