9584	0.0
10757	0.0
9757	0.00023334111137037622
1141	0.0006333544451481744
1636	0.0006333544451481744
4692	0.0006333544451481744
5177	0.0006333544451481744
10691	0.0006333544451481744
10907	0.0006333544451481744
11281	0.0006333544451481744
5086	0.0006666888896296568
810	0.0008666955565185507
2063	0.0008666955565185507
12963	0.0008666955565185507
33	0.00100003333444448
81	0.00100003333444448
158	0.00100003333444448
260	0.00100003333444448
273	0.00100003333444448
300	0.00100003333444448
337	0.00100003333444448
479	0.00100003333444448
620	0.00100003333444448
751	0.00100003333444448
791	0.00100003333444448
812	0.00100003333444448
1188	0.00100003333444448
1256	0.00100003333444448
1300	0.00100003333444448
1439	0.00100003333444448
1698	0.00100003333444448
2082	0.00100003333444448
2640	0.00100003333444448
3141	0.00100003333444448
3441	0.00100003333444448
3487	0.00100003333444448
3684	0.00100003333444448
3920	0.00100003333444448
3930	0.00100003333444448
3974	0.00100003333444448
4037	0.00100003333444448
4118	0.00100003333444448
4134	0.00100003333444448
4141	0.00100003333444448
4450	0.00100003333444448
4494	0.00100003333444448
4611	0.00100003333444448
4615	0.00100003333444448
4756	0.00100003333444448
4832	0.00100003333444448
4961	0.00100003333444448
5014	0.00100003333444448
5117	0.00100003333444448
5372	0.00100003333444448
5424	0.00100003333444448
5474	0.00100003333444448
5905	0.00100003333444448
5949	0.00100003333444448
6173	0.00100003333444448
6283	0.00100003333444448
6389	0.00100003333444448
6897	0.00100003333444448
7036	0.00100003333444448
7211	0.00100003333444448
7302	0.00100003333444448
7517	0.00100003333444448
7602	0.00100003333444448
7640	0.00100003333444448
7668	0.00100003333444448
7671	0.00100003333444448
7692	0.00100003333444448
7713	0.00100003333444448
8019	0.00100003333444448
8700	0.00100003333444448
8742	0.00100003333444448
9021	0.00100003333444448
9074	0.00100003333444448
9153	0.00100003333444448
9337	0.00100003333444448
9508	0.00100003333444448
9563	0.00100003333444448
9747	0.00100003333444448
9809	0.00100003333444448
9950	0.00100003333444448
10409	0.00100003333444448
10438	0.00100003333444448
10514	0.00100003333444448
10766	0.00100003333444448
10947	0.00100003333444448
10998	0.00100003333444448
11058	0.00100003333444448
11085	0.00100003333444448
11242	0.00100003333444448
11311	0.00100003333444448
11380	0.00100003333444448
11396	0.00100003333444448
11400	0.00100003333444448
11636	0.00100003333444448
11642	0.00100003333444448
11815	0.00100003333444448
