698	0.0003333444448148327
11388	0.0004000133337777982
9296	0.0004333477782592753
875	0.0005333511117037292
10504	0.0005333511117037292
465	0.0005666855561852115
12310	0.0005666855561852115
326	0.0006000200006666886
4948	0.0006000200006666886
4044	0.0008666955565185559
1471	0.0010000333344444864
5583	0.001066702223407452
903	0.0011000366678889295
6230	0.001166705556851895
11909	0.0011667055568519002
9745	0.0012000400013333782
5374	0.0012667088902963428
17	0.0012667088902963432
3058	0.0012667088902963432
6828	0.0012667088902963432
7658	0.0012667088902963432
10236	0.0012667088902963432
6548	0.0013667122237407967
728	0.001400046668222279
3194	0.001400046668222279
11965	0.001400046668222279
327	0.0014000466682222794
922	0.0014000466682222794
934	0.0014000466682222794
1172	0.0014000466682222794
1593	0.0014000466682222794
1681	0.0014000466682222794
1964	0.0014000466682222794
2295	0.0014000466682222794
2609	0.0014000466682222794
2796	0.0014000466682222794
2862	0.0014000466682222794
3186	0.0014000466682222794
3448	0.0014000466682222794
3502	0.0014000466682222794
4091	0.0014000466682222794
4340	0.0014000466682222794
4449	0.0014000466682222794
4581	0.0014000466682222794
5222	0.0014000466682222794
5341	0.0014000466682222794
5348	0.0014000466682222794
5457	0.0014000466682222794
5574	0.0014000466682222794
5779	0.0014000466682222794
6399	0.0014000466682222794
6936	0.0014000466682222794
6945	0.0014000466682222794
7010	0.0014000466682222794
7134	0.0014000466682222794
7329	0.0014000466682222794
7395	0.0014000466682222794
7711	0.0014000466682222794
7780	0.0014000466682222794
7783	0.0014000466682222794
8088	0.0014000466682222794
8482	0.0014000466682222794
8609	0.0014000466682222794
8766	0.0014000466682222794
8934	0.0014000466682222794
9137	0.0014000466682222794
9347	0.0014000466682222794
9586	0.0014000466682222794
9657	0.0014000466682222794
9823	0.0014000466682222794
9938	0.0014000466682222794
9946	0.0014000466682222794
10486	0.0014000466682222794
10590	0.0014000466682222794
10639	0.0014000466682222794
10794	0.0014000466682222794
10930	0.0014000466682222794
10955	0.0014000466682222794
11409	0.0014000466682222794
11662	0.0014000466682222794
12167	0.0014000466682222794
12230	0.0014000466682222794
12736	0.0014000466682222794
12840	0.0014000466682222794
12943	0.0014000466682222794
13020	0.0014000466682222794
13580	0.0014000466682222794
4055	0.0019333977799259978
8490	0.0019667322244074853
9431	0.002066735557851929
9995	0.002066735557851929
197	0.002066735557851934
2480	0.002066735557851934
3295	0.002066735557851934
4592	0.002066735557851934
9885	0.002066735557851934
11729	0.002066735557851934
12054	0.002066735557851934
12562	0.002066735557851934
5249	0.0021667388912963766
