7605	0.11257954300782765
325	0.12132301475038682
1161	0.14672386144527666
4003	0.14905727255898055
6912	0.1692246114702775
10473	0.17314822863068186
727	0.19125867927253754
5087	0.20564931200012748
1258	0.20735921595709378
9783	0.20915927595909378
5919	0.21032598151594578
12262	0.21209270707346428
8680	0.22831673424753565
7595	0.22990949593497972
12155	0.2314835064732766
12993	0.23759355710179847
6095	0.24076032932753938
13183	0.2607276615719475
2159	0.26252772157394755
13175	0.26859459046957745
695	0.27455160874335216
1101	0.2755281549217258
1820	0.27602817158894816
12451	0.2866951938230225
4115	0.290728661605282
5953	0.30482703930801885
5296	0.3052859665552793
6080	0.30759589051291225
7904	0.30909594051457895
7116	0.31426277940920877
2216	0.317596223857357
8693	0.32412977497572776
7088	0.32912994164794995
6980	0.33726354610143183
322	0.3373968838793578
169	0.3385306805824345
7315	0.3408636661054319
13264	0.349187429937392
12981	0.35283052831320805
8999	0.3573975505682474
9565	0.3583642494582104
3136	0.3607309950163957
4933	0.3643311150203958
10533	0.36959795724847005
489	0.37048813996105945
6234	0.37056465613843315
9600	0.370764662805322
10375	0.37153135502839607
1283	0.3742314450313962
3941	0.37490946134263176
1248	0.3813286459653477
5323	0.38203170504006306
4223	0.3840984405979152
12199	0.38586516615543365
2047	0.38773189504639666
22	0.3907319950497301
6290	0.390865332827656
128	0.39223204505139686
2240	0.39256538949621167
6976	0.3974988872794711
2872	0.3986557455479124
12154	0.3990656061701008
355	0.40076566283865644
9568	0.40239905061824904
2278	0.4024990539516935
4036	0.40409910728680487
6117	0.404465786176101
12178	0.4075992239573603
7954	0.40890902023778153
12293	0.4119895233405055
711	0.41246605285165683
12271	0.41249938729613833
6105	0.4142327784091754
4957	0.41423277840917544
4057	0.41637330887968815
4045	0.4207329950830646
7735	0.4241664428646573
5162	0.42419977730913877
7628	0.42419977730913877
9597	0.4314000173171391
12935	0.4325333884295094
143	0.43875708225913607
7001	0.4392002773258061
4945	0.4408669995498801
10813	0.44175372093115883
5444	0.4419681830065194
3656	0.44226704621810237
9562	0.44753388844617664
1170	0.4541674428979918
7152	0.45750088734614
716	0.45843562081000183
4921	0.4608009973498068
13177	0.4617010273508068
5002	0.4638677662421032
12424	0.4644011173538069
7619	0.46736788291265885
6987	0.46753455513506625
5000	0.46760122402402926
8321	0.46794169449254164
1107	0.47073466180528856
