6370	0.004997447710554574
8928	0.005388659891966102
13224	0.005850862922565776
1720	0.006050869589454673
11303	0.006700490507204251
1321	0.006850896257010257
7684	0.007817595146973257
4126	0.008485619868734025
5312	0.009084304037269602
6997	0.009184307370714049
4359	0.009187293498808105
1289	0.009218977647326647
2109	0.009417648482084427
9112	0.009417648482084427
4199	0.009850996260343702
7281	0.009984334038269635
7423	0.010189354230152062
10582	0.010685693204511886
7087	0.010885699871400782
9743	0.011518787150122736
4337	0.011684390706825252
3912	0.011717725151306735
6017	0.011817728484751183
2440	0.011853734593494902
6107	0.011884397373714146
5404	0.012220413482791211
10470	0.012334011624574832
7372	0.012953771261383832
11574	0.013085506040752422
7939	0.013252178263159834
4331	0.013317778486417907
4446	0.013418850485567247
10777	0.013484450708825318
4399	0.013684457375714214
11240	0.013684457375714214
11334	0.013684457375714214
5956	0.01379950128413926
463	0.013852465430252744
1304	0.013853801262383865
13381	0.013985803208178675
3540	0.014019137652660158
4295	0.014085806541623122
482	0.014216802458817757
8853	0.014358988686515547
2208	0.014387152374087588
3344	0.01452049015201352
7368	0.01465382792993945
13481	0.014814150795222213
609	0.014870902568708422
8010	0.014950160237410378
448	0.015183501348780756
1380	0.015183501348780756
12344	0.015183501348780756
11594	0.015219177653993535
6834	0.01524616274135037
8907	0.015248834405612605
2055	0.015316839126706687
12587	0.01544019715205115
12750	0.0154835113491141
8054	0.015616849127040033
4076	0.015683518016002998
3501	0.015788157773504445
10827	0.015811088067062322
5390	0.015852532099141704
6128	0.01601920432154912
13067	0.016064860379343373
9770	0.016085873210512087
5969	0.016150200238743757
429	0.01618454071182542
8033	0.016187212376087657
8732	0.016187212376087657
7922	0.01621217006654501
1558	0.016483544683558584
5944	0.016516879128040066
10653	0.016616882461484517
2312	0.01661922432221581
6459	0.016651222934566178
5307	0.016716885794928964
2913	0.016718960489234037
2133	0.01671896048923404
7291	0.016780191454861336
3438	0.01678355468389193
3710	0.01678355468389193
12960	0.01681789515697359
6008	0.016817895156973593
12170	0.016817895156973593
1818	0.016850223572854893
7206	0.016850223572854893
6364	0.016856243126448605
1103	0.016885899878067673
113	0.01694621940990599
12528	0.01695022690629934
3340	0.016979553854387472
453	0.016984567379381005
8909	0.016984567379381005
13317	0.016984567379381005
8790	0.016989580904374538
9131	0.017017901823862487
10949	0.017017901823862487
6539	0.01708724237708769
