2105	3.333444448148232e-05
3187	3.333444448148232e-05
6189	3.333444448148232e-05
6853	3.333444448148232e-05
7668	3.333444448148232e-05
7672	3.333444448148232e-05
8817	3.333444448148232e-05
9478	3.333444448148232e-05
11504	3.333444448148232e-05
12437	3.333444448148232e-05
13098	3.333444448148232e-05
10413	6.666888896296463e-05
9015	0.00016667222240741332
1894	0.00020000666688889564
8170	0.00033334444481482664
13374	0.00033334444481482664
4808	0.0003666788892963072
1295	0.000400013333777793
7004	0.0005000166672222417
7945	0.0005000166672222417
11661	0.000533351111703724
809	0.0005666855561852063
1033	0.0006000200006666904
2333	0.0006333544451481727
2494	0.000666688889629655
2628	0.000666688889629655
3323	0.000666688889629655
4058	0.000666688889629655
11033	0.000666688889629655
12608	0.000666688889629655
3859	0.0007000233341111373
5420	0.0007333577785926214
9444	0.0007333577785926214
86	0.000800026667555586
106	0.000800026667555586
510	0.000800026667555586
1200	0.000800026667555586
1457	0.000800026667555586
1564	0.000800026667555586
2193	0.000800026667555586
2346	0.000800026667555586
2715	0.000800026667555586
2834	0.000800026667555586
2961	0.000800026667555586
2988	0.000800026667555586
3139	0.000800026667555586
3488	0.000800026667555586
4534	0.000800026667555586
4553	0.000800026667555586
4737	0.000800026667555586
4829	0.000800026667555586
5097	0.000800026667555586
5613	0.000800026667555586
5790	0.000800026667555586
6416	0.000800026667555586
6581	0.000800026667555586
7807	0.000800026667555586
8399	0.000800026667555586
8899	0.000800026667555586
9011	0.000800026667555586
9320	0.000800026667555586
9416	0.000800026667555586
10011	0.000800026667555586
10024	0.000800026667555586
10282	0.000800026667555586
10291	0.000800026667555586
10831	0.000800026667555586
11102	0.000800026667555586
11685	0.000800026667555586
13067	0.000800026667555586
13405	0.000800026667555586
52	0.0008333611120370683
158	0.0008333611120370683
229	0.0008333611120370683
468	0.0008333611120370683
539	0.0008333611120370683
645	0.0008333611120370683
657	0.0008333611120370683
683	0.0008333611120370683
930	0.0008333611120370683
998	0.0008333611120370683
1153	0.0008333611120370683
1188	0.0008333611120370683
1192	0.0008333611120370683
1206	0.0008333611120370683
1607	0.0008333611120370683
1722	0.0008333611120370683
2121	0.0008333611120370683
2441	0.0008333611120370683
2498	0.0008333611120370683
2813	0.0008333611120370683
2913	0.0008333611120370683
2926	0.0008333611120370683
2976	0.0008333611120370683
3225	0.0008333611120370683
3244	0.0008333611120370683
3246	0.0008333611120370683
3336	0.0008333611120370683
3389	0.0008333611120370683
3563	0.0008333611120370683
