4018	0.002866762225407507
4179	0.0030334344478149255
7277	0.0032334411147038195
690	0.003700123337444572
2270	0.003700123337444572
6996	0.003700123337444572
9550	0.003700123337444572
11216	0.003700123337444572
7108	0.003833461115370508
1532	0.004700156671889062
192	0.0047334911163705445
11233	0.005300176672555751
11451	0.005333511117037226
793	0.005333511117037233
2225	0.006166872229074305
8704	0.00633354445148171
372	0.006366878895963192
3235	0.006366878895963192
4375	0.006366878895963192
9631	0.006366878895963192
1318	0.006400213340444674
7917	0.006400213340444674
9122	0.006400213340444674
8796	0.006966898896629881
7089	0.007033567785592845
8160	0.007033567785592845
3310	0.008200273342444747
8135	0.008200273342444747
12303	0.008600286676222535
4014	0.0086669555651855
5365	0.009533651121704047
3069	0.009633654455148508
13333	0.009666988899629983
488	0.009700323344111465
3227	0.009700323344111465
10111	0.009700323344111465
13285	0.009700323344111465
12063	0.010133671122370735
9779	0.010333677789259636
3104	0.010367012233741119
9950	0.010367012233741119
7149	0.010500350011667048
336	0.011167038901296708
3657	0.01133371112370412
10345	0.011367045568185595
10807	0.01196706556885229
9702	0.012000400013333773
1540	0.012033734457815255
12171	0.012033734457815255
9023	0.012167072235741191
10534	0.012800426680889362
6284	0.012900430014333802
11252	0.012967098903296781
13209	0.013033767792259732
10456	0.013033767792259746
10466	0.013067102236741221
13119	0.013167105570185664
1181	0.013633787792926427
2683	0.013633787792926427
6357	0.013633787792926427
2955	0.013667122237407903
7126	0.013667122237407903
163	0.013700456681889385
370	0.013700456681889385
1362	0.013700456681889385
2412	0.013700456681889385
2489	0.013700456681889385
3108	0.013700456681889385
3485	0.013700456681889385
3538	0.013700456681889385
3651	0.013700456681889385
3937	0.013700456681889385
4926	0.013700456681889385
5201	0.013700456681889385
5297	0.013700456681889385
6019	0.013700456681889385
6110	0.013700456681889385
6167	0.013700456681889385
6261	0.013700456681889385
6306	0.013700456681889385
6314	0.013700456681889385
6532	0.013700456681889385
7381	0.013700456681889385
7470	0.013700456681889385
7677	0.013700456681889385
7899	0.013700456681889385
7973	0.013700456681889385
8047	0.013700456681889385
8228	0.013700456681889385
8261	0.013700456681889385
8862	0.013700456681889385
8946	0.013700456681889385
8982	0.013700456681889385
9036	0.013700456681889385
9118	0.013700456681889385
9135	0.013700456681889385
9776	0.013700456681889385
9850	0.013700456681889385
9890	0.013700456681889385
10454	0.013700456681889385
