1501	0.0
3690	3.333444448148275e-05
13434	0.0025083612040133763
3327	0.002666755558518617
8991	0.0030434782608695678
3892	0.003300110003666789
4819	0.003300110003666789
5670	0.003300110003666789
6829	0.003300110003666789
7667	0.003300110003666789
8403	0.003300110003666789
8740	0.003300110003666789
8992	0.003300110003666789
9901	0.003300110003666789
10035	0.003300110003666789
12131	0.003300110003666789
12903	0.003300110003666789
3829	0.0033110367892976583
8123	0.0033110367892976583
13451	0.0033110367892976583
8083	0.003333444448148272
9551	0.00334448160535117
4439	0.003344481605351172
4952	0.003344481605351172
5354	0.003344481605351172
8206	0.003344481605351172
8322	0.003344481605351172
8752	0.003344481605351172
9731	0.003344481605351172
6282	0.0033667788926297544
5031	0.004100136671222375
7246	0.0056010696454653255
776	0.005711337535108472
2587	0.0057750263916266555
1655	0.006254180602006689
8531	0.006644591609017961
10256	0.006644591609017961
11374	0.006644591609017961
12191	0.006644591609017961
12958	0.006644591609017961
13633	0.006644591609017961
5064	0.006666888896296543
7063	0.006666888896296543
7815	0.006666888896296543
8168	0.006666888896296543
8362	0.006666888896296543
11273	0.006666888896296543
9965	0.006677926053499442
3644	0.006678036425071471
10875	0.006678036425071471
8004	0.00668896321070234
11339	0.00668896321070234
11786	0.006700333712350055
5772	0.0067113708695529534
9075	0.006722408026755854
7760	0.00676689222974099
2995	0.007577956054499476
1231	0.008177976055166165
5039	0.008305684882918617
4985	0.008673577859507245
7227	0.009152952813031336
1640	0.00917525010030992
4440	0.009511353834425473
12953	0.009689063214035785
9127	0.00988906988092468
2528	0.00998907321436913
2667	0.00998907321436913
4633	0.00998907321436913
6573	0.00998907321436913
6758	0.00998907321436913
10270	0.00998907321436913
10308	0.00998907321436913
11702	0.00998907321436913
1220	0.010011370501647713
9758	0.010011370501647713
350	0.010011370501647715
4176	0.010011370501647715
11790	0.010011370501647715
4451	0.010022407658850612
6191	0.010022407658850612
3411	0.010033444816053512
5263	0.010033444816053512
12531	0.010033444816053512
6427	0.01006700223340778
3343	0.010433458149831305
1680	0.010878066058166266
3264	0.010900140372572063
7214	0.011066922966551504
4725	0.011293421040456086
7859	0.011337351155852353
6492	0.011494089936777157
4133	0.011627869200991204
6607	0.012967098903296776
3331	0.013044804949462642
2163	0.013333554819720301
2812	0.013333554819720301
7512	0.013333554819720301
10168	0.013333554819720301
12314	0.013333554819720301
12847	0.013333554819720301
