3208	0.0
577	3.333444448148232e-05
1074	3.333444448148232e-05
1758	3.333444448148232e-05
3638	3.333444448148232e-05
3765	3.333444448148232e-05
5882	3.333444448148232e-05
6699	3.333444448148232e-05
6789	3.333444448148232e-05
7140	3.333444448148232e-05
7448	3.333444448148232e-05
7563	3.333444448148232e-05
8080	3.333444448148232e-05
10624	3.333444448148232e-05
10696	3.333444448148232e-05
10786	3.333444448148232e-05
11036	3.333444448148232e-05
2467	0.00010000333344444782
8053	0.00010000333344444782
10245	0.00010000333344444782
7403	0.000133337777925931
698	0.00016667222240741332
4390	0.0002000066668888965
7357	0.0002000066668888965
4948	0.00023334111137037882
10356	0.000266675555851862
2371	0.0003000100003333443
13667	0.0003000100003333443
3927	0.0003333444448148275
4182	0.0003333444448148275
6235	0.0003333444448148275
6757	0.0003333444448148275
8755	0.0003333444448148275
11949	0.0003333444448148275
12675	0.0003333444448148275
12525	0.0003666788892963098
13444	0.0003666788892963098
3404	0.00046668222274075764
1471	0.0005000166672222404
3182	0.0005333511117037231
1772	0.0005666855561852059
5583	0.0005666855561852059
6751	0.0005666855561852059
7753	0.0005666855561852059
7942	0.0005666855561852059
9221	0.0006000200006666886
11388	0.0006333544451481718
5836	0.0006666888896296541
8345	0.0006666888896296541
654	0.0007000233341111373
11070	0.0007000233341111373
15	0.0007333577785926196
731	0.0007333577785926196
903	0.0007333577785926196
959	0.0007333577785926196
1240	0.0007333577785926196
2564	0.0007333577785926196
2798	0.0007333577785926196
2901	0.0007333577785926196
4770	0.0007333577785926196
5304	0.0007333577785926196
5802	0.0007333577785926196
6411	0.0007333577785926196
8174	0.0007333577785926196
9147	0.0007333577785926196
9961	0.0007333577785926196
10332	0.0007333577785926196
10668	0.0007333577785926196
11621	0.0007333577785926196
12006	0.0007333577785926196
12656	0.0007333577785926196
13158	0.0007333577785926196
13714	0.0007333577785926196
875	0.0007666922230741028
2359	0.0007666922230741028
3471	0.0007666922230741028
3568	0.0007666922230741028
3925	0.0007666922230741028
10504	0.0007666922230741028
12467	0.0007666922230741028
12514	0.0007666922230741028
465	0.0008000266675555852
1746	0.0008000266675555852
4892	0.0008000266675555852
5440	0.0008000266675555852
7082	0.0008000266675555852
7816	0.0008000266675555852
8633	0.0008000266675555852
9296	0.0008000266675555852
10529	0.0008000266675555852
12310	0.0008000266675555852
10025	0.0008333611120370675
3606	0.0008333611120370679
1390	0.0008666955565185507
2170	0.0008666955565185507
2360	0.0008666955565185507
3531	0.0008666955565185507
3982	0.0008666955565185507
5642	0.0008666955565185507
5809	0.0008666955565185507
