1270	0.00507787271838828
9037	0.008277869017038583
3033	0.008411317166536553
7704	0.008433614453815116
644	0.008777996055832864
4906	0.010277604571211466
11513	0.011544754947795917
4049	0.011644758281240366
3906	0.011711427170203337
4063	0.01174476161468482
10664	0.013011470504981162
11456	0.013378149394277474
574	0.01417817606183306
2214	0.015000500016667221
756	0.015022574331073017
3253	0.01504487161835161
6243	0.015078206062833091
12919	0.016711593842425744
5567	0.018211643844092462
1452	0.01834498162201839
11682	0.01837831606649988
2201	0.018411650510981363
5202	0.01841165051098137
135	0.018678326066833208
1201	0.019945034957129567
10754	0.02001148087321974
11664	0.020034111504943154
2328	0.020178376068499943
7670	0.020178376068499943
12159	0.02133083923310265
11460	0.02151175384775925
11291	0.021644868652812392
2932	0.021645091625685182
2510	0.021645091625685186
8605	0.021711760514648158
9545	0.021711760514648158
3999	0.021744871986256846
8677	0.021766946300662653
1183	0.021778539775183146
3774	0.0220117705149815
6607	0.022089253588274568
4610	0.022089253588274578
9623	0.02250075002500084
2881	0.02337285155882008
10552	0.02337848273872229
11502	0.024072874892931216
995	0.0247118605179816
1410	0.02495557432739397
6201	0.02501176014674291
2083	0.025011870518314935
3275	0.025011870518314935
3348	0.025011870518314935
6421	0.025078539407277906
11491	0.025078539407277906
6988	0.025145208296240867
4459	0.02544521829657421
3046	0.026606294903252635
1251	0.026767112972885056
7296	0.027511953854426143
1680	0.02757839977051632
8698	0.028133383710337717
9683	0.028267608920297345
7918	0.028278646077500243
6108	0.028345314966463208
13493	0.028345314966463215
13282	0.028367612253741792
8428	0.028378649410944697
12959	0.028400723725350484
8166	0.028411983855426173
8783	0.028411983855426173
11344	0.028411983855426173
9127	0.028534061503276427
556	0.028611767549442287
9145	0.02892480362500378
2155	0.029978702746055862
4954	0.031367599655774486
5229	0.03154498015039743
2895	0.03167875941461147
12372	0.03167875941461147
12272	0.0316809623865946
8485	0.03170061075614449
2897	0.03173394520062598
4305	0.03173439114637155
303	0.03174498235782887
4937	0.03174542830357444
6993	0.03174542830357445
10913	0.03176727964510746
275	0.03177809828889503
7129	0.03181120976050372
1651	0.031912100525981854
4618	0.03210107003566786
5273	0.03247789865013338
6091	0.033011801619697245
12239	0.0335007811297166
9784	0.0336003407471442
223	0.03391150273570993
6418	0.03414550830624119
5965	0.034276417909582496
11761	0.035012203862759744
13112	0.03502235358792896
