207	0.026867562252075032
7633	0.030001000033334432
11219	0.03343444781492715
8023	0.039667988932964436
4087	0.04320144004800162
12259	0.043368112270408994
10484	0.04503483449448312
7706	0.051601720057335265
8057	0.056601886729557675
10495	0.05666855561852062
12939	0.056701890063002094
20	0.058268608953631784
12086	0.06006866895563187
9814	0.06670222340744691
5137	0.0700356678555952
1152	0.07336911230374343
44	0.07336911230374345
5294	0.07346911563718789
9604	0.0798026600886696
1157	0.07993599786659555
9533	0.08336944564818827
13122	0.08346944898163272
3992	0.08990299676655888
68	0.08996966565552184
6227	0.0900030001000033
2977	0.09000300010000331
13104	0.09000300010000334
1198	0.09003633454448481
2167	0.09006966898896629
10619	0.09006966898896629
1135	0.09013633787792927
12057	0.09013633787792927
1140	0.0904030134337811
1429	0.0906363545451515
9746	0.09333644454815161
11423	0.09340311343711455
1202	0.09363645454848493
5146	0.09493649788326279
3261	0.09663655455181837
11301	0.09666988899629986
9589	0.09666988899629989
4158	0.09670322344078133
9130	0.09680322677422581
7877	0.09710323677455913
8169	0.09746991566385546
709	0.09840328010933698
7600	0.09996999899996668
7130	0.10000333344444814
10972	0.10247008233607786
286	0.10287009566985565
9187	0.10327010900363345
740	0.10330344344811493
5740	0.1033367778925964
6114	0.10340344678155935
688	0.10360345344844826
10553	0.10517017233907795
7164	0.10667022234074469
12614	0.1067035567852262
13344	0.10680356011867059
7197	0.10680356011867062
9556	0.1068368945631521
3233	0.10990366345544855
5954	0.10993699789992999
82	0.10993699789993003
736	0.10997033234441148
12949	0.11000366678889295
86	0.11003700123337443
7809	0.11003700123337443
5083	0.11003700123337447
92	0.11167038901296708
10869	0.1116703890129671
6000	0.11327044234807829
2264	0.11330377679255973
7376	0.11330377679255973
1306	0.11330377679255976
13278	0.11333711123704127
148	0.11337044568152269
6943	0.11337044568152274
1144	0.11350378345944862
12385	0.1151371712390413
2256	0.11520384012800425
12233	0.11570385679522652
12265	0.11660388679622653
12133	0.11660388679622655
12417	0.116637221240708
5097	0.11663722124070805
3056	0.11933731124370812
11573	0.11990399679989336
175	0.1199706656888563
8910	0.11997066568885631
4142	0.12047068235607854
10605	0.12153738457948597
246	0.12167072235741191
1551	0.12220407346911563
2112	0.12330411013700456
9064	0.12330411013700456
12414	0.12330411013700457
9700	0.12333744458148602
9009	0.12333744458148603
10604	0.12333744458148603
