9102	0.00043478260869565105
492	0.000501672240802678
2449	0.0008026755852842821
11147	0.0008026755852842821
12239	0.0008361204013377921
13102	0.0011694648461526196
6247	0.0023360600314324873
7051	0.003168427799321295
2425	0.0034002237086832713
12257	0.003801782244469467
10650	0.0040023407692185
1730	0.004102785588951071
2476	0.004102785588951071
2783	0.004102785588951071
3822	0.004102785588951071
8966	0.004102785588951071
12536	0.004102785588951071
12565	0.004102785588951071
767	0.004136120033432554
10309	0.004136230405004581
8485	0.004169454477914036
7750	0.0045418726889558565
6594	0.005241896023066994
114	0.005502390770885221
3723	0.00560239410432967
4347	0.005675023058182207
11258	0.0058193979933110415
9865	0.0058862876254180616
10772	0.0058862876254180616
53	0.005975143430087586
2123	0.006002407438107461
12329	0.006002959295967612
10917	0.006535758549811185
13364	0.006644591609017965
12347	0.00670033371235006
223	0.0070534346685580725
9789	0.007235450769206241
8698	0.007335785217366771
3848	0.007469564481580825
4658	0.007469564481580825
6438	0.007469564481580825
6653	0.007469564481580825
7435	0.007469564481580825
10045	0.007469564481580825
8450	0.00748071201035575
1727	0.007491638795986612
10913	0.007502898926062308
11441	0.007533584452815094
7242	0.007536343742115818
5273	0.008213517931088219
2400	0.008336260038099376
10600	0.008336260038099376
2062	0.00918639762908485
6737	0.00918639762908485
5190	0.009219732073566333
12712	0.009320176893298898
275	0.00935351133778038
1958	0.01012285247858318
7982	0.010201995584914149
5132	0.010657969535439361
3171	0.01068026682271794
1001	0.010791748799653401
7356	0.010803008929729097
12093	0.010814046086931994
7855	0.010825193615706925
11888	0.010825193615706925
1187	0.010836120401337787
13403	0.011587691719043919
10396	0.011703149302301158
11320	0.011819818743121985
9145	0.012040133779264217
4610	0.012242129364178364
556	0.012319835410344225
13400	0.01253087923443602
8811	0.012586510966196087
11291	0.01261984541067757
1410	0.012675918628725755
7416	0.012686955785928652
12159	0.013000543719350293
13081	0.013158494357838673
4157	0.0136347811370747
8892	0.013902339665502786
4101	0.014136230405004576
5522	0.014136230405004576
11959	0.014136230405004576
1251	0.01413645337787737
7163	0.01413645337787737
7881	0.01413645337787737
9944	0.01413645337787737
10983	0.01413645337787737
2940	0.014169787822358853
8677	0.014169787822358853
4152	0.01416989819393088
10410	0.01416989819393088
12349	0.01416989819393088
2128	0.014236456711321814
10754	0.014253233190270222
13202	0.014412179402635608
10537	0.014603245972190154
6091	0.015047630907652326
