1902	0.00010000333344444869
2097	0.00010000333344444869
2443	0.00016667222240741332
8370	0.0002333411113703797
280	0.00033334444481482664
432	0.00033334444481482664
614	0.00033334444481482664
1843	0.00033334444481482664
2174	0.00033334444481482664
4559	0.00033334444481482664
5174	0.00033334444481482664
5541	0.00033334444481482664
5710	0.00033334444481482664
7431	0.00033334444481482664
7752	0.00033334444481482664
9105	0.00033334444481482664
9335	0.00033334444481482664
9726	0.00033334444481482664
9880	0.00033334444481482664
10625	0.00033334444481482664
10651	0.00033334444481482664
10719	0.00033334444481482664
10936	0.00033334444481482664
12111	0.00033334444481482664
12355	0.00033334444481482664
13527	0.00033334444481482664
133	0.00036667888929630896
515	0.00036667888929630896
581	0.00036667888929630896
638	0.00036667888929630896
925	0.00036667888929630896
1387	0.00036667888929630896
1447	0.00036667888929630896
1511	0.00036667888929630896
1671	0.00036667888929630896
1801	0.00036667888929630896
1928	0.00036667888929630896
2687	0.00036667888929630896
2756	0.00036667888929630896
2843	0.00036667888929630896
2855	0.00036667888929630896
2891	0.00036667888929630896
3172	0.00036667888929630896
3177	0.00036667888929630896
3745	0.00036667888929630896
3795	0.00036667888929630896
3919	0.00036667888929630896
3950	0.00036667888929630896
4153	0.00036667888929630896
4168	0.00036667888929630896
4269	0.00036667888929630896
4329	0.00036667888929630896
4587	0.00036667888929630896
4730	0.00036667888929630896
4777	0.00036667888929630896
4957	0.00036667888929630896
4987	0.00036667888929630896
5150	0.00036667888929630896
5471	0.00036667888929630896
5763	0.00036667888929630896
5794	0.00036667888929630896
5795	0.00036667888929630896
5893	0.00036667888929630896
5938	0.00036667888929630896
6048	0.00036667888929630896
6072	0.00036667888929630896
6339	0.00036667888929630896
7522	0.00036667888929630896
7538	0.00036667888929630896
7868	0.00036667888929630896
8251	0.00036667888929630896
8626	0.00036667888929630896
8639	0.00036667888929630896
8820	0.00036667888929630896
9041	0.00036667888929630896
9150	0.00036667888929630896
9191	0.00036667888929630896
9744	0.00036667888929630896
9787	0.00036667888929630896
10152	0.00036667888929630896
10251	0.00036667888929630896
10296	0.00036667888929630896
10381	0.00036667888929630896
10462	0.00036667888929630896
10547	0.00036667888929630896
10670	0.00036667888929630896
10755	0.00036667888929630896
10945	0.00036667888929630896
10960	0.00036667888929630896
11056	0.00036667888929630896
11192	0.00036667888929630896
11342	0.00036667888929630896
11576	0.00036667888929630896
11591	0.00036667888929630896
11641	0.00036667888929630896
11668	0.00036667888929630896
11865	0.00036667888929630896
12077	0.00036667888929630896
12636	0.00036667888929630896
12807	0.00036667888929630896
