9994	0.0
3235	3.3334444481489256e-05
3069	0.0033334444481482733
12913	0.009600320010667018
8714	0.00996699889996333
12917	0.010000333344444813
8160	0.010033667788926302
8827	0.012033734457815269
372	0.016633887796259864
13164	0.016633887796259877
160	0.016667222240741353
1606	0.016667222240741353
2297	0.016667222240741353
3695	0.016667222240741353
3930	0.016667222240741353
4514	0.016667222240741353
5200	0.016667222240741353
6343	0.016667222240741353
7191	0.016667222240741353
7686	0.016667222240741353
9890	0.016667222240741353
10616	0.016667222240741353
11318	0.016667222240741353
12794	0.016667222240741353
13154	0.016667222240741353
13406	0.016667222240741353
5905	0.01666722224074136
7021	0.01666722224074136
9187	0.01666722224074136
12296	0.01666722224074136
9122	0.016700556685222835
2300	0.016700556685222842
6296	0.016700556685222842
7677	0.016700556685222842
9108	0.016700556685222842
11245	0.016700556685222842
2376	0.01670055668522285
4257	0.01670055668522285
7173	0.01670055668522285
192	0.016733891129704324
680	0.016733891129704324
10574	0.016733891129704324
9607	0.01673389112970434
502	0.01680056001866729
7408	0.01680056001866729
7022	0.01683389446314877
5340	0.01746724890829693
4179	0.018300610020334007
12472	0.01833394446481549
10432	0.01836727890929698
12056	0.01843394779825995
5596	0.019233974465815526
7277	0.019800660022000725
9617	0.019833994466482218
3457	0.019867328910963704
4931	0.020000666688889626
2141	0.020000666688889633
7002	0.020000666688889633
9067	0.020000666688889633
9570	0.02083402780092669
13131	0.021334044468148933
5414	0.021634054468482267
11626	0.021667388912963756
7055	0.021667388912963763
7886	0.022434081136037873
5365	0.02320077335911197
4628	0.02326744224807492
7626	0.023300776692556417
704	0.023334111137037893
13026	0.023334111137037893
163	0.0233341111370379
292	0.0233341111370379
2244	0.0233341111370379
4994	0.0233341111370379
6110	0.0233341111370379
6202	0.02336744558151939
11227	0.023400780026000864
5631	0.024934164472149058
12547	0.02493416447214908
6311	0.024967498916630547
5169	0.025000833361112036
3489	0.02503416780559352
10411	0.025067502250075008
11486	0.025067502250075015
12303	0.025567518917297243
4680	0.026534217807260237
11385	0.026634221140704684
10705	0.02663422114070469
6307	0.026667555585186173
7123	0.026667555585186173
10415	0.026667555585186173
7314	0.026700890029667655
3101	0.02670089002966766
1273	0.026700890029667662
10379	0.02670089002966767
2114	0.026767558918630613
4275	0.026834227807593584
9578	0.02706756891896397
13155	0.027467582252741755
13395	0.027467582252741755
