12949	0.01000033334444482
3397	0.01113637612107746
5056	0.011912718293202094
292	0.014303148346818315
5340	0.017536589461522135
2301	0.017736596128411036
9844	0.017736596128411036
6555	0.018369950573559207
7729	0.018672632238154796
336	0.020203345020040762
5980	0.020568688077205948
7021	0.021538058631431187
13131	0.02157139307591267
12945	0.021967728716828047
619	0.026015859973131526
6996	0.027670260583892884
11216	0.027670260583892884
8160	0.02773692947285585
2297	0.028739634471562567
10388	0.029336982807967028
9750	0.029805000862838906
4161	0.03011035419169672
6306	0.03056902142165076
1323	0.030970370587559682
7103	0.031003705032041157
5951	0.031037039476522647
2244	0.031070373921004122
7089	0.03153337845088247
11252	0.032006410030747875
6297	0.03200641003074788
3657	0.03203707281096713
9023	0.032537089478189354
192	0.03263709281163381
10736	0.03270376170059677
2009	0.03304244947393608
4014	0.033205114199950134
1358	0.033973472058686296
6585	0.03404014094764926
435	0.03430381503570795
12414	0.03433714948018943
10379	0.034370483924670917
9631	0.034375497449664436
3937	0.03440381836915239
8946	0.03440381836915239
9890	0.03440381836915239
10568	0.03440381836915239
10614	0.03440381836915239
9711	0.03453715614707832
12063	0.03463348178766036
688	0.03465284432286614
7191	0.03483850197954279
7199	0.03524385864184505
3069	0.03533985447889615
3183	0.03533985447889615
12266	0.03601055086491916
3310	0.036170543926670976
4191	0.036843911976956224
332	0.03691058086591919
10427	0.03717357872890864
3065	0.03754025761820495
3227	0.0376705939283377
12265	0.0376705939283377
118	0.038000260680290124
883	0.0381052775387281
10516	0.038138611983209586
372	0.03817194642769106
2921	0.03817194642769106
3485	0.038238615316654026
4926	0.038238615316654026
7677	0.038238615316654026
8261	0.038238615316654026
5168	0.038371953094579955
10412	0.03867329892704442
1322	0.03881064420136371
1525	0.038940304286427224
1269	0.03904030761987168
5393	0.039170643930004426
1813	0.03930698317572354
1228	0.03933731615241183
6311	0.039337316152411844
1273	0.03937065059689332
1312	0.03937065059689332
7663	0.03937065059689332
12070	0.03966107328528085
2146	0.04008678317168996
4614	0.040317892356839344
9702	0.04037335559560004
11233	0.04038402691294987
6075	0.040440354288093935
6114	0.04064036095498284
12965	0.04067069393167114
1301	0.04067369539946432
4220	0.04067369539946432
7809	0.04067369539946432
10369	0.04067369539946432
290	0.04070702984394581
2743	0.04070702984394581
4154	0.04070702984394581
4958	0.04070702984394581
6407	0.04070702984394581
