12728	0.001700056668555619
2983	0.0029334311143704717
73	0.005033501116703892
3375	0.005033501116703892
5621	0.005200173339111304
5323	0.005500183339444645
8996	0.006666888896296533
1474	0.006700223340778022
4104	0.008300276675889194
2240	0.008366945564852159
3602	0.011633721124037467
6954	0.011633721124037467
7333	0.011633721124037467
9208	0.011633721124037467
1440	0.011667055568518957
9813	0.011767058901963404
1250	0.011933731124370815
12199	0.01333377779259308
13228	0.013333777792593086
5384	0.01490049668322277
6038	0.015033834461148705
7802	0.01633387779592653
10416	0.016667222240741353
3672	0.01666722224074136
5046	0.01693389779659322
11487	0.016967232241074708
5903	0.01816727224240807
413	0.01820060668688956
6249	0.018300610020334014
1430	0.019967332244408154
3961	0.019967332244408154
11569	0.021500716690556344
12225	0.021600720024000798
7699	0.021667388912963763
11443	0.021667388912963763
836	0.021700723357445245
1111	0.021700723357445245
3157	0.021700723357445245
3640	0.021700723357445245
5933	0.021700723357445245
6027	0.021700723357445245
8920	0.021700723357445245
10943	0.021700723357445245
13436	0.021700723357445245
630	0.021700723357445252
7179	0.021734057801926727
9948	0.0218007266908897
744	0.02183406113537118
5486	0.02183406113537118
8971	0.02183406113537118
9812	0.021867395579852657
3009	0.022667422247408253
3193	0.023834127804260145
11704	0.02483416113870462
4702	0.025000833361112036
7863	0.02500083336111204
4996	0.025000833361112043
9649	0.025000833361112047
3757	0.025834194473149105
10679	0.026400880029334307
504	0.026534217807260237
11453	0.026700890029667655
7723	0.026734224474149137
9013	0.0273675789192973
7151	0.027500916697223245
13134	0.02816760558685289
3670	0.02830094336477882
4218	0.02830094336477882
6448	0.02830094336477882
9943	0.02830094336477882
5604	0.028300943364778827
361	0.02833427780926031
2502	0.02833427780926031
10480	0.02833427780926031
2278	0.028367612253741792
2581	0.028367612253741792
3719	0.028367612253741792
5060	0.028367612253741792
11718	0.028367612253741792
6935	0.028400946698223274
6485	0.028467615587186246
2368	0.028534284476149203
19	0.029300976699223304
7454	0.02993433114437147
7619	0.03000100003333444
11715	0.030001000033334446
8792	0.030001000033334453
5102	0.030067668922297404
5010	0.030134337811260382
3962	0.030334344478149276
13443	0.03076769225640855
1219	0.03166772225740858
4008	0.03166772225740858
6946	0.03166772225740858
10877	0.03166772225740858
12471	0.03170105670189006
455	0.031701056701890065
4007	0.031701056701890065
6347	0.031701056701890065
11032	0.031701056701890065
