1242	0.0006000200006666895
10650	0.003900130004333477
5149	0.003933464448814961
7338	0.003933464448814961
4574	0.003966798893296442
12052	0.005200173339111301
8843	0.0060335344511483705
346	0.006066868895629853
3952	0.006066868895629856
10984	0.006500216673889129
4971	0.006733557785259509
5064	0.007233574452481749
1922	0.007266908896963231
6240	0.007266908896963231
6653	0.007266908896963231
13290	0.007266908896963231
13151	0.007266908896963233
2175	0.007500250008333611
2776	0.007666922230741026
6028	0.00896696556551885
9819	0.009266975565852195
3146	0.00933364445481516
6174	0.00933364445481516
7219	0.00933364445481516
7949	0.00933364445481516
8741	0.00933364445481516
11802	0.00933364445481516
6066	0.009366978899296642
12257	0.009366978899296646
4314	0.009400313343778126
9086	0.009400313343778126
6054	0.009433647788259608
10893	0.009433647788259608
773	0.010367012233741126
249	0.010600353345111505
317	0.010600353345111505
4291	0.010600353345111505
11225	0.010600353345111505
586	0.010733691123037434
10589	0.012267075569185638
8884	0.012267075569185642
4992	0.012700423347444915
12191	0.012700423347444915
12565	0.012700423347444915
13460	0.012700423347444915
1880	0.0127337577919264
5924	0.013133771125704193
570	0.013667122237407911
11412	0.013800460015333842
5863	0.013933797793259775
11488	0.013933797793259775
1385	0.013933797793259779
10498	0.013933797793259779
11470	0.013933797793259779
7750	0.01406713557118571
12166	0.014600486682889434
6599	0.014800493349778326
1485	0.015933864462148735
7681	0.015933864462148735
9941	0.015933864462148735
2423	0.01603386779559319
6556	0.01603386779559319
8123	0.01606720224007467
8347	0.01606720224007467
11482	0.01606720224007467
1369	0.016400546684889498
4149	0.016500550018333948
4618	0.016900563352111736
6250	0.017133904463482116
10092	0.017133904463482116
10133	0.017133904463482116
3970	0.017267242241408052
4305	0.017267242241408052
4479	0.017267242241408052
7416	0.017267242241408052
7978	0.017267242241408052
10662	0.017267242241408052
11790	0.017267242241408052
12347	0.017267242241408052
2420	0.017300576685889534
5361	0.017300576685889534
53	0.017400580019333978
10544	0.017733924464148808
11524	0.017867262242074737
12946	0.018033934464482152
8055	0.018133937797926603
7872	0.018500616687222908
7264	0.018800626687556252
13073	0.01893396446548218
1501	0.019233974465815526
3089	0.019233974465815526
13694	0.019233974465815526
6492	0.019333977799259976
3243	0.01936731224374146
2587	0.019367312243741462
4056	0.019367312243741462
4133	0.019367312243741462
4641	0.019367312243741462
5226	0.019367312243741462
5398	0.019367312243741462
