13139	0.0078002600086669455
3658	0.010633687789592988
9595	0.011100370012333736
7860	0.013067102236741226
1227	0.013933797793259779
11636	0.014367145571519045
9708	0.01936731224374146
13115	0.0198673289109637
5297	0.020967365578852634
10487	0.023167438914630488
6142	0.02426747558251942
107	0.024334144471482386
12063	0.024534151138371284
7355	0.026000866695556516
2903	0.02600086669555652
5328	0.02600086669555652
4014	0.026034201140037995
1625	0.027334244474815823
12572	0.027634254475149153
4768	0.02896763225440848
9656	0.028967632254408487
8724	0.029000966698889956
8369	0.029000966698889963
11326	0.02933431114370478
2	0.029334311143704803
10546	0.02940098003266775
10348	0.0314343811460382
4909	0.03226774225807528
6131	0.032334411147038236
9609	0.03266775559185306
4972	0.03270109003633456
8170	0.03280109336977899
7692	0.0339344644821494
4422	0.034134471149038316
1278	0.03426780892696424
2230	0.03426780892696424
8689	0.03516783892796427
9985	0.03600120004000133
12070	0.036034534484482815
11398	0.03730124337477918
11642	0.03733457781926066
12279	0.03733457781926067
3538	0.03746791559718658
10046	0.03753458448614953
5201	0.03763458781959399
6019	0.03763458781959399
9036	0.03763458781959399
9850	0.03763458781959399
2406	0.037634587819594
2301	0.03766792226407546
7381	0.03766792226407549
11338	0.03766792226407549
4337	0.0387679589319644
7593	0.038967965598853294
12620	0.039001300043334776
3990	0.03903463448781626
2274	0.03910130337677923
11290	0.03930131004366812
12172	0.039301310043668124
5901	0.03936797893263107
2156	0.040601353378445955
12414	0.040601353378445955
4244	0.04063468782292742
7925	0.04063468782292744
9625	0.04063468782292745
7149	0.040834694489816324
8161	0.04096803226774226
12224	0.041001366712223736
3056	0.04163472115737191
13241	0.04233474449148304
7933	0.04240141338044601
8052	0.04246808226940897
11705	0.04253475115837195
4548	0.0426347544918164
2549	0.04266808893629787
9742	0.04266808893629787
10448	0.04266808893629788
3228	0.042701423380779355
11743	0.042701423380779376
7023	0.04273475782526083
6553	0.04273475782526084
12997	0.042734757825260844
9594	0.0439681322710757
12125	0.04410147004900163
2435	0.044134804493483115
10530	0.04433481116037201
10466	0.044334811160372016
7690	0.04476815893863129
2104	0.04496816560552018
13063	0.04540151338377946
1214	0.04560152005066836
3908	0.04560152005066836
2319	0.045668188939631316
2547	0.045668188939631316
12518	0.045668188939631316
2572	0.04570152338411282
11634	0.04570152338411282
1234	0.045801526717557245
12385	0.045834861162038734
174	0.046034867828927635
