10575	0.0508021348760678
7927	0.06683600267166097
10583	0.11001437060165103
5082	0.12345940962803553
2032	0.1251261318521097
9155	0.1548155284105902
8984	0.1568157054510513
2265	0.16180550388468906
8690	0.16525517405764145
9098	0.17833927797593246
10385	0.18007311057525766
3923	0.18690623020767355
7718	0.18997299909997006
9554	0.19367312243741464
4222	0.20307740469832833
5363	0.20342818562179496
9002	0.20499568380261507
8450	0.2050175373738769
7530	0.21508828109208994
4136	0.2167290749156522
9226	0.21692785634660508
12242	0.22164072135737864
3165	0.22326262603402272
12463	0.22521832110122741
4373	0.2310081417429633
2128	0.2333296282674306
7869	0.23547161716984777
6262	0.23675159294607484
9029	0.23684011317657083
8961	0.24058505406144529
6157	0.24677489249641651
4473	0.25038659705602234
10396	0.25253015791719263
4189	0.25370845248910745
11587	0.2609666420318805
9701	0.2666532585645832
2874	0.2669077820988683
8873	0.26700744985813907
11258	0.27211944077065675
13160	0.27422976641027397
1292	0.2751311320187819
7051	0.27876878058700055
5500	0.27911923039575126
9798	0.2797060894226018
12153	0.28138949782161066
8800	0.28221977521881714
8722	0.2829425417859526
4155	0.2834418895345565
1203	0.2834427814260475
12553	0.28348648410911353
3472	0.2835635212366611
2140	0.28356430052685144
1236	0.28704078207289185
5567	0.29032004522781757
7715	0.291113641357722
7616	0.3000651861193589
4049	0.30012037190537344
2933	0.3061989468768245
12347	0.30763486430595616
4910	0.30959894761263496
13304	0.3135644108984235
2249	0.31374222841987703
11276	0.321788094162782
3848	0.32343263170087827
8895	0.3235315201699589
3091	0.3301887052868318
6918	0.3304087839717288
11694	0.3305328683754341
2271	0.33255255665712824
6923	0.3335215956473911
8677	0.3382331250506567
5989	0.3402102255136487
13181	0.34025392819671474
7156	0.3417503537743343
3110	0.3435544841461271
6981	0.34740935065728507
840	0.3503654124033788
454	0.3595894668060842
13400	0.36006696321315507
8129	0.36340074100574815
417	0.36359952243670113
6327	0.36684444665435345
4063	0.36685592975730175
5972	0.3725086399201044
5772	0.37684466962722624
9731	0.3769114488877612
8965	0.3835667443095372
4072	0.38380131065684353
2481	0.3847013406578435
8756	0.3867899275572284
13125	0.39240873135013077
4954	0.3951013539916214
2554	0.3956672580278875
13202	0.3965260179798635
10659	0.39723174718978926
11836	0.40016729766131565
12843	0.40016729766131565
8259	0.400311114049398
1369	0.4026124181842851
7694	0.4034019640119553
