5202	0.0033334444481482733
8605	0.006633554451815063
3275	0.006666888896296547
3348	0.006666888896296547
11513	0.0068002266742224725
995	0.0070335677855928634
11491	0.010000333344444813
13493	0.010000333344444825
2932	0.0100336677889263
4459	0.010367012233741119
9145	0.010579822002985392
9623	0.010844731613684794
2328	0.01150038334611154
7670	0.01150038334611154
10552	0.011700390013000432
644	0.012967098903296777
5567	0.01320044001466716
3774	0.013333777792593083
6243	0.013333777792593083
2895	0.013333777792593085
3033	0.013333777792593088
1183	0.013367222608646595
12919	0.014967165572185737
6201	0.01662251729461216
11682	0.016633887796259874
2201	0.016667222240741356
1270	0.01666722224074136
2214	0.01667825939794426
11291	0.01676700260131302
1364	0.01834498162201839
10754	0.01840039038090567
12239	0.018422575066883502
3253	0.019967332244408144
4049	0.020034001133371115
8485	0.02008918691938561
574	0.020834027800926698
223	0.02090003223072876
4906	0.021401154843400015
287	0.021667388912963773
9102	0.02305473839094526
556	0.023133881497276222
3906	0.023300776692556417
4063	0.0233341111370379
275	0.02336678112235848
12502	0.02336744558151939
8698	0.023388855436764274
7704	0.023445151627685245
3690	0.02346700296921827
11502	0.024395182180543144
10664	0.024667488916297206
7051	0.02475170465548406
8450	0.025033832231419972
11456	0.025034167805593522
5273	0.025799972596633927
4610	0.026411694213664426
9127	0.026545031991590355
9386	0.026600886696223205
9037	0.026622850639056974
8347	0.026667555585186166
5354	0.026722741371200665
2476	0.026722741371200683
1727	0.02674481568560646
1485	0.026800893363112102
7296	0.027500916697223238
10544	0.028334277809260303
13102	0.02872291841166166
13081	0.02907822679931025
2425	0.029220065418011143
1410	0.029878034953450504
11460	0.029900996699890003
5398	0.029967665588852953
10680	0.029967665588852953
6421	0.03000100003333444
10498	0.03000100003333444
11761	0.030001000033334443
756	0.030034111504943145
10913	0.03008952026383042
11412	0.030134337811260375
12166	0.030667688922964093
6418	0.030867695589852993
1201	0.03160105336844561
2881	0.031762094410950834
12159	0.032186830976863104
10917	0.03245582433572757
2510	0.03330111003700123
5361	0.03330111003700123
12372	0.03333444448148271
9545	0.03336777892596421
2083	0.033401113370445684
1187	0.03342274173910591
8677	0.0334229647119787
6988	0.03353445114837162
135	0.033756532129666304
1680	0.03425632582401576
12272	0.035092112880908743
4971	0.03600120004000133
6607	0.03636743298355207
4618	0.036578922753389434
3952	0.03666788892963098
6993	0.03666788892963098
