4973	3.3334444481489256e-05
4077	0.0033334444481482716
5187	0.0033334444481482716
12502	0.003333444448148272
7090	0.0033334444481482733
11761	0.003366778892629761
2140	0.0033667788926297613
6418	0.0042334744491483115
5223	0.004966832227740934
7811	0.006400213340444688
147	0.006666888896296545
8750	0.006666888896296545
1815	0.00666688889629655
12372	0.0067002233407780325
4176	0.0075669188972965745
5972	0.007566918897296576
5994	0.007800260008666942
454	0.009633654455148504
4072	0.009633654455148504
3708	0.010000333344444817
901	0.010033667788926306
8892	0.010033667788926306
6923	0.010067002233407788
287	0.011633721124037464
9052	0.0125337511250375
3926	0.013200440014667157
3444	0.013367112237074574
2023	0.014433814460482017
1424	0.015900530017667253
222	0.016633887796259864
12959	0.016667222240741363
2041	0.016700556685222842
2932	0.016733891129704324
4473	0.016733891129704328
7051	0.017367245574852495
12452	0.017633921130704357
2328	0.018200606686889564
7670	0.018200606686889564
2604	0.01830061002033401
10983	0.018333944464815493
3176	0.018333944464815496
10036	0.018333944464815496
7465	0.0183339444648155
12076	0.018367278909296975
995	0.019667322244074796
1639	0.019767325577519243
556	0.019800660022000732
6988	0.019833994466482215
5989	0.019967332244408137
2895	0.019967332244408154
4694	0.020000666688889626
9102	0.020000666688889626
9145	0.020000666688889626
12242	0.020034001133371112
811	0.020034001133371115
1187	0.020034001133371115
1221	0.020034001133371115
2214	0.020034001133371115
2969	0.020034001133371115
3275	0.020034001133371115
3348	0.020034001133371115
11829	0.020034001133371115
7133	0.02006733557785259
2334	0.020067335577852598
5567	0.020167338911297045
9623	0.02080069335644521
2247	0.020867362245408173
13470	0.021634054468482284
6918	0.021734057801926738
8722	0.022667422247408243
11502	0.02270075669188973
2558	0.02306743558118604
8556	0.023134104470148995
4718	0.023267442248074924
6536	0.023267442248074924
9283	0.023267442248074924
9798	0.023267442248074924
542	0.023300776692556414
2476	0.023300776692556414
11464	0.023300776692556414
13493	0.023300776692556414
3690	0.023300776692556417
7067	0.023334111137037903
11234	0.023334111137037903
4528	0.023367445581519385
8485	0.02340078002600087
7589	0.024200806693556447
1164	0.02560085336177872
13081	0.02570085669522318
382	0.025767525584186143
5273	0.025900863362112076
3689	0.026300876695889857
6981	0.026300876695889857
3921	0.026567552251741726
7704	0.02660088669622322
2874	0.02663422114070468
8850	0.02663422114070468
8211	0.026634221140704687
6580	0.02666755558518617
9392	0.026667555585186173
