6954	0.01943398113270441
73	0.029500983366112184
5046	0.030534351145038163
6038	0.03273442448081601
836	0.03606786892896429
6935	0.036101203373445745
7830	0.04273475782526081
6205	0.04360145338177936
3655	0.04436814560485347
1111	0.04583486116203874
12113	0.04593486449548317
11324	0.04830161005366847
2278	0.04913497116570554
11704	0.049268308943631434
3640	0.05046834894496484
10567	0.051101703390112996
3962	0.051101703390113024
12474	0.05276842561418713
2073	0.052801760058668594
7941	0.05413513783792795
13443	0.055068502283409454
4007	0.05600186672889096
5384	0.058935297843261465
13436	0.059168638954631834
11618	0.05923530784359476
12485	0.059235307843594764
1589	0.05930197673255774
4920	0.059401980066002204
8793	0.059435314510483665
5099	0.05986866228874295
11418	0.060735357845261524
3969	0.0625020834027801
7644	0.0625020834027801
2240	0.06256875229174304
4038	0.06276875895863192
5036	0.06276875895863196
444	0.06310210340344675
10590	0.06586886229540984
10240	0.06603553451781724
10943	0.06610220340678022
1250	0.06633554451815057
285	0.0667355578519284
8071	0.06776892563085432
7389	0.06910230341011368
4419	0.0693689789659655
88	0.07220240674689157
1440	0.07246908230274343
7434	0.07260242008066932
4170	0.07263575452515081
4585	0.07283576119203972
12205	0.07433581119370644
5323	0.07463582119403983
10822	0.07480249341644724
12050	0.0755358511950398
3673	0.07563585452848431
7724	0.07573585786192877
6146	0.07586919563985467
7184	0.07590253008433615
7015	0.07593586452881765
12214	0.07596919897329912
2348	0.07606920230674355
11419	0.07606920230674355
13114	0.07606920230674355
11771	0.07630254341811389
10679	0.07710257008566954
10577	0.07806926897563249
4022	0.07823594119803995
3905	0.07900263342111408
110	0.07916930564352145
11686	0.07916930564352145
3375	0.07920264008800296
2094	0.0793359778659289
682	0.07940264675489181
6512	0.07983599453315113
7876	0.08023600786692889
6265	0.08036934564485482
825	0.08046934897829924
7735	0.08073602453415117
6087	0.08080269342311414
12122	0.08223607453581785
13543	0.08276942564752156
10384	0.08570285676189204
145	0.0858028600953365
4104	0.08580286009533653
5278	0.08580286009533653
11793	0.08580286009533653
744	0.08756958565285508
8996	0.087702923430781
278	0.08913630454348481
2038	0.08920297343244776
5106	0.08923630787692921
12082	0.0893363112103737
7179	0.08943631454381809
5306	0.0894696489882996
1193	0.08996966565552184
504	0.09073635787859594
1573	0.09110303676789222
11070	0.09123637454581816
3257	0.09130304343478113
5903	0.09226974232474419
