12729	0.0
10816	3.333444448148232e-05
7735	0.00016667222240741332
3701	0.00020000666688889564
7309	0.00020000666688889564
7893	0.00020000666688889564
9802	0.00020000666688889564
9164	0.000266675555851862
544	0.0003333444448148284
11810	0.0003333444448148284
8138	0.0006000200006666904
3965	0.0006333544451481727
4022	0.0006333544451481727
5425	0.0006333544451481727
5728	0.0006333544451481727
6316	0.0006333544451481727
6436	0.0006333544451481727
6472	0.0006333544451481727
8330	0.0006333544451481727
8995	0.0006333544451481727
11985	0.0006333544451481727
13372	0.0006333544451481727
1968	0.000666688889629655
4266	0.000666688889629655
5235	0.000666688889629655
13554	0.000666688889629655
8344	0.0007000233341111373
6484	0.000800026667555586
6518	0.0008333611120370666
1761	0.0008333611120370683
13059	0.0008333611120370683
487	0.001033367778925964
6904	0.001033367778925964
13713	0.001033367778925964
3661	0.0011667055568518967
4572	0.0011667055568518967
6043	0.0012000400013333756
8171	0.0012333744458148613
4	0.0012667088902963437
6373	0.0014333811127037587
9810	0.0014333811127037587
438	0.001466715557185241
672	0.001466715557185241
862	0.001466715557185241
964	0.001466715557185241
1237	0.001466715557185241
2073	0.001466715557185241
3469	0.001466715557185241
3552	0.001466715557185241
5054	0.001466715557185241
5845	0.001466715557185241
6396	0.001466715557185241
10138	0.001466715557185241
12395	0.001466715557185241
12567	0.001466715557185241
13230	0.001466715557185241
13596	0.001466715557185241
1573	0.0015000500016667234
1800	0.0015000500016667234
1851	0.0015000500016667234
2846	0.0015000500016667234
2975	0.0015000500016667234
3359	0.0015000500016667234
3381	0.0015000500016667234
3463	0.0015000500016667234
3466	0.0015000500016667234
3529	0.0015000500016667234
3535	0.0015000500016667234
4023	0.0015000500016667234
4035	0.0015000500016667234
4225	0.0015000500016667234
4378	0.0015000500016667234
4491	0.0015000500016667234
5133	0.0015000500016667234
5176	0.0015000500016667234
5640	0.0015000500016667234
5686	0.0015000500016667234
6104	0.0015000500016667234
6330	0.0015000500016667234
6664	0.0015000500016667234
6792	0.0015000500016667234
7116	0.0015000500016667234
7305	0.0015000500016667234
7534	0.0015000500016667234
7818	0.0015000500016667234
7941	0.0015000500016667234
7971	0.0015000500016667234
8140	0.0015000500016667234
8388	0.0015000500016667234
8536	0.0015000500016667234
8612	0.0015000500016667234
9329	0.0015000500016667234
9409	0.0015000500016667234
9935	0.0015000500016667234
9987	0.0015000500016667234
10132	0.0015000500016667234
10154	0.0015000500016667234
10235	0.0015000500016667234
10352	0.0015000500016667234
10927	0.0015000500016667234
