3967	0.0420347344911497
5980	0.05853528450948361
1151	0.05860195339844659
2597	0.06156871895729856
6971	0.06520217340578018
4134	0.06830227674255808
10820	0.07013567118903961
11420	0.07526917563918795
7713	0.08166938897963268
2857	0.08183606120204007
2244	0.08193606453548449
1166	0.08503616787226241
79	0.08516950565018833
4179	0.08516950565018833
10427	0.09186972899096636
10972	0.09753658455281841
4947	0.11187039567985597
3301	0.11190373012433748
3936	0.11513717123904127
6996	0.11523717457248574
2230	0.1218373945798193
7314	0.12187072902430082
9581	0.12200406680222672
178	0.12440414680489346
702	0.12860428680956032
20	0.1297709923664122
720	0.13150438347944932
4680	0.1317377245908197
5629	0.13513783792793094
2009	0.13520450681689383
9945	0.1352045068168939
7408	0.1353711790393013
13057	0.13683789459648651
10424	0.1369045634854495
9708	0.13813793793126436
8714	0.1384712823760792
694	0.13853795126504215
9748	0.13860462015400513
9685	0.14143804793493114
12417	0.14150471682389412
3248	0.1435047834927831
6074	0.14853828460948698
8796	0.15013833794459813
723	0.15687189572985766
9011	0.15687189572985769
6314	0.15703856795226506
3223	0.15823860795359843
1235	0.1584719490649688
4909	0.16353878462615418
10370	0.16477215907196907
6407	0.16507216907230238
13139	0.16507216907230243
6275	0.1652055068502283
370	0.16523884129470978
8052	0.16673889129637653
3034	0.16797226574219146
4123	0.16810560352011736
8444	0.1685389512983766
5172	0.1685722857428581
13167	0.17037234574485816
9575	0.1718390613020434
9593	0.1718390613020434
6259	0.1722057401913397
1256	0.17530584352811757
9824	0.17813927130904367
2858	0.17840594686489547
3422	0.18153938464615488
9187	0.18183939464648818
13039	0.18193939797993264
12939	0.1820060668688956
12275	0.1847728257608587
1318	0.18490616353878464
3538	0.18507283576119204
9532	0.18523950798359945
7880	0.18817293909796992
12550	0.18830627687589585
2264	0.18847294909830326
7706	0.18970632354411815
8136	0.19163972132404414
13122	0.1916730557685256
11619	0.19180639354645157
3024	0.19347311577052567
5631	0.19350645021500718
273	0.19537317910597018
7055	0.1969065635521184
7235	0.19847328244274806
2647	0.1984732824427481
12964	0.1984732824427481
3161	0.19937331244374812
1338	0.2002066735557852
13272	0.20167338911297042
1301	0.2018733957798593
2156	0.2018733957798593
3255	0.2018733957798593
3648	0.2019067302243408
13035	0.2019067302243408
13227	0.20354011800393346
4161	0.2046401546718224
4102	0.2051401713390446
9814	0.20520684022800756
