3979	0.0032001066702223406
4093	0.003500116670555692
5916	0.006566885562852103
117	0.0068002266742224725
7011	0.013467115570519012
7103	0.013500450015000508
9011	0.014833827794259815
2462	0.01653388446281543
12267	0.016833894463148768
9588	0.01686722890763027
7285	0.01810060335344511
4960	0.018900630021000706
11336	0.01946731557718591
10548	0.020000666688889623
6259	0.02020067335577851
694	0.02020067335577853
11385	0.02020067335577853
1273	0.021767392246408192
5206	0.023200773359111967
5991	0.023467448914963822
4095	0.023500783359445342
9842	0.026500883362778747
10716	0.02983432781092703
703	0.029867662255408527
9138	0.03000100003333444
8289	0.030001000033334457
12912	0.030101003366778883
1606	0.030134337811260372
7191	0.03016767225574186
5951	0.030167672255741875
8707	0.03016767225574188
6281	0.03016767225574189
9076	0.03016767225574189
680	0.030201006700223344
2743	0.030201006700223357
8896	0.030234341144704812
2335	0.033167772259075294
12377	0.03320110670355678
10685	0.03323444114803827
79	0.03350111670389014
292	0.03350111670389014
6971	0.0335677855928531
10427	0.03370112337077903
6296	0.03513450448348278
1367	0.03650121670722356
1579	0.036534551151705064
35	0.03656788559618654
7871	0.03656788559618654
10861	0.03656788559618654
13100	0.03656788559618654
7123	0.0368345611520384
10551	0.036834561152038404
11420	0.03683456115203841
8714	0.03686789559651989
3967	0.03696789892996434
11675	0.037001233374445816
5013	0.03990133004433481
8272	0.03993466448881631
2441	0.04000133337777925
2875	0.04010133671122368
4108	0.04083469448981634
6061	0.04133471115703856
8958	0.04153471782392747
13099	0.04180139337977931
2058	0.04183472782426083
1426	0.041868062268742304
12056	0.04193473115770528
4760	0.04316810560352012
7631	0.043201440048001596
10409	0.04320144004800161
7772	0.043234774492483086
10545	0.043234774492483086
12281	0.04323477449248311
3101	0.043468115603853455
1181	0.04350145004833496
8271	0.043534784492816433
10516	0.043534784492816433
5340	0.04443481449381646
12109	0.04510150338344611
5408	0.04520150671689059
13129	0.04566818893963136
10907	0.046501550051668394
11543	0.0466682222740758
3973	0.04670155671855728
7713	0.04670155671855729
12462	0.04670155671855733
2244	0.04683489449648322
2412	0.04683489449648322
7021	0.04683489449648322
9776	0.04683489449648322
13035	0.046834894496483245
2955	0.04686822894096471
12964	0.04686822894096472
1301	0.046868228940964735
9733	0.046868228940964735
681	0.04700156671889062
2597	0.047034901163372125
3920	0.048168272275742524
10388	0.04850161672055736
77	0.04853495116503884
