3974	0.038367945598186626
1439	0.052301743391446394
7004	0.05970199006633556
10676	0.06313543784792827
6311	0.06523550785026169
7173	0.07000233341111368
5340	0.07243574785826196
5013	0.07330244341478047
2962	0.07340244674822494
9890	0.07450248341611387
10716	0.07666922230741026
3487	0.07670255675189175
9776	0.0800026667555585
4093	0.08333611120370679
13131	0.08703623454115136
6585	0.09000300010000331
8700	0.09166972232407747
9015	0.0954698489949665
7871	0.09576985899529984
6193	0.09903663455448515
5351	0.10000333344444816
6042	0.10410347011567053
5980	0.10670355678522618
1151	0.10677022567418916
12063	0.10690356345211507
9023	0.10817027234241142
428	0.10997033234441149
2297	0.11000366678889296
9742	0.11003700123337445
1869	0.11140371345711525
2559	0.11167038901296711
7021	0.11343711457048569
9594	0.11367045568185609
3065	0.11653721790726357
10409	0.11667055568518951
3685	0.11683722790759692
6323	0.11993733124437482
12224	0.12137071235707858
8827	0.12200406680222672
9581	0.12510417013900463
4297	0.12603753458448616
12085	0.1266375545851528
6167	0.12667088902963433
10778	0.12667088902963433
9135	0.1267042234741158
2489	0.12687089569652324
1190	0.12810427014233808
11385	0.12910430347678253
839	0.12987099569985666
8982	0.12997099903330112
9889	0.1300043334777826
4958	0.1300376679222641
12356	0.13067102236741227
12266	0.13093769792326412
948	0.1309710323677456
793	0.13160438681289377
12385	0.1316043868128938
6221	0.13163772125737527
4142	0.13307110237007902
8871	0.13323777459248642
12180	0.13327110903696793
9788	0.13337111237041235
7253	0.13340444681489383
10658	0.13343778125937533
7210	0.13493783126104203
4132	0.13663788792959766
4934	0.13663788792959766
6996	0.1367045568185606
8714	0.1367378912630421
9031	0.1367712257075236
9630	0.1371379045968199
723	0.1383046101536718
12229	0.13923797459915332
3730	0.13990466348878294
1695	0.13990466348878297
8634	0.13990466348878297
10419	0.13997133237774592
160	0.1400046668222274
192	0.1400046668222274
683	0.1400046668222274
4179	0.1400046668222274
362	0.14000466682222742
10445	0.1400380012667089
3004	0.14017133904463483
4134	0.14030467682256076
5283	0.1412380412680423
180	0.14163805460182008
1509	0.14223807460248677
7979	0.14327144238141273
8946	0.14333811127037568
9751	0.14333811127037568
372	0.14337144571485716
7677	0.14337144571485716
8973	0.14337144571485716
9122	0.14337144571485716
11245	0.14337144571485716
10656	0.14343811460382014
4123	0.14347144904830164
462	0.14350478349278312
5125	0.1448048268275609
