3315	0.0
7184	0.0
7328	0.0
7401	0.0
7846	0.0
8299	0.0
11704	0.0
12595	0.0
13114	0.0
73	3.333444448147538e-05
4170	3.333444448147538e-05
4585	3.333444448147538e-05
4940	3.333444448147538e-05
8038	3.333444448147538e-05
8793	3.333444448147538e-05
10635	3.333444448147538e-05
11070	3.333444448147538e-05
12294	3.333444448147538e-05
2047	0.00013333777792592927
9546	0.00020000666688888002
7954	0.0004666822227407663
11602	0.001033367778925931
11771	0.0032667755591853365
744	0.0033334444481482595
3308	0.0033334444481482595
8728	0.0033334444481482595
12485	0.0033334444481482595
13543	0.0033334444481482595
4148	0.0033334444481482872
6038	0.0033334444481482872
7070	0.0033334444481482872
7884	0.003366778892629735
9670	0.0037001233374445996
822	0.004966832227740942
9562	0.006600220007333596
4933	0.006633554451815071
836	0.006666888896296547
7116	0.006666888896296547
7876	0.006666888896296547
11419	0.006666888896296547
638	0.006700223340778022
5036	0.006700223340778022
6265	0.006700223340778022
2036	0.006733557785259525
12122	0.006800226674222476
189	0.009966998899963359
2945	0.009966998899963359
7434	0.009966998899963359
3239	0.010000333344444806
3787	0.010000333344444806
12994	0.010000333344444806
7664	0.010000333344444834
1137	0.012533751125037518
1193	0.012600420014000469
8874	0.01303376779225976
8124	0.01323377445914864
682	0.013300443348111618
2073	0.013300443348111618
2240	0.013300443348111618
2906	0.013300443348111618
4745	0.013300443348111618
5041	0.013300443348111618
12113	0.013333777792593093
4119	0.013367112237074541
8694	0.013367112237074541
9531	0.013367112237074541
10577	0.013367112237074541
3480	0.013467115570518995
8223	0.015100503350111677
1589	0.016633887796259877
2348	0.016633887796259877
4920	0.016633887796259877
5046	0.016633887796259877
5099	0.016633887796259877
5306	0.016633887796259877
6954	0.016633887796259877
10567	0.016633887796259877
12189	0.016633887796259877
12474	0.016633887796259877
2490	0.016667222240741353
6090	0.016667222240741353
8580	0.016667222240741353
8925	0.016667222240741353
9039	0.016667222240741353
9530	0.016667222240741353
10851	0.016667222240741353
10925	0.016667222240741353
11302	0.016667222240741353
11853	0.016667222240741353
13134	0.016667222240741353
257	0.01666722224074138
444	0.01666722224074138
825	0.01666722224074138
985	0.01666722224074138
1245	0.01666722224074138
3174	0.01666722224074138
3654	0.01666722224074138
3655	0.01666722224074138
4038	0.01666722224074138
4419	0.01666722224074138
