1136	0.001150439084250489
1235	0.001150439084250489
12072	0.0011837735287319783
11399	0.002454270046401044
177	0.0026460098937761247
709	0.0026460098937761247
1429	0.0026460098937761247
2040	0.0026460098937761247
2167	0.0026460098937761247
2408	0.0026460098937761247
5414	0.0026460098937761247
6000	0.0026460098937761247
7314	0.0026460098937761247
7805	0.0026460098937761247
8908	0.0026460098937761247
10441	0.0026460098937761247
10485	0.0026460098937761247
10617	0.0026460098937761247
11224	0.0026460098937761247
12973	0.0026460098937761247
13113	0.0026460098937761247
3992	0.002679344338257614
6916	0.002679344338257614
7044	0.002679344338257614
7618	0.002679344338257614
7877	0.002679344338257614
8875	0.002679344338257614
10463	0.002679344338257614
10531	0.002679344338257614
12057	0.002779347671702054
269	0.0030126887830724232
11423	0.0032979253748514027
2366	0.004112725450961347
10605	0.004412735451294722
12296	0.00498523603175212
6275	0.005946119897442909
8711	0.005946119897442909
10421	0.005946119897442909
11264	0.0060461232308873765
44	0.006169009560484097
3975	0.006250719024427657
7213	0.008318680479900392
13047	0.00882003297925375
8910	0.009246229901109692
4166	0.009279564345591181
108	0.009312898790072657
7225	0.009312898790072657
7255	0.009312898790072657
8891	0.00931289879007267
7018	0.010967519269854661
121	0.01261300879373944
551	0.01265482992675538
5083	0.01265482992675538
10503	0.01265482992675538
8682	0.012679677682702433
13094	0.01277968101614686
7500	0.014484216876843568
7136	0.01467595672421865
5991	0.015946453241887714
13138	0.015979787686369203
1007	0.01597978768636923
92	0.016021608819385143
2993	0.01606998383884721
10453	0.01629788702688193
1126	0.01648962687425701
2875	0.01648962687425701
7957	0.01648962687425701
9064	0.01648962687425701
12135	0.01648962687425701
68	0.01651730352638221
8777	0.01679075283770084
1314	0.017784326880510352
1150	0.01781766132499184
2019	0.01781766132499184
5206	0.01781766132499184
5311	0.01781766132499184
8743	0.01781766132499184
9453	0.01781766132499184
5464	0.01795099910291777
2122	0.018478707761964332
11369	0.018481364086527428
1152	0.018781374086860776
234	0.01884218065414595
5294	0.019179894356591575
56	0.019279897690035987
2977	0.019279897690035987
12442	0.019279897690035987
491	0.019313232134517477
1104	0.019313232134517477
1367	0.019313232134517477
2264	0.019313232134517477
2283	0.019313232134517477
2710	0.019313232134517477
3077	0.019313232134517477
3263	0.019313232134517477
3457	0.019313232134517477
4460	0.019313232134517477
4938	0.019313232134517477
5339	0.019313232134517477
6099	0.019313232134517477
