1017	6.66688889629655e-05
1635	6.66688889629655e-05
1967	6.66688889629655e-05
2372	6.66688889629655e-05
2830	6.66688889629655e-05
3365	6.66688889629655e-05
3591	6.66688889629655e-05
3715	6.66688889629655e-05
4759	6.66688889629655e-05
5712	6.66688889629655e-05
6657	6.66688889629655e-05
8366	6.66688889629655e-05
8782	6.66688889629655e-05
9234	6.66688889629655e-05
9248	6.66688889629655e-05
10892	6.66688889629655e-05
13250	6.66688889629655e-05
13595	6.66688889629655e-05
12176	0.00010000333344444825
849	0.000133337777925931
2313	0.000133337777925931
1808	0.00016667222240741375
422	0.0002000066668888965
912	0.0002000066668888965
1015	0.0002000066668888965
1098	0.0002000066668888965
1280	0.0002000066668888965
1723	0.0002000066668888965
1838	0.0002000066668888965
2006	0.0002000066668888965
2087	0.0002000066668888965
2102	0.0002000066668888965
2665	0.0002000066668888965
3049	0.0002000066668888965
3152	0.0002000066668888965
3836	0.0002000066668888965
4032	0.0002000066668888965
4775	0.0002000066668888965
4951	0.0002000066668888965
5350	0.0002000066668888965
6055	0.0002000066668888965
7183	0.0002000066668888965
7313	0.0002000066668888965
7786	0.0002000066668888965
7835	0.0002000066668888965
8355	0.0002000066668888965
8376	0.0002000066668888965
8476	0.0002000066668888965
8846	0.0002000066668888965
8911	0.0002000066668888965
8929	0.0002000066668888965
9765	0.0002000066668888965
9838	0.0002000066668888965
10102	0.0002000066668888965
10207	0.0002000066668888965
10306	0.0002000066668888965
10730	0.0002000066668888965
10900	0.0002000066668888965
10992	0.0002000066668888965
11016	0.0002000066668888965
11151	0.0002000066668888965
11633	0.0002000066668888965
11720	0.0002000066668888965
11745	0.0002000066668888965
12281	0.0002000066668888965
12345	0.0002000066668888965
12600	0.0002000066668888965
12612	0.0002000066668888965
13146	0.0002000066668888965
13528	0.0002000066668888965
13559	0.0002000066668888965
13584	0.0002000066668888965
48	0.00023334111137037926
84	0.00023334111137037926
137	0.00023334111137037926
198	0.00023334111137037926
199	0.00023334111137037926
204	0.00023334111137037926
217	0.00023334111137037926
242	0.00023334111137037926
282	0.00023334111137037926
307	0.00023334111137037926
357	0.00023334111137037926
365	0.00023334111137037926
392	0.00023334111137037926
412	0.00023334111137037926
439	0.00023334111137037926
469	0.00023334111137037926
514	0.00023334111137037926
532	0.00023334111137037926
540	0.00023334111137037926
541	0.00023334111137037926
594	0.00023334111137037926
613	0.00023334111137037926
631	0.00023334111137037926
634	0.00023334111137037926
661	0.00023334111137037926
662	0.00023334111137037926
718	0.00023334111137037926
768	0.00023334111137037926
