1750	0.0
7966	0.0
5480	0.00019173984737508136
6546	0.00019173984737508136
609	0.0002300878168500979
1388	0.0002300878168500979
1561	0.0002300878168500979
2013	0.0002300878168500979
2429	0.0002300878168500979
2496	0.0002300878168500979
2713	0.0002300878168500979
3007	0.0002300878168500979
3801	0.0002300878168500979
4710	0.0002300878168500979
4747	0.0002300878168500979
5684	0.0002300878168500979
7386	0.0002300878168500979
7820	0.0002300878168500979
7856	0.0002300878168500979
7991	0.0002300878168500979
8280	0.0002300878168500979
8742	0.0002300878168500979
9831	0.0002300878168500979
9967	0.0002300878168500979
10512	0.0002300878168500979
10894	0.0002300878168500979
10918	0.0002300878168500979
10939	0.0002300878168500979
10975	0.0002300878168500979
10998	0.0002300878168500979
11085	0.0002300878168500979
11092	0.0002300878168500979
11313	0.0002300878168500979
11387	0.0002300878168500979
11557	0.0002300878168500979
11882	0.0002300878168500979
12070	0.0002300878168500979
12133	0.0002300878168500979
12330	0.0002300878168500979
12529	0.0002300878168500979
12860	0.0002300878168500979
13140	0.0002300878168500979
13569	0.0002300878168500979
8876	0.0004985236031752119
1052	0.0005368715726502284
2354	0.0005368715726502284
2447	0.0005368715726502284
2852	0.0005368715726502284
10	0.0009203512674003911
18	0.0009203512674003911
33	0.0009203512674003911
77	0.0009203512674003911
86	0.0009203512674003911
105	0.0009203512674003911
142	0.0009203512674003911
163	0.0009203512674003911
190	0.0009203512674003911
202	0.0009203512674003911
206	0.0009203512674003911
224	0.0009203512674003911
265	0.0009203512674003911
286	0.0009203512674003911
294	0.0009203512674003911
332	0.0009203512674003911
371	0.0009203512674003911
447	0.0009203512674003911
459	0.0009203512674003911
462	0.0009203512674003911
472	0.0009203512674003911
530	0.0009203512674003911
547	0.0009203512674003911
684	0.0009203512674003911
733	0.0009203512674003911
749	0.0009203512674003911
787	0.0009203512674003911
793	0.0009203512674003911
838	0.0009203512674003911
854	0.0009203512674003911
861	0.0009203512674003911
867	0.0009203512674003911
885	0.0009203512674003911
902	0.0009203512674003911
914	0.0009203512674003911
1135	0.0009203512674003911
1136	0.0009203512674003911
1150	0.0009203512674003911
1162	0.0009203512674003911
1235	0.0009203512674003911
1272	0.0009203512674003911
1295	0.0009203512674003911
1298	0.0009203512674003911
1304	0.0009203512674003911
1314	0.0009203512674003911
1322	0.0009203512674003911
1344	0.0009203512674003911
1346	0.0009203512674003911
1371	0.0009203512674003911
1393	0.0009203512674003911
1397	0.0009203512674003911
1407	0.0009203512674003911
