2965	0.0
3909	0.0
1535	3.333444448148232e-05
7923	3.333444448148232e-05
5005	0.001700056668555619
10546	0.001700056668555619
3143	0.0019667322244074845
5442	0.0023667455581852723
160	0.003300110003666791
3814	0.003300110003666791
3967	0.003300110003666791
4614	0.003300110003666791
5980	0.003300110003666791
9786	0.003300110003666791
11420	0.003300110003666791
11675	0.0033334444481482733
1181	0.0033667788926297557
6357	0.0033667788926297557
10534	0.0042001400046668205
9023	0.0048334944498149915
9702	0.00500016667222241
1540	0.005033501116703892
10807	0.005033501116703892
3609	0.006500216673889128
2297	0.006633554451815064
163	0.006700223340778022
370	0.006700223340778022
1362	0.006700223340778022
2412	0.006700223340778022
2489	0.006700223340778022
3108	0.006700223340778022
3485	0.006700223340778022
3538	0.006700223340778022
3651	0.006700223340778022
3937	0.006700223340778022
4926	0.006700223340778022
5201	0.006700223340778022
5297	0.006700223340778022
6019	0.006700223340778022
6110	0.006700223340778022
6167	0.006700223340778022
6261	0.006700223340778022
6306	0.006700223340778022
6314	0.006700223340778022
6532	0.006700223340778022
7381	0.006700223340778022
7470	0.006700223340778022
7677	0.006700223340778022
7899	0.006700223340778022
7973	0.006700223340778022
8047	0.006700223340778022
8228	0.006700223340778022
8261	0.006700223340778022
8862	0.006700223340778022
8946	0.006700223340778022
8982	0.006700223340778022
9036	0.006700223340778022
9118	0.006700223340778022
9135	0.006700223340778022
9776	0.006700223340778022
9850	0.006700223340778022
9890	0.006700223340778022
10454	0.006700223340778022
10568	0.006700223340778022
10614	0.006700223340778022
10778	0.006700223340778022
10782	0.006700223340778022
10888	0.006700223340778022
11245	0.006700223340778022
11338	0.006700223340778022
11517	0.006700223340778022
2955	0.006733557785259504
7126	0.006733557785259504
5168	0.006833561118703958
9711	0.006833561118703958
11229	0.006833561118703958
12081	0.006833561118703958
462	0.006866895563185441
1267	0.006866895563185441
336	0.007500250008333605
8689	0.0075002500083336116
13057	0.008300276675889194
167	0.008300276675889201
6543	0.008333611120370676
12171	0.008366945564852152
8225	0.008366945564852159
12070	0.008366945564852159
8135	0.008800293343111436
3657	0.009066968898963287
6555	0.00933364445481516
2050	0.009833661122037402
10046	0.009833661122037402
12555	0.009833661122037402
7149	0.00990033001100036
290	0.00996699889996333
332	0.00996699889996333
2301	0.00996699889996333
2743	0.00996699889996333
4154	0.00996699889996333
4958	0.00996699889996333
