4505	0.001133371112370411
9150	0.001533384446148204
964	0.0019667322244074793
3535	0.003766792226407545
11754	0.003766792226407545
11759	0.0048668288942964755
862	0.005133504450148334
3469	0.005133504450148334
8142	0.005433514450481682
1279	0.005466848894963171
1445	0.005466848894963171
9769	0.005700190006333544
6399	0.008066935564518818
4113	0.008200273342444747
6029	0.008200273342444747
11413	0.008200273342444747
3471	0.00823360778692623
3676	0.008333611120370668
12453	0.008733624454148459
2074	0.00873362445414847
898	0.008766958898629952
11621	0.00940031334377813
8396	0.009900330011000366
4064	0.010100336677889265
10598	0.010667022234074458
170	0.011233707790259673
7963	0.011233707790259673
10580	0.011233707790259673
154	0.011367045568185607
538	0.011500383346111536
4138	0.011500383346111536
5572	0.011500383346111536
6814	0.011500383346111536
7566	0.011500383346111536
7987	0.011500383346111536
10742	0.011500383346111536
12619	0.011500383346111536
3745	0.01153371779059301
7712	0.011533717790593022
1874	0.011533717790593026
3911	0.011533717790593026
4252	0.011533717790593026
8976	0.011533717790593026
197	0.011700390013000429
2347	0.012100403346778232
4147	0.012100403346778232
12956	0.012133737791259704
5288	0.012533751125037509
726	0.012667088902963438
10462	0.012900430014333813
1638	0.013167105570185666
11141	0.013167105570185666
2233	0.013200440014667155
6998	0.013967132237741259
225	0.014533817793926462
4594	0.01473382446081535
13034	0.01486716223874128
2134	0.014867162238741285
4261	0.014867162238741285
12305	0.015400513350445006
4516	0.0154338477949265
5986	0.0162005400180006
11576	0.016567218907296902
1421	0.016567218907296913
5658	0.016600553351778402
13208	0.016700556685222842
2619	0.01683389446314878
505	0.01703390113003766
4190	0.01713390446348212
6472	0.01763392113070436
4948	0.01770059001966732
11409	0.018067268908963624
6285	0.01806726890896363
8286	0.01816727224240807
280	0.018167272242408074
614	0.018167272242408074
6493	0.018200606686889553
11668	0.018200606686889557
1609	0.01820060668688956
2379	0.018767292243074753
7831	0.019000633354445143
8967	0.019000633354445143
487	0.019300643354778498
1179	0.019500650021667384
2206	0.019533984466148874
9315	0.019533984466148874
8759	0.019833994466482215
4509	0.019867328910963704
10767	0.019867328910963704
11057	0.019867328910963704
11148	0.02043401446714889
12403	0.020600686689556315
11428	0.02070069002300077
4388	0.02106736891229708
1512	0.02116737224574152
8222	0.021267375579185975
5148	0.021534051135037827
7673	0.021767392246408217
13144	0.021767392246408217
5349	0.02193406446881563
