7237	0.004024509397977237
1165	0.004073575982207674
704	0.004152299318057187
2270	0.004765866829657449
7108	0.004899204607583385
1150	0.005916305913907938
4161	0.005916305913907938
9633	0.005916305913907938
1306	0.0067954803156551665
11318	0.006924606067866226
13145	0.006949673692833897
10574	0.006957940512347709
4191	0.007116345915241309
4232	0.007116345915241309
5089	0.007116345915241309
5921	0.007116345915241309
6342	0.007116345915241309
8704	0.007116345915241309
9559	0.007116345915241309
7023	0.007149680359722791
8051	0.007149680359722791
2256	0.007316352582130216
8212	0.007366487832065542
4018	0.007412678222712237
11290	0.007412678222712237
5928	0.007549693693500593
11451	0.007549693693500593
12360	0.007549693693500593
759	0.007579350445119656
4800	0.007579350445119656
8303	0.007579350445119656
12484	0.007579350445119656
13272	0.007579350445119656
11233	0.007644149169099061
13616	0.007712688223045592
7277	0.00777935711200855
597	0.00797936377889745
4637	0.008012698223378932
9708	0.008012698223378932
2012	0.008079367112341897
13140	0.008133447221565868
2331	0.00816598016676868
1598	0.008183849637927433
12133	0.008266784999491798
6915	0.008512714890601167
2225	0.008785362702641145
793	0.00921641591757473
4179	0.009279407113675267
5546	0.009279407113675267
11134	0.009279407113675267
3539	0.009346076002638246
8516	0.009446079336082693
68	0.009450558528223768
12501	0.009512748225045657
1789	0.009646086002971586
8796	0.009646086002971586
5055	0.009679420447453069
5971	0.009679420447453069
579	0.009712754891934551
690	0.009712754891934551
1358	0.009712754891934551
1737	0.009712754891934551
4541	0.009712754891934551
6984	0.009712754891934551
7243	0.009712754891934551
7260	0.009712754891934551
8632	0.009712754891934551
9171	0.009712754891934551
9550	0.009712754891934551
9779	0.009712754891934551
9950	0.009712754891934551
12917	0.009712754891934551
13026	0.009712754891934551
13615	0.009712754891934551
5402	0.009846092669860487
6075	0.009846092669860487
9709	0.009846092669860487
10417	0.009846092669860487
7683	0.010249783696500682
749	0.010283118140982164
1371	0.010283118140982164
5365	0.010283118140982164
6947	0.010287974434059797
9648	0.010346109337082722
224	0.010449790363389583
4631	0.010449790363389583
5464	0.010449790363389583
7442	0.010449790363389583
13285	0.010449790363389583
1654	0.010688254934263817
13119	0.010716465919241448
2052	0.010779457115341992
7867	0.010779457115341992
12979	0.010779457115341992
944	0.010912794893267921
1398	0.010912794893267921
1525	0.010912794893267921
1532	0.010912794893267921
1916	0.010912794893267921
2143	0.010912794893267921
