11471	0.00020000666688889564
6069	0.0003333444448148284
706	0.00036667888929630896
3118	0.000800026667555586
1383	0.0008333611120370666
5879	0.0008333611120370666
7095	0.0008333611120370666
8731	0.0008333611120370666
11763	0.0008333611120370666
13027	0.0008333611120370666
7749	0.0008333611120370683
9026	0.0008333611120370683
5027	0.0008666955565185507
5305	0.0008666955565185507
7624	0.0008666955565185507
9756	0.0008666955565185507
11241	0.0008666955565185507
791	0.0010000333344444817
4037	0.0010000333344444817
7700	0.0010000333344444817
13219	0.0010000333344444817
1436	0.0015000500016667234
12991	0.0015000500016667234
7693	0.0016667222240741367
12450	0.00183339444648155
5160	0.002100070002333412
2274	0.00233341111370379
4692	0.00233341111370379
7085	0.00233341111370379
11242	0.00233341111370379
1188	0.002466748891629721
1206	0.002466748891629721
11648	0.002466748891629721
9416	0.0025000833361112033
2150	0.0025334177805926856
2394	0.0025334177805926856
3119	0.0025334177805926856
5582	0.0025334177805926856
6206	0.0025334177805926856
10832	0.0025334177805926856
2273	0.0033334444481482716
7668	0.0033334444481482716
10931	0.0033334444481482716
809	0.0038667955598519956
3288	0.00416680556018534
3920	0.00416680556018534
4297	0.00416680556018534
7584	0.00416680556018534
9103	0.00416680556018534
11415	0.00416680556018534
12302	0.00416680556018534
2639	0.004200140004666822
6451	0.004200140004666822
7721	0.004200140004666822
9272	0.004200140004666822
9132	0.004205153529660355
7287	0.004700156671889063
8392	0.005300176672555753
1234	0.0056668555618520616
4053	0.0056668555618520616
7037	0.0056668555618520616
4338	0.005800193339777994
4342	0.005800193339777994
4687	0.005800193339777994
5386	0.005800193339777994
9561	0.005800193339777994
11352	0.005800193339777994
13085	0.005800193339777994
734	0.005833527784259477
1378	0.005833527784259477
4226	0.005833527784259477
5244	0.005833527784259477
5265	0.005833527784259477
10613	0.005833527784259477
11521	0.005833527784259477
9932	0.006533551118370613
12060	0.006633554451815059
1330	0.006666888896296543
10698	0.006666888896296543
182	0.0068283903617945094
2313	0.007166905563518784
4951	0.0075002500083336116
439	0.007533584452815094
1586	0.007533584452815094
1712	0.007533584452815094
2279	0.007533584452815094
3258	0.007533584452815094
4286	0.007533584452815094
5454	0.007533584452815094
6337	0.007533584452815094
6471	0.007533584452815094
7079	0.007533584452815094
7602	0.007533584452815094
9144	0.007533584452815094
9917	0.007533584452815094
9997	0.007533584452815094
11114	0.007533584452815094
11468	0.007533584452815094
11558	0.007533584452815094
13522	0.007533584452815094
