7369	0.003366778892629752
7937	0.003366778892629752
9822	0.003366778892629752
1204	0.0033778160498326507
5293	0.003500116670555685
1110	0.006633554451815064
1441	0.006633554451815064
1769	0.006633554451815064
4620	0.006633554451815064
6480	0.006633554451815064
7221	0.006633554451815064
8855	0.006633554451815064
10921	0.006633554451815064
5221	0.006666888896296547
10165	0.006666999267868571
5396	0.0067002233407780255
5722	0.0067002233407780255
8050	0.006767333716029111
8329	0.009833661122037402
6937	0.0098446982792403
10016	0.010000333344444813
12970	0.010000333344444813
13487	0.010000333344444813
6328	0.010033334444481484
2503	0.010033667788926295
6139	0.010033667788926295
9764	0.010033667788926295
9921	0.010033667788926295
10607	0.010033667788926295
13413	0.010033667788926295
6159	0.010167447053140342
1860	0.010300784831066275
233	0.011371127086621954
8774	0.011894765499987123
6963	0.012100403346778227
12505	0.013344814949795981
7779	0.013361481057172362
10176	0.013367112237074569
8675	0.013378149394277464
1904	0.013400557053128079
10834	0.013522524329406295
1891	0.014899832224061871
1438	0.014961313649139479
1281	0.015033834461148705
7024	0.01637681233744581
7679	0.016644814581890745
10852	0.016666999267868576
11353	0.01666722224074136
6015	0.016700556685222842
13319	0.016700556685222842
13629	0.016722408026755856
6076	0.016733668156831537
10001	0.01733402150194304
8791	0.018333944464815493
5482	0.01836705593642419
13221	0.018589136917718886
8258	0.01913397113237108
3016	0.019145008289573974
12578	0.01920075039290607
7188	0.01992262506855022
10647	0.019955407655171554
490	0.019989073214369133
228	0.020034001133371112
8525	0.020034001133371112
11365	0.02133867784444543
6063	0.022089586932719382
12387	0.022167515951758032
8190	0.022575140464548372
2957	0.023167438914630488
9126	0.02320077335911197
2409	0.02327781494611693
9861	0.023322517662517406
10655	0.023322517662517406
12633	0.023322517662517406
2457	0.023355962478570916
10836	0.023355962478570916
6291	0.02335596247857092
8904	0.02335596247857092
7345	0.02336711223707457
9804	0.023367445581519385
5449	0.023378259765849497
171	0.02338940729462443
12350	0.023389519895925182
2561	0.02340055705312808
2930	0.023400890397572895
12592	0.023411594210330976
11343	0.023428260317707356
13347	0.023544931988256912
1725	0.025056019147126535
4733	0.02598938359260805
6564	0.02647207192302174
7252	0.026622296551468097
1774	0.026667555585186173
1822	0.026667555585186173
3266	0.026667555585186173
3743	0.026667555585186173
4262	0.026667555585186173
4470	0.026667555585186173
8238	0.026667555585186173
8569	0.026667555585186173
