11746	6.666888896296463e-05
4335	0.00016667222240741159
4371	0.00016667222240741159
5509	0.00016667222240741159
5688	0.00016667222240741159
6937	0.00016667222240741159
9377	0.00016667222240741159
10172	0.00016667222240741159
12856	0.00016667222240741159
171	0.0003000100003333478
387	0.0003000100003333478
617	0.0003000100003333478
722	0.0003000100003333478
913	0.0003000100003333478
1110	0.0003000100003333478
1438	0.0003000100003333478
1441	0.0003000100003333478
1552	0.0003000100003333478
1769	0.0003000100003333478
2067	0.0003000100003333478
2184	0.0003000100003333478
2248	0.0003000100003333478
2304	0.0003000100003333478
2457	0.0003000100003333478
2478	0.0003000100003333478
3521	0.0003000100003333478
3738	0.0003000100003333478
3771	0.0003000100003333478
4566	0.0003000100003333478
4608	0.0003000100003333478
4620	0.0003000100003333478
4717	0.0003000100003333478
5232	0.0003000100003333478
5260	0.0003000100003333478
5869	0.0003000100003333478
5897	0.0003000100003333478
6149	0.0003000100003333478
6291	0.0003000100003333478
6318	0.0003000100003333478
6480	0.0003000100003333478
6795	0.0003000100003333478
6868	0.0003000100003333478
7221	0.0003000100003333478
7263	0.0003000100003333478
7279	0.0003000100003333478
7526	0.0003000100003333478
8050	0.0003000100003333478
8102	0.0003000100003333478
8413	0.0003000100003333478
8489	0.0003000100003333478
8602	0.0003000100003333478
8855	0.0003000100003333478
8904	0.0003000100003333478
9450	0.0003000100003333478
9861	0.0003000100003333478
9864	0.0003000100003333478
10065	0.0003000100003333478
10093	0.0003000100003333478
10337	0.0003000100003333478
10355	0.0003000100003333478
10655	0.0003000100003333478
10811	0.0003000100003333478
10836	0.0003000100003333478
10852	0.0003000100003333478
10921	0.0003000100003333478
11072	0.0003000100003333478
11088	0.0003000100003333478
11298	0.0003000100003333478
11598	0.0003000100003333478
11610	0.0003000100003333478
11709	0.0003000100003333478
11877	0.0003000100003333478
12015	0.0003000100003333478
12298	0.0003000100003333478
12577	0.0003000100003333478
12633	0.0003000100003333478
13161	0.0003000100003333478
13520	0.0003000100003333478
3289	0.0003333444448148301
5221	0.0003333444448148301
6211	0.0003333444448148301
6881	0.0003333444448148301
13360	0.0003333444448148301
12967	0.0013333777792593066
643	0.00200006666888896
5482	0.00200006666888896
7348	0.00200006666888896
11195	0.00200006666888896
10856	0.00233341111370379
9081	0.0023667455581852723
156	0.0030001000033334432
208	0.0030334344478149255
490	0.0030334344478149255
2620	0.0030334344478149255
5521	0.0030334344478149255
6563	0.0030334344478149255
7169	0.0030334344478149255
8691	0.0030334344478149255
9792	0.0030334344478149255
7188	0.0031667722257408618
