7311	3.333444448148232e-05
9595	3.333444448148232e-05
43	0.0011667055568518915
8859	0.0016333877795926544
3683	0.0016667222240741297
3968	0.0016667222240741297
4443	0.0016667222240741297
1112	0.001700056668555612
2296	0.001700056668555612
3095	0.001700056668555612
3211	0.001700056668555612
4628	0.001700056668555612
6133	0.001700056668555612
6199	0.001700056668555612
7770	0.001700056668555612
7968	0.001700056668555612
8964	0.001700056668555612
10415	0.001700056668555612
10543	0.001700056668555612
10676	0.001700056668555612
12794	0.001700056668555612
13190	0.001700056668555612
7113	0.0017333911130370944
7267	0.0017333911130370944
12495	0.0018333944464815448
7627	0.0018333944464815483
12448	0.0021334044468148856
9570	0.002433414447148237
2433	0.002533417780592677
9042	0.0033334444481482733
13136	0.0033334444481482733
107	0.0033667788926297453
10353	0.0033667788926297453
180	0.0034001133371112276
1418	0.0034001133371112276
8788	0.00343344778159271
12106	0.003466782226074192
12955	0.003800126670889024
5200	0.004133471115703852
6482	0.004166805560185335
34	0.004266808893629783
10536	0.004400146671555718
9617	0.004866828894296477
5129	0.004900163338777953
7332	0.004900163338777953
10775	0.004900163338777953
11632	0.004900163338777953
9821	0.004966832227740928
9581	0.005000166672222403
9668	0.005000166672222403
13154	0.005000166672222403
18	0.005033501116703882
362	0.005033501116703882
1303	0.005033501116703882
6335	0.005033501116703882
8161	0.005033501116703882
12224	0.005033501116703882
3812	0.005033501116703885
12425	0.005033501116703885
12920	0.005033501116703885
8913	0.005033501116703892
2386	0.005066835561185364
12932	0.005166838894629822
2224	0.005833527784259478
8173	0.006333544451481711
7726	0.006666888896296545
1493	0.006666888896296547
5405	0.006666888896296547
8736	0.006700223340778019
5125	0.00670022334077802
2	0.006733557785259501
5047	0.006733557785259501
6279	0.006733557785259501
7355	0.006733557785259501
11539	0.006733557785259501
5122	0.006866895563185437
4027	0.0069002300076669125
3250	0.007033567785592845
55	0.007233574452481744
5044	0.007233574452481744
12139	0.007233574452481744
6193	0.007366912230407686
11463	0.007400246674889161
9548	0.007466915563852126
839	0.008133604453481786
1795	0.00820027334244474
2858	0.00823360778692623
9067	0.008333611120370673
1233	0.008333611120370676
6100	0.008333611120370676
10440	0.008333611120370676
5928	0.00833361112037068
2168	0.008366945564852155
5006	0.008366945564852155
6233	0.008366945564852155
8361	0.008366945564852155
276	0.008366945564852157
712	0.008366945564852157
3695	0.008366945564852157
4332	0.008366945564852157
