7779	0.0015383511668895095
8774	0.0030050667240747488
7024	0.004743755672569246
233	0.006404959318041931
10647	0.008322350990294991
2409	0.008377982722055057
12592	0.008511761986269104
11343	0.008528428093645485
1725	0.010156186923064664
4733	0.01108955136854618
5293	0.011399715553506187
10165	0.01149960851537861
1204	0.01152201617422922
7369	0.01153305333143212
7937	0.01153305333143212
9822	0.01153305333143212
12505	0.011555350618710703
8675	0.011588685063192185
5396	0.011599722220395084
5722	0.011599722220395084
7252	0.011722464327406226
10852	0.011767500388251518
13629	0.011822909147138797
2357	0.01185624359162028
5358	0.01185624359162028
7728	0.013333777792593086
12190	0.013333777792593086
5482	0.01346755705680713
7310	0.01428965803876852
8329	0.01473316000165446
1814	0.014899832224061871
10016	0.014899832224061871
12970	0.014899832224061871
13487	0.014899832224061871
2503	0.014933166668543354
6139	0.014933166668543354
9764	0.014933166668543354
9921	0.014933166668543354
10607	0.014933166668543354
13413	0.014933166668543354
7188	0.015023126188933162
6159	0.0150669459327574
1860	0.015200283710683334
8870	0.017122644333406427
3016	0.0173555439584887
1904	0.018233166300638117
10176	0.018266611116691627
2678	0.018356018779221286
10834	0.018422023209023353
6291	0.01845646359895386
8904	0.01845646359895386
171	0.01848990841500737
3429	0.018523132487916823
2925	0.018989373224369457
13499	0.020217780949443022
6441	0.02085610211533249
1110	0.021533386675876936
1441	0.021533386675876936
1769	0.021533386675876936
4620	0.021533386675876936
6480	0.021533386675876936
7221	0.021533386675876936
8855	0.021533386675876936
10921	0.021533386675876936
7679	0.021544313461507803
5221	0.021566721120358418
6015	0.021600055564839897
13319	0.021600055564839897
6076	0.021633167036448596
8050	0.021667165940090983
7666	0.021667388912963766
12683	0.021667388912963766
3712	0.021801168177177813
4196	0.02185668730763712
10001	0.022166630749453076
4090	0.023172405635371793
8791	0.02323344334443255
2656	0.023506853795906908
6063	0.023544603103269546
12578	0.02403335964041611
8258	0.024033470011988137
6937	0.02474453050330217
6328	0.02486649777958039
7507	0.024878091254100888
9587	0.024922462855785275
228	0.02493350001298817
8525	0.02493350001298817
4661	0.025178538281264894
5387	0.02519002138421337
13029	0.02519002138421337
4159	0.025245207170227858
729	0.02666755558518617
12387	0.02700012519926807
6963	0.0270002355708401
9126	0.02810027223872903
4031	0.028222572859452063
2930	0.028233499645082934
7345	0.02826661111669163
9804	0.028266944461136444
5449	0.028277758645466555
