12727	3.333444448148405e-05
10242	6.666888896296637e-05
1733	0.0003333444448148284
3030	0.0003333444448148284
3739	0.0003333444448148284
4697	0.0003333444448148284
6564	0.0003333444448148284
8315	0.0003333444448148284
8635	0.0003333444448148284
12219	0.0003333444448148284
13093	0.0003333444448148284
140	0.00036667888929630896
6634	0.00036667888929630896
7426	0.00050001666722224
8870	0.000766692223074102
1897	0.0008333611120370683
6232	0.000933364445481517
6639	0.001033367778925964
5237	0.0010667022234074463
3016	0.0011333711123704127
12381	0.0011333711123704127
8469	0.001166705556851895
11750	0.001166705556851895
13652	0.001166705556851895
1222	0.0012000400013333773
266	0.001300043334777826
1026	0.001300043334777826
1570	0.001300043334777826
1616	0.001300043334777826
1824	0.001300043334777826
1904	0.001300043334777826
1987	0.001300043334777826
2561	0.001300043334777826
2778	0.001300043334777826
2788	0.001300043334777826
2789	0.001300043334777826
3696	0.001300043334777826
3972	0.001300043334777826
4122	0.001300043334777826
4873	0.001300043334777826
4876	0.001300043334777826
5008	0.001300043334777826
5262	0.001300043334777826
5362	0.001300043334777826
5602	0.001300043334777826
5674	0.001300043334777826
5676	0.001300043334777826
6009	0.001300043334777826
6140	0.001300043334777826
6220	0.001300043334777826
6252	0.001300043334777826
6268	0.001300043334777826
6271	0.001300043334777826
6313	0.001300043334777826
6709	0.001300043334777826
6806	0.001300043334777826
7052	0.001300043334777826
7081	0.001300043334777826
7345	0.001300043334777826
7459	0.001300043334777826
7463	0.001300043334777826
7773	0.001300043334777826
8021	0.001300043334777826
8594	0.001300043334777826
8615	0.001300043334777826
9000	0.001300043334777826
9443	0.001300043334777826
10129	0.001300043334777826
10176	0.001300043334777826
10319	0.001300043334777826
10513	0.001300043334777826
10725	0.001300043334777826
10876	0.001300043334777826
11002	0.001300043334777826
11008	0.001300043334777826
11182	0.001300043334777826
11372	0.001300043334777826
11397	0.001300043334777826
11434	0.001300043334777826
11773	0.001300043334777826
11996	0.001300043334777826
12023	0.001300043334777826
12046	0.001300043334777826
12483	0.001300043334777826
13075	0.001300043334777826
13300	0.001300043334777826
13688	0.001300043334777826
2691	0.0013333777792593083
7679	0.0013333777792593083
9341	0.0013333777792593083
12594	0.0013333777792593083
6754	0.0015000500016667216
2612	0.001566718890629688
12697	0.0016667222240741367
13275	0.0018000600020000677
771	0.0020000666688889633
1115	0.0020000666688889633
1163	0.0020000666688889633
1211	0.0020000666688889633
2678	0.0020000666688889633
