1290	0.0
5424	0.0
9314	0.0
9461	0.0
11563	0.0
3510	0.00010000333344444869
37	0.00016667222240741332
3687	0.00016667222240741332
4231	0.00016667222240741332
4256	0.00016667222240741332
5549	0.00033334444481482664
5723	0.0006333544451481714
8099	0.0007333577785926196
5246	0.0008666955565185507
7142	0.0008666955565185507
7287	0.0008666955565185507
2865	0.0010000333344444817
529	0.0010333677789259644
885	0.0010333677789259644
1308	0.0010333677789259644
1977	0.0010333677789259644
2212	0.0010333677789259644
2352	0.0010333677789259644
3018	0.0010333677789259644
3020	0.0010333677789259644
3042	0.0010333677789259644
3170	0.0010333677789259644
3693	0.0010333677789259644
4499	0.0010333677789259644
5006	0.0010333677789259644
5047	0.0010333677789259644
5714	0.0010333677789259644
6183	0.0010333677789259644
6406	0.0010333677789259644
7956	0.0010333677789259644
8731	0.0010333677789259644
9026	0.0010333677789259644
9821	0.0010333677789259644
10207	0.0010333677789259644
10208	0.0010333677789259644
12527	0.0010333677789259644
13306	0.0010333677789259644
13438	0.0010333677789259644
1915	0.0016333877795926526
9313	0.0016667222240741358
1521	0.0023000766692223076
2144	0.0023000766692223076
2171	0.0023000766692223076
10674	0.0023000766692223076
11843	0.0023000766692223076
5957	0.00233341111370379
3155	0.0031667722257408583
6186	0.0031667722257408583
6722	0.0031667722257408583
7110	0.0031667722257408583
13352	0.0034667822260742017
2492	0.003900130004333478
2988	0.003900130004333478
4829	0.003900130004333478
6382	0.003900130004333478
7012	0.003900130004333478
7415	0.003900130004333478
7632	0.003900130004333478
9063	0.003900130004333478
11907	0.003900130004333478
12409	0.003900130004333478
13345	0.003900130004333478
7899	0.004166805560185338
4018	0.004300143338111271
6582	0.004300143338111271
1	0.004333477782592753
3	0.004333477782592753
4	0.004333477782592753
5	0.004333477782592753
6	0.004333477782592753
7	0.004333477782592753
9	0.004333477782592753
10	0.004333477782592753
12	0.004333477782592753
13	0.004333477782592753
14	0.004333477782592753
15	0.004333477782592753
16	0.004333477782592753
17	0.004333477782592753
18	0.004333477782592753
19	0.004333477782592753
21	0.004333477782592753
22	0.004333477782592753
23	0.004333477782592753
24	0.004333477782592753
27	0.004333477782592753
29	0.004333477782592753
31	0.004333477782592753
32	0.004333477782592753
33	0.004333477782592753
36	0.004333477782592753
38	0.004333477782592753
40	0.004333477782592753
41	0.004333477782592753
42	0.004333477782592753
