11153	0.0002000066668888965
979	0.00023334111137037882
5366	0.00023334111137037882
13042	0.00023334111137037882
13488	0.00023334111137037882
165	0.00026667555585186114
228	0.00026667555585186114
230	0.00026667555585186114
334	0.00026667555585186114
523	0.00026667555585186114
874	0.00026667555585186114
957	0.00026667555585186114
1374	0.00026667555585186114
1701	0.00026667555585186114
1776	0.00026667555585186114
1910	0.00026667555585186114
1921	0.00026667555585186114
2289	0.00026667555585186114
2672	0.00026667555585186114
3393	0.00026667555585186114
3876	0.00026667555585186114
3897	0.00026667555585186114
4131	0.00026667555585186114
4630	0.00026667555585186114
4884	0.00026667555585186114
5814	0.00026667555585186114
6226	0.00026667555585186114
6272	0.00026667555585186114
6605	0.00026667555585186114
6645	0.00026667555585186114
6875	0.00026667555585186114
7511	0.00026667555585186114
7691	0.00026667555585186114
7743	0.00026667555585186114
8207	0.00026667555585186114
8216	0.00026667555585186114
8237	0.00026667555585186114
8254	0.00026667555585186114
8338	0.00026667555585186114
8423	0.00026667555585186114
8484	0.00026667555585186114
8525	0.00026667555585186114
8603	0.00026667555585186114
8619	0.00026667555585186114
8623	0.00026667555585186114
8768	0.00026667555585186114
9007	0.00026667555585186114
9032	0.00026667555585186114
9426	0.00026667555585186114
9829	0.00026667555585186114
10324	0.00026667555585186114
10554	0.00026667555585186114
10677	0.00026667555585186114
10938	0.00026667555585186114
11554	0.00026667555585186114
11940	0.00026667555585186114
12520	0.00026667555585186114
12605	0.00026667555585186114
12716	0.00026667555585186114
12781	0.00026667555585186114
13351	0.00026667555585186114
13499	0.00026667555585186114
13541	0.00026667555585186114
13586	0.00026667555585186114
13607	0.00026667555585186114
13659	0.00026667555585186114
13732	0.00026667555585186114
3203	0.0006000200006666895
6441	0.0006000200006666895
7003	0.0006000200006666895
12578	0.0006000200006666895
8258	0.000633354445148171
6600	0.0007000233341111365
5530	0.0008000266675555852
10591	0.0014000466682222755
1650	0.0014333811127037578
2759	0.0014333811127037578
4577	0.0014333811127037578
7728	0.0014333811127037578
7935	0.0014333811127037578
8162	0.0014333811127037578
8791	0.0014333811127037578
10569	0.0014333811127037578
12190	0.0014333811127037578
12241	0.0014333811127037578
11205	0.0016333877795926526
7428	0.0017333911130371013
13148	0.0017333911130371013
8563	0.0017667255575185845
1313	0.001933397779925997
7989	0.001933397779925997
8721	0.001933397779925997
12260	0.001933397779925997
12842	0.001933397779925997
2255	0.0022667422247408245
9956	0.0022667422247408245
10911	0.0023667455581852723
12387	0.0023667455581852723
2925	0.002466748891629722
10001	0.002466748891629722
