1005	6.66688889629655e-05
2632	6.66688889629655e-05
3327	6.66688889629655e-05
4971	6.66688889629655e-05
7051	6.66688889629655e-05
7249	6.66688889629655e-05
9974	6.66688889629655e-05
12452	6.66688889629655e-05
6594	0.00010000333344444869
141	0.000133337777925931
8076	0.000133337777925931
12068	0.0001666722224074142
9467	0.0002000066668888965
3053	0.00023334111137037882
3426	0.0002333411113703797
3736	0.0002333411113703797
776	0.00026667555585186114
2651	0.00026667555585186114
7275	0.00026667555585186114
13456	0.00026667555585186114
1294	0.0003000100003333443
12674	0.00040001333377779214
12953	0.000400013333777793
13358	0.0004333477782592753
1108	0.00050001666722224
12883	0.00050001666722224
11379	0.0005333511117037231
10284	0.0005666855561852055
13416	0.0005666855561852055
659	0.0006000200006666886
2057	0.0006000200006666886
2179	0.0006000200006666886
3341	0.0006000200006666886
3807	0.0006000200006666886
5525	0.0006000200006666886
7750	0.0006000200006666886
9643	0.0006000200006666886
10280	0.0006000200006666886
13068	0.0006000200006666886
13301	0.0006000200006666886
3774	0.0006000200006666895
4233	0.0006000200006666895
4280	0.0006000200006666895
4347	0.0006000200006666895
8483	0.0006000200006666895
9127	0.0006000200006666895
11723	0.0006000200006666895
7300	0.0007333577785926196
63	0.0007333577785926205
222	0.0007333577785926205
275	0.0007333577785926205
381	0.0007333577785926205
483	0.0007333577785926205
569	0.0007333577785926205
586	0.0007333577785926205
601	0.0007333577785926205
658	0.0007333577785926205
767	0.0007333577785926205
976	0.0007333577785926205
1036	0.0007333577785926205
1183	0.0007333577785926205
1205	0.0007333577785926205
1242	0.0007333577785926205
1381	0.0007333577785926205
1385	0.0007333577785926205
1396	0.0007333577785926205
1443	0.0007333577785926205
1451	0.0007333577785926205
1460	0.0007333577785926205
1473	0.0007333577785926205
1504	0.0007333577785926205
1757	0.0007333577785926205
1768	0.0007333577785926205
2041	0.0007333577785926205
2493	0.0007333577785926205
2689	0.0007333577785926205
2959	0.0007333577785926205
3373	0.0007333577785926205
3737	0.0007333577785926205
3932	0.0007333577785926205
4010	0.0007333577785926205
4451	0.0007333577785926205
4511	0.0007333577785926205
4523	0.0007333577785926205
4973	0.0007333577785926205
5100	0.0007333577785926205
5190	0.0007333577785926205
5193	0.0007333577785926205
5218	0.0007333577785926205
5255	0.0007333577785926205
5256	0.0007333577785926205
5410	0.0007333577785926205
5772	0.0007333577785926205
5789	0.0007333577785926205
5824	0.0007333577785926205
6011	0.0007333577785926205
6191	0.0007333577785926205
6432	0.0007333577785926205
6601	0.0007333577785926205
6602	0.0007333577785926205
