7	0.04296809893663124
4509	0.048168272275742524
2923	0.07980266008866962
2398	0.07980266008866965
3969	0.08010267008900299
9624	0.08016933897796594
11324	0.08266942231407716
11418	0.08850295009833663
2458	0.08860295343178107
497	0.09023634121137372
487	0.09933664455481848
12389	0.09983666122204074
2079	0.10337011233707791
5572	0.11320377345911528
3194	0.11397046568218938
4696	0.11647054901830059
1458	0.11650388346278209
12485	0.11733724457481917
2642	0.11980399346644888
5099	0.12123737457915265
2342	0.12333744458148606
7200	0.123404113470449
2490	0.123470782359412
6316	0.12433747791593053
10982	0.12513750458348613
278	0.12840428014267144
7403	0.12910430347678253
11902	0.12980432681089368
12852	0.13273775792526415
7397	0.13317110570352345
836	0.13343778125937533
9221	0.13487116237207905
4290	0.1351045034834495
7788	0.1365045501516717
419	0.13650455015167173
922	0.13650455015167173
12113	0.13667122237407917
9774	0.13977132571085701
7908	0.13983799459982
11419	0.14010467015567188
11492	0.14317143904796825
10608	0.14533817793926462
3217	0.14647154905163504
4769	0.14647154905163506
4038	0.14673822460748692
10460	0.14703823460782026
10356	0.14870495683189439
402	0.14900496683222775
12679	0.15313843794793158
543	0.15317177239241306
1811	0.15320510683689456
5176	0.15350511683722792
2226	0.1540718023934131
3013	0.1548718290609687
12258	0.1549051635054502
8086	0.15630521017367247
739	0.15647188239607984
173	0.15667188906296875
13054	0.15677189239641326
6448	0.15680522684089468
708	0.1584719490649688
10372	0.1584719490649688
2526	0.16013867128904294
12384	0.16013867128904297
12198	0.16653888462948765
10281	0.1684056135204507
8967	0.16937231241041367
2777	0.16980566018867294
10145	0.16980566018867294
7723	0.17183906130204338
408	0.17310577019233975
3620	0.17310577019233975
6087	0.1751391713057102
11292	0.17687256241874733
414	0.17990599686656222
10670	0.18013933797793258
4190	0.18090603020100673
1133	0.18247274909163635
5224	0.1851728390946365
2202	0.1865062168738958
13088	0.1865062168738958
13030	0.18703956798559954
6411	0.1897396579885996
555	0.18983966132204405
12394	0.1901396713223774
12117	0.19023967465582187
2936	0.19053968465615523
8729	0.1915397179905997
7590	0.19520650688356278
13698	0.19647321577385912
13247	0.19657321910730355
7724	0.19667322244074806
2756	0.19677322577419246
1250	0.1970732357745258
2877	0.19853995133171104
10013	0.20104003466782228
9802	0.20184006133537782
5159	0.20314010467015564
9134	0.203440114670489
6048	0.2034734491149705
