22	0.0
325	0.0
630	0.0
1245	0.0
1839	0.0
3122	0.0
3157	0.0
3189	0.0
4224	0.0
4501	0.0
8994	0.0
9243	0.0
9498	0.0
10598	0.0
10693	0.0
10764	0.0
11443	0.0
12969	0.0
2398	3.333444448148232e-05
1305	6.66688889629577e-05
2928	0.0016667222240741297
3672	0.0016667222240741297
4340	0.001700056668555612
6535	0.001700056668555612
3174	0.0018667288909630306
9115	0.0018667288909630306
9167	0.003300110003666791
4457	0.0033334444481482733
9687	0.0033334444481482733
5176	0.004433481116037197
11319	0.004633487782926098
2099	0.005033501116703885
12230	0.005033501116703885
7084	0.009966998899963338
5105	0.010400346678222601
73	0.010800360012000403
2299	0.011700390013000432
1133	0.012633754458481944
5270	0.013233774459148643
7382	0.015000500016667216
11436	0.015000500016667216
7724	0.015900530017667253
6396	0.016633887796259877
1511	0.016667222240741353
8967	0.016667222240741353
11386	0.016667222240741353
12225	0.016667222240741353
12293	0.016667222240741353
1170	0.016700556685222835
8840	0.016700556685222835
4419	0.016733891129704317
186	0.018367278909296972
9546	0.018367278909296972
10262	0.018400613353778454
6341	0.019133971132371082
7963	0.020867362245408173
3656	0.021667388912963756
2343	0.02216740558018601
4524	0.022467415580519352
12199	0.022467415580519352
7039	0.023334111137037906
11095	0.023334111137037906
3249	0.023367445581519382
3381	0.023367445581519382
4376	0.023367445581519382
5961	0.023367445581519382
10737	0.023367445581519382
11376	0.023367445581519382
12258	0.023367445581519382
2533	0.02503416780559352
10177	0.025067502250075
13014	0.026534217807260237
13088	0.026667555585186166
2170	0.026667555585186176
12677	0.026667555585186176
3919	0.026700890029667655
13173	0.028334277809260303
625	0.03000100003333445
964	0.03000100003333445
1333	0.03000100003333445
8938	0.03000100003333445
2369	0.03170105670189006
0	0.03330111003700124
2	0.03330111003700124
4	0.03330111003700124
5	0.03330111003700124
7	0.03330111003700124
8	0.03330111003700124
9	0.03330111003700124
10	0.03330111003700124
11	0.03330111003700124
13	0.03330111003700124
14	0.03330111003700124
15	0.03330111003700124
16	0.03330111003700124
17	0.03330111003700124
18	0.03330111003700124
19	0.03330111003700124
20	0.03330111003700124
23	0.03330111003700124
