1308	0.0
9026	3.333444448148232e-05
37	0.0008666955565185511
8099	0.001766725557518584
4018	0.003266775559185306
213	0.003300110003666789
254	0.003300110003666789
351	0.003300110003666789
386	0.003300110003666789
422	0.003300110003666789
547	0.003300110003666789
565	0.003300110003666789
897	0.003300110003666789
1356	0.003300110003666789
1508	0.003300110003666789
1621	0.003300110003666789
1660	0.003300110003666789
1819	0.003300110003666789
1865	0.003300110003666789
2192	0.003300110003666789
2270	0.003300110003666789
2354	0.003300110003666789
2396	0.003300110003666789
2411	0.003300110003666789
2459	0.003300110003666789
2477	0.003300110003666789
2954	0.003300110003666789
3108	0.003300110003666789
3281	0.003300110003666789
3297	0.003300110003666789
3428	0.003300110003666789
3464	0.003300110003666789
3485	0.003300110003666789
3665	0.003300110003666789
3704	0.003300110003666789
3834	0.003300110003666789
3915	0.003300110003666789
3991	0.003300110003666789
4004	0.003300110003666789
4137	0.003300110003666789
4240	0.003300110003666789
4348	0.003300110003666789
4705	0.003300110003666789
4926	0.003300110003666789
5012	0.003300110003666789
5022	0.003300110003666789
5184	0.003300110003666789
5318	0.003300110003666789
5332	0.003300110003666789
5342	0.003300110003666789
5351	0.003300110003666789
5675	0.003300110003666789
5838	0.003300110003666789
6119	0.003300110003666789
6192	0.003300110003666789
6207	0.003300110003666789
6261	0.003300110003666789
6306	0.003300110003666789
6321	0.003300110003666789
6443	0.003300110003666789
6499	0.003300110003666789
6528	0.003300110003666789
6532	0.003300110003666789
6879	0.003300110003666789
6990	0.003300110003666789
7053	0.003300110003666789
7089	0.003300110003666789
7126	0.003300110003666789
7259	0.003300110003666789
7282	0.003300110003666789
7470	0.003300110003666789
7586	0.003300110003666789
7623	0.003300110003666789
7672	0.003300110003666789
7804	0.003300110003666789
7992	0.003300110003666789
8024	0.003300110003666789
8228	0.003300110003666789
8261	0.003300110003666789
8581	0.003300110003666789
8805	0.003300110003666789
8828	0.003300110003666789
8846	0.003300110003666789
8862	0.003300110003666789
8898	0.003300110003666789
8921	0.003300110003666789
8981	0.003300110003666789
9118	0.003300110003666789
9254	0.003300110003666789
9260	0.003300110003666789
9325	0.003300110003666789
9614	0.003300110003666789
9631	0.003300110003666789
9641	0.003300110003666789
9682	0.003300110003666789
9711	0.003300110003666789
10023	0.003300110003666789
10111	0.003300110003666789
10162	0.003300110003666789
10345	0.003300110003666789
