9712	2.720040184629942
10340	2.91505430832875
11332	3.195552465609955
741	3.27492756434255
2016	3.4639024311516495
11426	3.4812332700484596
8672	3.4929833297183563
13103	3.548336887652236
5051	3.6748757989311542
2172	3.6961806123595755
4964	3.7112751283853957
7882	3.725129418847704
8	3.732598721709963
13357	3.7435106946240952
76	3.745425173524927
134	3.751626097921056
10376	3.766508223906978
9540	3.7791562125767415
5911	3.7997723330299946
12108	3.821161663212588
4903	3.8720697537343076
4071	3.8828175216058862
69	3.895508227171435
12923	3.9151798221371568
12980	3.9402985571335165
700	3.9463475886495996
8712	3.9645145138377424
28	3.9685329731245425
10364	4.0171679289302595
5937	4.101485772204773
9713	4.17927561879443
1116	4.211311599973724
4914	4.223232966392292
8097	4.250183471439402
10452	4.252351308245517
12053	4.276985692779722
8794	4.281287732390024
7594	4.325421580063808
0	4.362370149212365
1131	4.376370754702886
8685	4.377742630772111
12961	4.432501780381638
2045	4.4483968130303175
1239	4.457910272246249
5943	4.458044713711974
45	4.462789969926397
13025	4.493030941675726
7575	4.49958954690576
10389	4.507199205981312
11236	4.522212050839955
3094	4.527424805466667
754	4.555047628513254
12051	4.589460317641213
5958	4.605102828721036
415	4.612701161526011
3935	4.6454620733755965
7092	4.678114733435457
7091	4.678874896049699
5061	4.699601463065456
2022	4.701025987859877
5183	4.702244488998601
8670	4.712787842385511
85	4.721798660954068
3924	4.735131729030785
7574	4.73567880739745
11254	4.793638272929752
13284	4.805898252790765
10359	4.823777819848192
5045	4.828901521357196
4005	4.845108596747734
10441	4.915980287817371
6010	4.96375357063111
8877	4.965093993418397
5973	4.989465320238126
9538	5.020007891569536
8770	5.054830434684477
151	5.065724446827261
2142	5.070519013900201
4979	5.076300492172563
7044	5.08331915227169
7810	5.088710181645872
13002	5.091957350015536
2015	5.14812603955127
10671	5.170391611417052
2853	5.1704927880847045
5231	5.190296575571368
6955	5.191550141802337
12048	5.21302309795877
8882	5.225914755131655
4974	5.2317388079131675
8875	5.255049059608471
12941	5.265236518394653
7702	5.280468955917452
9008	5.28220907091527
9710	5.290050226314028
3671	5.2968171185437685
710	5.30624991380034
12916	5.309478835135258
6958	5.314456347370474
2883	5.340995716653902
