13248	0.3240116010682396
3034	0.34899124142257854
2878	0.37859802123939423
6264	0.3887108314878108
12135	0.4115718331504524
269	0.4162326090589882
805	0.41911824271710574
2408	0.4191660401733587
12581	0.42109943795328464
10667	0.45195846364862513
6916	0.4525004846548414
7634	0.4527138624015461
10363	0.4534338491003228
7880	0.46963438911832345
9604	0.48266815691058307
11619	0.48753498580487964
5004	0.48840168136139817
5908	0.4899350658075464
720	0.4918937034928921
3223	0.49376852692291684
12489	0.4990353691509912
8725	0.5019021313763987
10370	0.5025688202660284
1154	0.5035021847115099
8072	0.5051022380466211
286	0.514902564724177
1126	0.5151359058355474
12129	0.5152025747245104
9008	0.5172169842495029
12417	0.5191027047288438
13549	0.5192877849345806
7706	0.5219956405406185
3643	0.5243094172256806
12442	0.5254971249520295
715	0.5284030147391775
7146	0.5325306927376223
12550	0.5327364925217702
8955	0.5451369058688817
4047	0.5451702403133634
6314	0.5470369692043263
9753	0.5513536825533447
9685	0.5529038314330673
5231	0.5533640016416304
702	0.5559372658808822
11269	0.5586373558838823
20	0.5605707536638083
7736	0.561433345997761
8872	0.5636708570005862
1176	0.5640042014454009
2934	0.5659042647808455
2009	0.5685376858948826
177	0.5700710703410309
2989	0.5700710703410309
816	0.5708710970085864
7581	0.5715598268725445
12996	0.573410561108051
1186	0.5751379059022163
6275	0.5758379292363274
5980	0.5759712670142534
13138	0.5777713270162534
1318	0.5791047047955127
4123	0.5812331017282871
13293	0.5820048014654017
4978	0.5856931972727855
2857	0.5859049314697352
12228	0.5860716036921425
6974	0.5880658772437726
13039	0.589205041473402
4316	0.5892717103623649
1151	0.5925051514770687
6913	0.5925148601764126
719	0.5933385125891059
1366	0.5985720203726986
13344	0.5986995650333656
5629	0.5992053748178467
2869	0.6005306580580443
12939	0.6023388125991062
12072	0.6030721703776988
10485	0.603572187044921
13057	0.6041722070455877
11267	0.6043722137124765
72	0.6065482272432091
1166	0.608539019272662
4907	0.6099390659408842
4081	0.6117057914984028
2264	0.6126058214994029
10346	0.6144726849037226
10972	0.6149392326131066
10502	0.615438848000987
9814	0.6159726003920326
8711	0.6167059581706251
9030	0.6185393526171068
834	0.6192393759512179
6227	0.6192393759512179
3688	0.6206727570639216
3248	0.6241728737344774
94	0.6254762572958893
4974	0.6258456422774232
11277	0.6282672172884407
1335	0.6305397526304406
