5962	0.3427338563277056
1472	0.35296753078352083
1415	0.40643597973181933
5910	0.40773078180174144
1	0.4173696775217455
4916	0.41966975419096764
9874	0.4401704375470797
6153	0.4433163495386953
1253	0.44623730644270954
46	0.4915220465420125
2076	0.496338976498378
9863	0.5085674239455782
10709	0.5115394831819341
8959	0.5169396631879344
1177	0.5196397531909345
9535	0.5211064687481195
60	0.5330401998724904
5984	0.5512741410038615
4270	0.5562409732316025
13013	0.5717792291189581
1107	0.5763416432539366
3949	0.5929421966057151
8716	0.6045092488407896
13183	0.6164429799651603
8703	0.6193711698146752
1123	0.6202549518946229
3943	0.6213263733529062
6095	0.6232098721949013
12981	0.6344031195169818
559	0.6359554752454014
155	0.6367723808822978
1225	0.6378103588777907
693	0.6396437533242723
11716	0.6420771677714205
1248	0.646034008261491
13437	0.6512774744483096
10391	0.656860891170167
7088	0.6655779511308658
1401	0.6668789378933175
2358	0.6679446966890511
4981	0.6751449366970513
1156	0.6796450867020516
5103	0.684206664331159
12328	0.6977456900554968
5919	0.6992124056126819
6026	0.6996790878354227
8671	0.7023791778384226
3060	0.7231964356883174
8693	0.7262799745316457
256	0.7318134923155719
727	0.736780324543313
7674	0.7451139356636836
12079	0.7463473101094984
3483	0.7484293522572345
8917	0.7546142523409061
2872	0.759964327951393
9571	0.7662146390204622
3965	0.767314675688351
12178	0.7697814245799808
13323	0.7734148790284623
13432	0.7846152523742406
12316	0.7944822479407593
9597	0.797282341277204
10473	0.8078325902268022
12429	0.8194830813018713
4223	0.8263166424205755
7628	0.826349976865057
4057	0.828457172891088
2266	0.8417504902155019
4003	0.8447172557743537
716	0.8463450899097057
8999	0.8530508668947245
558	0.8627764531354399
5444	0.8632120965877059
6096	0.867600618133812
4115	0.8691847380237622
4921	0.8796184191464663
7605	0.8796349836399158
10474	0.884151903595948
4919	0.8852519402638368
21	0.890433974633536
9040	0.896709659714024
1161	0.8989857313902077
7904	0.9010858013925411
2060	0.9020858347269856
1122	0.90308586806143
1132	0.9046859213965415
355	0.9062859747316524
12155	0.9070692314481763
3102	0.9098194258466896
7710	0.9129861980724305
250	0.9165695481253988
1820	0.9176530202998381
7595	0.9179919728980483
3939	0.9180113131653656
5225	0.9265698814698436
3079	0.9296200858686903
7598	0.9354202792084685
7118	0.9429233594998241
8960	0.942987198105765
