12122	0.02636754558485284
12113	0.03653455115170505
5106	0.04656821894063136
278	0.053335111170372346
1193	0.05576852561752059
3257	0.05783526117537249
2226	0.06166872229074301
504	0.06186872895763192
7941	0.07116379979961598
1279	0.07333577785926197
12403	0.07440248008266942
6205	0.07619730091631988
10567	0.07786402314039398
6935	0.07953074536446814
4585	0.08286418981261641
10590	0.08289752425709787
4933	0.08296419314606086
444	0.08326420314639421
12474	0.08336944564818824
285	0.08376421981361643
8071	0.08453091203669055
5099	0.08519760092632017
6472	0.08596953231774393
1589	0.08599762759387578
7434	0.08603096203835725
11618	0.08606429648283875
3969	0.08619763426076467
10240	0.08619763426076468
11771	0.0863309720386906
11324	0.08873105204135734
6265	0.09039777426543151
88	0.09263118204569083
682	0.09283118871257973
4007	0.09296452649050566
11704	0.09296452649050568
9088	0.09427106689719847
11418	0.09449791093665387
7184	0.09599796093832061
11419	0.09609796427176506
2348	0.09616463316072799
110	0.09619796760520949
11686	0.09619796760520949
4713	0.09629293722788664
6512	0.09686465649483916
1520	0.09833661122037402
7015	0.09963141538680223
12214	0.0996647498312837
4022	0.10033143872091335
825	0.1006314487212467
1573	0.10113146538846893
11070	0.10126480316639487
3189	0.10131553651369092
7723	0.10170339011300375
2240	0.10279818761254306
1111	0.10279818761254307
3640	0.10279818761254307
145	0.10283152205702453
2017	0.10283152205702453
5278	0.10283152205702455
7830	0.10283152205702456
2094	0.1029648598349505
7735	0.10443157539213574
12205	0.10456491317006165
1474	0.10469825094798756
4170	0.10599829428276542
12485	0.10599829428276542
8299	0.10609829761620987
7401	0.10613163206069134
10851	0.10613163206069134
4745	0.10616496650517282
5306	0.10616496650517282
6146	0.10616496650517283
2038	0.1062316353941358
8580	0.10626496983861729
3375	0.10667022234074469
11602	0.10716499983961728
3655	0.10786502317372845
7389	0.1094650765088396
4419	0.10953174539780258
13443	0.11203182873391378
73	0.11279852095698789
2490	0.11279852095698789
8793	0.11279852095698789
10469	0.11283185540146937
985	0.11283185540146938
3654	0.11283185540146938
11244	0.11283185540146938
4119	0.11286518984595084
6182	0.11286518984595087
7908	0.11286518984595087
9835	0.11286518984595087
12294	0.11303186206835827
12595	0.11306519651283976
8694	0.11333711123704122
1746	0.1144985776255435
8754	0.1144985776255435
10822	0.11606529651617319
5961	0.11613196540513615
10482	0.11613196540513616
13436	0.11613196540513616
