9287	0.04086813930586986
13159	0.05412354436340743
90	0.06416891599842625
9973	0.08393557265732714
12761	0.09109210775253265
7819	0.09254149051345188
11371	0.09580374529764146
868	0.09590219228043384
563	0.10197006566885565
6155	0.1042142876334451
835	0.10466981563822475
13423	0.11237052271865028
9554	0.11705919628759084
458	0.11738128060233
8133	0.11774651128281757
4193	0.12444840134581969
1230	0.12895937222433612
6262	0.12899270666881757
2265	0.14105988594268637
2257	0.14231578064865258
2032	0.14233807793593117
3432	0.1429473513108185
7492	0.1429473513108185
10575	0.1451939089162504
11457	0.1456716327556515
7639	0.1456934840971845
2692	0.14570496720013298
6932	0.1470429805854175
1507	0.147814180205115
11276	0.15066042892622616
8979	0.15239370743796254
6387	0.15441440021244857
8961	0.15537084123539904
9701	0.15590486126572112
5205	0.1590456738747479
6051	0.15907130014701718
2933	0.1615160850958131
11228	0.16256115449110287
12406	0.16261467355489329
2413	0.16398239027142597
9851	0.16410468866242028
149	0.16774806763346967
12463	0.17393857275733046
11263	0.17572770820342842
8696	0.17900607723713424
1292	0.17903930131004364
7718	0.1790612630231487
4475	0.1791054116519603
1203	0.17912793191211168
12352	0.17987143718614476
5982	0.18259471413818587
8824	0.1891170051264808
3165	0.18937308947087536
7220	0.18988690258460122
11607	0.1902945248676628
2684	0.1908273196620489
1146	0.1939840592233788
59	0.19402842859533445
4241	0.19403991169828294
8690	0.19417809913619194
347	0.19427799209806437
1449	0.19572848526389006
12192	0.19580552239143756
507	0.19583885683591906
5363	0.19591656288208492
6547	0.19592893341706707
12590	0.19594911803637602
1879	0.19623887016969685
11583	0.19942860860133466
4222	0.20043261085291472
7740	0.2023285948996516
8957	0.2023836703140941
6157	0.20246204304914958
11587	0.20328668034753888
732	0.20412269037730468
4910	0.20434014467148906
9957	0.2043625478708822
6091	0.20520617130938926
5696	0.20583919018036387
13112	0.20596237823312058
8873	0.20655014030010588
5965	0.20657497613354112
6371	0.20697367615709822
11270	0.2071392335151417
3096	0.2072845025714904
11475	0.20771718143113133
7031	0.2082066046571675
8668	0.20826223638892757
743	0.20902892861200167
10407	0.2090392968505862
2864	0.2090395220531877
2897	0.20918411773146062
3561	0.20919560083440908
4387	0.20942894194577946
7129	0.2094401976163977
7530	0.21053283492950323
2130	0.2106956508360758
9689	0.21083372790241278
7156	0.2108900285527912
1450	0.21159568083707583
