5312	0.022617156947271483
12062	0.03487255219884138
2406	0.039067968932297734
144	0.04486022346477075
468	0.04652694568884489
13063	0.050060726607412995
9594	0.05099560861949704
7933	0.05372751550037609
9809	0.05625926764530672
2868	0.05628494587356904
9793	0.05670355569866416
7926	0.057060959948524365
2435	0.057220755555647485
4551	0.05803133653134977
2021	0.05846100661674664
2082	0.061060763482771355
9015	0.06220373903810882
4422	0.062220955008435844
2117	0.06229280209645509
4556	0.06253015070421884
13379	0.0627611499548579
6553	0.06326484431494257
12224	0.06372784884482091
11568	0.06372784884482093
12559	0.06376118328930241
8161	0.06379953125877741
8964	0.06455954432119594
12620	0.06512997020734826
4947	0.06516122995752466
3936	0.06516122995752467
2058	0.06639828209620194
10348	0.06649294210112193
12461	0.06692795551504324
174	0.06693296904003679
106	0.06699462440400623
8739	0.06702795884848772
7336	0.06706129329296918
12997	0.06712796218193214
8724	0.06712796218193215
10907	0.06846133996119147
10409	0.06849467440567297
1625	0.06852800885015442
7692	0.06852800885015442
7871	0.0691842935888605
195	0.06953139007393039
13333	0.06957032146498554
2976	0.07036140329663598
4591	0.07036140329663598
9593	0.07039473774111744
1257	0.07082775571584582
11398	0.07086376182458949
11581	0.07119476440867303
13100	0.0713317798794614
11642	0.0717947844093397
3484	0.0720281255207101
11271	0.0720281255207101
7069	0.07262814552137682
4972	0.07302877891246858
3107	0.07309482774411755
3920	0.07343318571392593
10424	0.07349484107789538
9759	0.07352817552237684
316	0.07372818218926572
9366	0.07372818218926572
2298	0.07376151663374719
1268	0.07386151996719167
4014	0.07418420672799414
12713	0.07459487774578427
4134	0.07479856210553561
8365	0.07485988766597407
35	0.07512822885748802
9625	0.07516156330196946
2489	0.07516156330196949
1579	0.07516156330196952
10568	0.07516657682696302
3937	0.0751999112714445
12221	0.07606159330296954
793	0.07619191814721035
12360	0.07636528099616528
11227	0.07642794238873492
4611	0.07652794572217933
6019	0.07668133760007942
8958	0.07676161663708067
5408	0.07682828552604362
2	0.0768616199705251
1233	0.077061626637414
3951	0.07709496108189548
8136	0.07716162997085844
7713	0.07832833552771037
453	0.07842800905762387
3981	0.07846134350210536
12279	0.07846167330563625
9950	0.07846167330563628
5013	0.0784616733056363
3104	0.07849500775011775
9779	0.07852834219459923
12591	0.07872834886148815
4108	0.07912836219526595
13037	0.07986539766672097
12518	0.07993206655568393
