10421	0.09569386996081729
2403	0.10157640169220249
11369	0.12250142714488581
8891	0.12662823443963317
5921	0.15536620327553377
7745	0.15576253891644914
5042	0.17342979449163498
900	0.18525717292543667
11235	0.1905570197944615
8047	0.19222801668135514
8778	0.1924637622905616
2910	0.19269710340193202
7341	0.1929730991033034
8776	0.19466122532087357
1598	0.2099350033555527
7618	0.21276443897978464
6977	0.21319778675804396
5001	0.21435547129350893
6169	0.23107108389341136
9309	0.23239842677937797
4901	0.23533553558661077
7957	0.2372635900380124
7044	0.2380986167857115
13189	0.24183207456763753
7158	0.242592417433587
5990	0.24359746429302503
7030	0.24417640882541825
3449	0.24906564902011927
10441	0.2491323179090823
7018	0.25215267654171136
7610	0.2530324479134157
11264	0.25309911680237873
13061	0.2532641233891241
72	0.25429280744658744
5950	0.25589286078169865
3659	0.2569362556106117
9179	0.257225908757427
7817	0.25956599903178634
1336	0.25979934014315664
10644	0.25997533251108373
11261	0.26517151369350084
1136	0.2653032011754638
7609	0.2658598596816619
8682	0.26643289459497177
10667	0.2738881174731748
10485	0.2758998768277129
4629	0.2766942930003178
8955	0.2797666723875649
8777	0.2798638941222368
364	0.2857002035052688
4978	0.29052467693369693
5952	0.2924004268460467
8780	0.29519417082536675
3938	0.29906731574234335
13293	0.2992339879647508
12380	0.30136739241156574
427	0.30299443083403366
9866	0.30733425797375113
2330	0.30869462084036725
4088	0.3100209576977335
1323	0.3118613930661081
9970	0.3138008103996278
12055	0.3156281852925157
7255	0.3163012235392697
1653	0.31902551703085436
4237	0.32256174974466406
4956	0.3227110868287651
12973	0.3240681491034554
4950	0.3241014835479369
2993	0.32498614317042535
8908	0.32646822910612217
3643	0.3267952241938124
3724	0.3271175828574455
488	0.32855063416661834
6099	0.32903498133119635
11277	0.3306347048627766
248	0.3307017035552705
13015	0.3307017035552705
1332	0.3318223759533916
5434	0.3323684257793446
8872	0.3337671366154358
1141	0.3347685057820114
6094	0.3349645049525069
4238	0.3362909990417891
7883	0.3364352280060855
2860	0.3390019802311597
4047	0.3397353380097523
3611	0.34222075787181944
11265	0.3424687624572338
13143	0.34273543801308565
6974	0.34603421218462144
721	0.34696891246223405
8351	0.34720123220530513
5231	0.34736892579601186
11269	0.3496023335762712
9705	0.35310245024682674
8358	0.35440082794594263
12135	0.3558342090586464
4081	0.3562729001654301
13220	0.35636922580601216
