4261	0.0
2233	0.0016667222240741297
3471	0.0016667222240741297
3535	0.0016667222240741297
4917	0.0016667222240741297
6449	0.0016667222240741297
8396	0.0016667222240741297
9769	0.0016667222240741297
11754	0.0016667222240741297
1638	0.001700056668555619
11141	0.001700056668555619
2619	0.0019667322244074914
505	0.0021667388912963714
5288	0.002333411113703776
4594	0.003166772225740855
2379	0.003300110003666784
3676	0.003300110003666784
4104	0.003300110003666784
5105	0.003300110003666784
5903	0.003300110003666784
5975	0.003300110003666784
8286	0.003300110003666784
8773	0.003300110003666784
9943	0.003300110003666784
10598	0.003300110003666784
11148	0.003300110003666784
11443	0.003300110003666784
12453	0.003300110003666784
12938	0.003300110003666784
13034	0.003300110003666784
1279	0.0033334444481482595
1445	0.0033334444481482595
1874	0.0033334444481482595
2327	0.0033334444481482595
2347	0.0033334444481482595
3100	0.0033334444481482595
3911	0.0033334444481482595
4147	0.0033334444481482595
4252	0.0033334444481482595
8976	0.0033334444481482595
197	0.0033334444481482733
1609	0.0033334444481482733
12956	0.0033334444481482733
449	0.0033667788926297487
538	0.0033667788926297487
898	0.0033667788926297487
2074	0.0033667788926297487
3375	0.0033667788926297487
4113	0.0033667788926297487
4138	0.0033667788926297487
5572	0.0033667788926297487
6029	0.0033667788926297487
6814	0.0033667788926297487
7566	0.0033667788926297487
7723	0.0033667788926297487
7987	0.0033667788926297487
8142	0.0033667788926297487
8920	0.0033667788926297487
9150	0.0033667788926297487
10742	0.0033667788926297487
11413	0.0033667788926297487
11759	0.0033667788926297487
12619	0.0033667788926297487
13208	0.0033667788926297487
154	0.003500116670555678
964	0.003500116670555678
1663	0.003500116670555678
4505	0.003500116670555678
5349	0.003500116670555678
6399	0.003500116670555678
12471	0.0038667955598519904
4516	0.0038667955598520043
726	0.004800160005333509
7831	0.004966832227740928
8759	0.004966832227740928
4064	0.005000166672222403
5214	0.005000166672222403
11621	0.005000166672222403
1421	0.005000166672222417
4509	0.005000166672222417
6285	0.005000166672222417
7712	0.005000166672222417
10767	0.005000166672222417
11057	0.005000166672222417
6998	0.005200173339111311
12403	0.005733524450815028
414	0.0064335477849261635
11409	0.006500216673889128
3745	0.006633554451815057
170	0.006666888896296533
225	0.006666888896296533
862	0.006666888896296533
3469	0.006666888896296533
7963	0.006666888896296533
10580	0.006666888896296533
4948	0.006800226674222476
1179	0.007933597786592889
10750	0.007933597786592889
11561	0.008266942231407726
4190	0.00833361112037069
