1350	0.0
3947	0.0
5289	0.0
6385	3.333444448148232e-05
7377	3.333444448148232e-05
11408	3.333444448148232e-05
11670	3.333444448148232e-05
7318	6.666888896296463e-05
1337	0.000800026667555586
1436	0.0010333677789259622
4128	0.001533384446148204
7147	0.001533384446148204
12277	0.001533384446148204
264	0.001666722224074135
763	0.001666722224074135
2131	0.001666722224074135
6200	0.001666722224074135
12715	0.001666722224074135
4485	0.0016667222240741367
6045	0.0016667222240741367
10169	0.0016667222240741367
11905	0.0016667222240741367
12995	0.0016667222240741401
10004	0.0017000566685556173
10555	0.0017000566685556173
416	0.002266742224740826
12324	0.0033001100036667954
448	0.0033334444481482664
10923	0.003366778892629754
6325	0.003466782226074208
9069	0.0042001400046668205
1103	0.00460015333844461
8929	0.004966832227740926
10992	0.004966832227740926
683	0.0050001666722224065
3754	0.005000166672222408
6040	0.005000166672222408
7354	0.005000166672222408
8463	0.005000166672222408
8795	0.005000166672222408
9645	0.005000166672222408
9849	0.005000166672222408
11255	0.005000166672222408
5568	0.005033501116703891
13463	0.005033501116703891
12345	0.005100170005666862
3497	0.0051335044501483445
9173	0.0051335044501483445
474	0.005366845561518719
5360	0.005833527784259471
4695	0.005866862228740959
11504	0.0059001966732224395
2165	0.006066868895629846
8356	0.006666888896296538
13031	0.00666688889629654
3412	0.006666888896296547
9720	0.006666888896296547
6310	0.0067002233407780255
8847	0.0067002233407780255
10422	0.0067002233407780255
12212	0.006733557785259503
1464	0.006833561118703958
10403	0.007466915563852131
13689	0.007533584452815094
281	0.00823360778692623
12629	0.00823360778692623
158	0.008300276675889198
393	0.008300276675889198
4640	0.008300276675889198
6704	0.008300276675889198
7506	0.008300276675889198
8618	0.008300276675889198
12333	0.008300276675889198
13621	0.008300276675889198
242	0.0083002766758892
10825	0.008300276675889201
12748	0.008300276675889201
2227	0.008333611120370675
4394	0.00833361112037068
7965	0.00833361112037068
9342	0.00833361112037068
11253	0.00833361112037068
12261	0.00833361112037068
12586	0.00833361112037068
9881	0.008366945564852155
8883	0.008366945564852157
4281	0.008366945564852162
7823	0.008366945564852162
8153	0.008366945564852162
11300	0.008366945564852162
7885	0.00840028000933364
8422	0.008400280009333645
4327	0.008433614453815134
13484	0.008433614453815134
1120	0.008466948898296616
3532	0.008466948898296616
3984	0.008466948898296616
2962	0.008500283342778098
13027	0.009100303343444784
11764	0.009200306676889224
