2953	0.02711845021366932
11460	0.03373149246571092
11607	0.04057883311829458
5696	0.04108398806785872
2881	0.047647085456903174
7918	0.05227977415121473
2083	0.05554654971040004
3165	0.05833416297823081
2510	0.06224677305117806
2118	0.06227988452278675
9545	0.06231344194014103
5186	0.06554688305484485
7232	0.06557999452645354
10768	0.06558021749932633
8897	0.06615937281342209
11664	0.06725786650903134
135	0.0685690573725841
4049	0.0689136619474746
8428	0.06898033083643756
11456	0.07058038417154874
7704	0.07219147466386282
6988	0.07241377861803029
321	0.07311048634552308
1201	0.07388049417521553
3046	0.07389693953944786
5567	0.07574722306617857
5965	0.0763496712414299
732	0.07733038509131183
2328	0.07744727973473418
7670	0.07744727973473418
13023	0.07750246552074869
11587	0.0781663951210776
2932	0.07891399529191942
1270	0.07894732973640091
2214	0.0789583668936038
756	0.0789804412080096
1364	0.08055842022871496
4222	0.08102046461570178
11502	0.08134177855916544
995	0.08191409529525286
9037	0.08223606923841997
3033	0.08228077418454918
3275	0.08228077418454918
3348	0.08228077418454918
11513	0.08241411196247511
4954	0.08263630331534183
644	0.0826474530738455
10664	0.08428084085343815
4906	0.08441462011765219
4473	0.08524632342638008
2895	0.08554754974373448
12372	0.08554754974373448
13493	0.08554754974373448
3906	0.08558088418821597
3461	0.08561421863269744
4063	0.08561421863269744
6030	0.08561421863269744
12192	0.08564755307717893
556	0.08588067121567652
9145	0.08612703840227505
9623	0.08639194801297444
8690	0.08734164522138753
6418	0.0880142986353642
574	0.08804763307984569
10071	0.08826872155493254
11761	0.08888099419188275
4308	0.08891432863636423
3253	0.08891432863636424
1452	0.08894766308084573
6243	0.08894766308084573
12959	0.08895847726517583
8039	0.08964768641495685
12919	0.09058105086043838
10754	0.09061416233204708
10983	0.09063623664645287
6925	0.09216451596120344
11291	0.09224755011163974
11682	0.09224777308451251
2201	0.09228110752899399
5202	0.092281107528994
8824	0.09233607034213569
6607	0.0927140093615077
287	0.09388116086410517
12966	0.09390486269082382
3689	0.09473184585349333
7051	0.09503207882669945
12159	0.09520029625111529
8605	0.09558121753266079
12502	0.09558121753266079
8677	0.09563640331867528
1183	0.09564799679319579
13304	0.09569147873311773
3926	0.0957697410966012
3774	0.09588122753299413
4610	0.09595871060628722
13142	0.09690092048875892
11270	0.0969145953119201
10552	0.09724793975673493
8892	0.09756527586414808
5994	0.09761395418687031
