1523	0.0032334411147038195
1395	0.00333344444814827
2223	0.005200173339111302
1277	0.005566852228407615
11325	0.007200240008000262
1148	0.00760025334177806
1354	0.009800326677555923
8940	0.009800326677555923
13027	0.012433747791593053
7797	0.013033767792259747
6333	0.013467115570519016
13258	0.014833827794259808
8847	0.014833827794259813
1260	0.015200506683556115
607	0.015633854461815398
1180	0.015733857795259838
10004	0.01650055001833395
4622	0.01663388779625987
10455	0.01663388779625987
3322	0.016633887796259874
7961	0.016633887796259877
1274	0.016667222240741356
8923	0.016767225574185807
2445	0.0181339377979266
8204	0.018233941131371043
126	0.01833394446481549
12630	0.01840061335377846
13315	0.01840061335377846
12120	0.018467282242741426
2364	0.0185006166872229
7599	0.018633954465148837
10974	0.018767292243074767
3527	0.019000633354445146
9836	0.019100636687889597
5336	0.01930064335477849
3537	0.019467315577185913
12345	0.01963398779959332
1693	0.019667322244074803
10825	0.019800660022000732
12748	0.019800660022000732
9645	0.01980066002200074
7466	0.019867328910963697
5465	0.019967332244408144
3311	0.019967332244408147
4177	0.020134004466815555
6948	0.020134004466815555
12686	0.02013400446681556
7611	0.020334011133704456
8419	0.020434014467148903
1304	0.02076735891196373
2165	0.02086736224540818
13224	0.02110070335677856
1464	0.021267375579185975
3412	0.021434047801593387
9720	0.021434047801593387
448	0.02146738224607487
9876	0.02146738224607487
1350	0.021467382246074876
7377	0.021500716690556358
1289	0.021567385579519316
3049	0.021600720024000798
11157	0.021667388912963763
5307	0.02176739224640821
4105	0.021800726690889692
10653	0.021800726690889692
6370	0.021867395579852657
7878	0.021867395579852657
2988	0.021967398913297107
7372	0.022000733357778586
416	0.022100736691223047
5969	0.02226740891363045
9655	0.0223674122470749
4345	0.02240074669155638
5404	0.022400746691556384
9112	0.022800760025334176
12629	0.023034101136704566
4236	0.023134104470149006
683	0.02313410447014901
8883	0.02316743891463049
13463	0.023167438914630495
198	0.023300776692556417
13216	0.023300776692556417
6166	0.023434114470482346
8010	0.02346744891496383
501	0.02350078335944531
2719	0.02350078335944531
4199	0.02350078335944531
5715	0.02350078335944531
7368	0.02350078335944531
10934	0.02350078335944531
2092	0.023500783359445315
2453	0.023500783359445315
3251	0.023500783359445315
510	0.023534117803926793
9680	0.023534117803926793
1197	0.023534117803926797
2775	0.023534117803926797
7496	0.023534117803926797
11666	0.023534117803926797
6221	0.023567452248408276
