337	0.0
1136	0.0
1269	0.0
7074	0.0
8163	0.0
12171	0.0
12579	0.0
13168	0.0
183	3.333444448148232e-05
3454	3.333444448148232e-05
5248	3.333444448148232e-05
7311	3.333444448148232e-05
7505	3.333444448148232e-05
7726	3.333444448148232e-05
9042	3.333444448148232e-05
9750	3.333444448148232e-05
12949	3.333444448148232e-05
13657	3.333444448148232e-05
9595	6.666888896296463e-05
10091	0.00013333777792592927
11700	0.00013333777792592927
9413	0.00016667222240741159
1978	0.0003333444448148301
5671	0.00040001333377779474
43	0.0007000233341111356
3657	0.0007000233341111356
9372	0.0007000233341111356
6193	0.0007333577785926249
12266	0.0008000266675555825
10123	0.0008666955565185472
2224	0.0011000366678889303
8448	0.0011000366678889303
11606	0.001266708890296342
9261	0.0013000433347778242
4134	0.0014667155571852358
839	0.001500050001666725
3065	0.001500050001666725
4676	0.001500050001666725
7568	0.001500050001666725
8404	0.001500050001666725
10713	0.001500050001666725
7149	0.0015333844461482074
819	0.0016333877795926474
1117	0.0016333877795926474
1228	0.0016333877795926474
1301	0.0016333877795926474
1370	0.0016333877795926474
2009	0.0016333877795926474
2293	0.0016333877795926474
2332	0.0016333877795926474
2955	0.0016333877795926474
3377	0.0016333877795926474
3383	0.0016333877795926474
3683	0.0016333877795926474
3968	0.0016333877795926474
4202	0.0016333877795926474
4443	0.0016333877795926474
5005	0.0016333877795926474
5901	0.0016333877795926474
5905	0.0016333877795926474
6409	0.0016333877795926474
6991	0.0016333877795926474
7021	0.0016333877795926474
7126	0.0016333877795926474
7809	0.0016333877795926474
8269	0.0016333877795926474
8426	0.0016333877795926474
8588	0.0016333877795926474
8642	0.0016333877795926474
8699	0.0016333877795926474
9187	0.0016333877795926474
9668	0.0016333877795926474
9927	0.0016333877795926474
10369	0.0016333877795926474
10495	0.0016333877795926474
10546	0.0016333877795926474
10807	0.0016333877795926474
11219	0.0016333877795926474
11636	0.0016333877795926474
11675	0.0016333877795926474
12070	0.0016333877795926474
12092	0.0016333877795926474
12265	0.0016333877795926474
12296	0.0016333877795926474
12448	0.0016333877795926474
12944	0.0016333877795926474
13190	0.0016333877795926474
13557	0.0016333877795926474
13576	0.0016333877795926474
2	0.0016667222240741297
10	0.0016667222240741297
18	0.0016667222240741297
34	0.0016667222240741297
55	0.0016667222240741297
82	0.0016667222240741297
107	0.0016667222240741297
153	0.0016667222240741297
160	0.0016667222240741297
163	0.0016667222240741297
180	0.0016667222240741297
