7368	0.008933631121037369
8940	0.009166972232407745
8907	0.009605333535660558
9730	0.009629976762286089
2440	0.011200373345778192
530	0.012100403346778227
448	0.01223006343184174
2444	0.01226707556918564
1304	0.012333744458148605
5404	0.012367078902630087
5510	0.012696745654582498
501	0.012730080099063982
2719	0.012730080099063982
5715	0.012730080099063982
9680	0.012763414543545465
8914	0.01276709223640788
11581	0.012996755654915844
7291	0.013207480936560167
7372	0.013567118903963464
4434	0.013596775655582533
5446	0.013630110100064015
3438	0.013863451211434393
3710	0.013863451211434393
9655	0.013863451211434395
4345	0.013896785655915877
8279	0.013967132237741257
13067	0.014256156456892955
679	0.014396802323138119
2223	0.014396802323138119
9101	0.014396802323138119
2479	0.014463471212101084
5307	0.014530140101064048
4076	0.014963487879323323
8054	0.015030156768286288
10436	0.015196828990693703
609	0.015217574655436196
1148	0.015230163435175187
1380	0.01553017343550853
12344	0.01553017343550853
16	0.015530173435508532
1641	0.015563507879990012
1648	0.015563507879990012
6161	0.015600520017333912
267	0.01593018676928632
3259	0.01593018676928632
4011	0.01593018676928632
5460	0.01593018676928632
9316	0.01593018676928632
216	0.016063524547212254
1354	0.016063524547212254
3285	0.016063524547212254
6476	0.016063524547212254
11531	0.01606720224007467
1200	0.016096858991693736
3933	0.016096858991693736
5284	0.016096858991693736
1523	0.0161635278806567
8956	0.01639686899202708
1607	0.016467215573852462
447	0.01653388446281543
5085	0.016563541214434492
7939	0.016735494128261665
8974	0.016896885659249322
2417	0.016930220103730804
911	0.01703022343717525
10653	0.01716356121510118
2755	0.017196895659582663
7377	0.017196895659582663
1818	0.017196895659582666
7206	0.017196895659582666
9772	0.017196895659582666
5944	0.01726356454854563
5969	0.01763024343784194
1395	0.01773024677128639
7437	0.01773024677128639
545	0.01776358121576787
1404	0.01776358121576787
7653	0.01776358121576787
12708	0.01776358121576787
2448	0.017763581215767873
7744	0.017763581215767873
11356	0.017930253438175284
2055	0.017930253438175288
10999	0.017996922327138253
482	0.0180969256605827
11737	0.018163594549545664
8772	0.01836360121643456
1547	0.01836727890929698
7056	0.01836727890929698
3344	0.01840061335377846
12211	0.01840061335377846
13390	0.01840061335377846
10865	0.01859694232780494
459	0.01876729224307477
885	0.01876729224307477
1397	0.01876729224307477
1613	0.01876729224307477
1715	0.01876729224307477
5461	0.01876729224307477
6460	0.01876729224307477
