275	0.00603817746305829
2425	0.011891461758710952
13102	0.012794361420583746
10552	0.014171117457379171
11491	0.014537796346675482
4459	0.014904475235971788
10917	0.015127220676427383
1183	0.015771060420918318
3774	0.015804505236971824
11682	0.019104615240638615
2201	0.019137949685120097
1410	0.019216320190446865
10913	0.019361136611863818
12093	0.019372173769066713
11291	0.019372396741939496
12329	0.019594588094806215
12239	0.019761260317213633
12919	0.020771337464712755
10754	0.021005784521532147
5202	0.02113801635400906
6201	0.021159980296842833
4610	0.022350199457994352
6243	0.02240472524430541
3253	0.02243805968878689
8485	0.022694581060012084
574	0.02330475524530544
1251	0.024361303284086224
8605	0.024438126357675848
1452	0.024471460802157334
7750	0.02471694501617962
1727	0.024750056487788316
6091	0.024872467480083392
5273	0.02507192228911213
8698	0.025727574021538892
556	0.025739275637902695
3906	0.025771504136935162
4063	0.025804838581416644
7416	0.02590550637402199
3171	0.02593861784563068
2897	0.02606135995264184
7129	0.026071955623556613
8450	0.026439186370713078
10664	0.02713821636067595
4906	0.027205326735927033
9145	0.027292085480728014
8668	0.027316585739989706
7051	0.027357098796110535
9102	0.027726868089423665
12159	0.028125336221193033
644	0.028704935251305637
9127	0.029015759435969096
3033	0.029071614140601946
4431	0.029075474915894243
7978	0.02911620871515911
8677	0.029361469956308627
7296	0.02997164414160198
11502	0.03001060976598567
1450	0.030650030188137972
995	0.03083833969812054
9386	0.031138349698453877
3275	0.03113834969845388
3348	0.03113834969845388
8347	0.03120501858741684
5354	0.031260204373431334
1485	0.031338356365342775
2476	0.03139487106967908
13081	0.03168362093993672
12347	0.03189212844760058
4954	0.03204952945795757
1270	0.032405058588750216
2932	0.032438393033231705
6421	0.03247172747771318
10498	0.03247172747771318
11412	0.03260506525563912
6157	0.032783434634952875
10544	0.03287174081149097
12166	0.033138416367342834
7031	0.03357242414530555
2328	0.03390510859041694
7670	0.03390510859041694
13493	0.034471794146602154
2130	0.03448349130350849
5398	0.03450512859108362
10680	0.03450512859108362
9623	0.03531619241584212
5567	0.03560516525897257
11583	0.0358168690827678
5132	0.03598332279175988
1680	0.036727053268394504
1201	0.0374718941499356
1364	0.0374829313071385
12349	0.03775634175861285
2895	0.03780523859475042
1187	0.03809487143758431
4971	0.038471927484380074
4618	0.03904965019776818
2214	0.03908298464224967
6993	0.03913861637400973
4305	0.03914965353121262
6547	0.03931654426703536
