1899	0.004716981132075472
13706	0.004750315576556956
728	0.004783650021038438
1966	0.004783650021038438
3194	0.004783650021038438
3722	0.004783650021038438
5374	0.004783650021038438
6334	0.004783650021038438
7554	0.004783650021038438
13670	0.004783650021038438
1003	0.00481698446551992
3012	0.004816984465519921
3038	0.004816984465519921
9331	0.004816984465519921
10083	0.004816984465519921
10715	0.004816984465519921
10747	0.004816984465519921
9745	0.0048503189100014025
11145	0.004850318910001403
13107	0.004850318910001403
2350	0.004883653354482886
9080	0.004883653354482886
12822	0.004883653354482886
11733	0.004916987798964369
5520	0.004950322243445852
11156	0.004950322243445852
8007	0.0049836566879273335
11909	0.005016991132408817
444	0.005083660021371782
3055	0.005116994465853265
8497	0.005150328910334748
7251	0.005216997799297712
8490	0.005216997799297713
9115	0.005216997799297713
9205	0.0052503322437791955
10115	0.0052503322437791955
4044	0.005317001132742161
197	0.005317001132742162
651	0.005317001132742162
781	0.005317001132742162
1741	0.005317001132742162
2161	0.005317001132742162
2480	0.005317001132742162
3295	0.005317001132742162
4055	0.005317001132742162
4433	0.005317001132742162
4592	0.005317001132742162
5894	0.005317001132742162
7099	0.005317001132742162
8501	0.005317001132742162
8535	0.005317001132742162
8571	0.005317001132742162
9857	0.005317001132742162
9875	0.005317001132742162
9885	0.005317001132742162
10343	0.005317001132742162
11729	0.005317001132742162
12054	0.005317001132742162
12562	0.005317001132742162
12740	0.005317001132742162
12879	0.005317001132742162
13673	0.005317001132742162
12910	0.005350335577223643
326	0.005450338910668092
568	0.005450338910668092
4388	0.005450338910668092
4881	0.005450338910668092
7153	0.005450338910668092
11586	0.005450338910668092
11955	0.005450338910668092
91	0.005450338910668093
373	0.005450338910668093
696	0.005450338910668093
783	0.005450338910668093
982	0.005450338910668093
984	0.005450338910668093
1168	0.005450338910668093
1665	0.005450338910668093
1709	0.005450338910668093
1794	0.005450338910668093
1927	0.005450338910668093
2038	0.005450338910668093
2468	0.005450338910668093
2696	0.005450338910668093
2803	0.005450338910668093
2936	0.005450338910668093
3112	0.005450338910668093
3293	0.005450338910668093
3557	0.005450338910668093
3599	0.005450338910668093
3625	0.005450338910668093
3831	0.005450338910668093
4060	0.005450338910668093
4119	0.005450338910668093
4341	0.005450338910668093
4547	0.005450338910668093
4585	0.005450338910668093
4701	0.005450338910668093
4739	0.005450338910668093
4765	0.005450338910668093
