873	0.000266675555851862
11328	0.000800026667555586
7095	0.0008333611120370666
9579	0.0008333611120370666
10777	0.0008333611120370683
6956	0.0008666955565185507
8035	0.0010000333344444817
12626	0.0010000333344444817
13219	0.0010000333344444817
4164	0.0023000766692223076
10918	0.0024334144471482386
106	0.0025000833361112033
4534	0.0025000833361112033
220	0.0025334177805926856
1350	0.0025334177805926856
5007	0.0025334177805926856
5650	0.0025334177805926856
11764	0.002666755558518615
1295	0.0029000966698889963
4139	0.0032001066702223406
6545	0.003266775559185307
9827	0.00333344444814827
12627	0.00333344444814827
9543	0.0033334444481482716
5494	0.003433447781592717
1346	0.0041001366712223744
8883	0.004133471115703856
9811	0.004133471115703856
10305	0.004133471115703856
1114	0.0041668055601853365
1277	0.0041668055601853365
3817	0.0041668055601853365
7733	0.0041668055601853365
8847	0.0041668055601853365
1197	0.004166805560185338
2775	0.004166805560185338
6152	0.004166805560185338
7496	0.004166805560185338
8970	0.004166805560185338
11666	0.004166805560185338
2101	0.00416680556018534
4606	0.00416680556018534
5207	0.00416680556018534
12426	0.00416680556018534
477	0.004166805560185342
2092	0.0042001400046668205
2453	0.0042001400046668205
3251	0.0042001400046668205
7926	0.0042001400046668205
10004	0.0042001400046668205
13322	0.0042001400046668205
2186	0.004200140004666822
3540	0.004200140004666822
6056	0.004300143338111269
11574	0.004300143338111269
10418	0.00430014333811127
1268	0.0043334777825927515
3303	0.0043334777825927515
7281	0.0043334777825927515
11536	0.0043334777825927515
3145	0.004333477782592755
6459	0.004333477782592755
9112	0.00490016333877796
1206	0.005000166672222408
13115	0.005033501116703891
11848	0.005066835561185373
12302	0.0051335044501483375
2165	0.005166838894629818
12450	0.00516683889462982
5312	0.0052335077835927845
4331	0.00566685556185206
6930	0.00566685556185206
4456	0.005666855561852063
6236	0.005666855561852063
4337	0.005700190006333545
7970	0.0057668588952965085
2976	0.005800193339777991
4567	0.005800193339777991
6656	0.005800193339777991
7922	0.005800193339777991
8939	0.005800193339777991
1546	0.005800193339777994
2435	0.005800193339777994
2926	0.005800193339777994
3658	0.005800193339777994
4342	0.005800193339777994
5258	0.005800193339777994
6305	0.005800193339777994
7240	0.005800193339777994
3488	0.005833527784259473
12774	0.005833527784259473
1457	0.005833527784259477
2382	0.005833527784259477
3366	0.005833527784259477
11568	0.005833527784259477
12559	0.005833527784259477
1939	0.0058668622287409555
3948	0.0058668622287409555
9690	0.0058668622287409555
9743	0.0058668622287409555
