4923	0.2433596862349201
9006	0.2713725568623567
10377	0.2826733452425537
3941	0.2994242235740982
12207	0.3179110137212917
489	0.3193444615062181
12480	0.3293643081434048
3150	0.33036434147784927
12474	0.33172980359741683
12144	0.347331573718924
5041	0.35033167372225743
6973	0.3572985726188873
5192	0.36292685456790824
8708	0.3655936101264269
4996	0.36571212266768327
2097	0.37042269981725723
299	0.37093027690485825
497	0.3731088647184508
1101	0.3749605890257235
2085	0.37630896805506203
12113	0.3788147105945251
12122	0.37891430056018954
2945	0.38107662701869616
8124	0.38296085570127936
10528	0.38516616820540683
9134	0.38959441015309443
11631	0.3902996726555552
2369	0.3911597539291335
695	0.39669988599599987
2240	0.3980755268986881
8038	0.39823327044214807
5922	0.398433277109037
11302	0.4036494517815661
11853	0.4042282312804653
3315	0.4054616057262802
5000	0.40549494017076165
9562	0.40632830128279873
8754	0.41297644028330194
11279	0.41360044934811163
487	0.4140427291389294
11292	0.4162286312937991
8994	0.41636196907172507
10087	0.4212954668549845
1448	0.4234674449146305
8840	0.4254719163425041
4336	0.42560147831322803
6912	0.42609396005475364
7054	0.42886126065852515
2065	0.4293095096785297
8694	0.4301009993664455
2377	0.4305449426292165
9670	0.43099579019909595
3697	0.43399589020242935
12541	0.4362626324271702
12376	0.4362959668716517
7535	0.43629596687165173
10384	0.43656264242750353
278	0.4367678882627421
6215	0.43686789159618655
12326	0.4387627157632814
4115	0.4388627190967259
2099	0.4396294113198
3201	0.44010133271089036
6938	0.4401032195662384
6087	0.4411961302104297
8874	0.44322953132380005
13130	0.44548411381407593
10635	0.44626296577161506
11323	0.44629630021609656
3673	0.44636296910505946
8996	0.44772327250344246
9530	0.4482137624543556
7001	0.4489129716010175
7145	0.44966307910872627
4940	0.4497630824421707
5296	0.45003499716637224
4424	0.4512964668883189
130	0.4518683916128538
8773	0.45222983133380046
5953	0.45274284214485255
7724	0.4529298546679116
12969	0.452963189112393
4957	0.4529631891123931
9566	0.45309486008475464
3436	0.45361728735125045
6090	0.45636161895523264
7601	0.4563633024495043
13309	0.45680188939611316
3375	0.4568352238405947
13195	0.457268571618854
7723	0.46180205606833563
7876	0.4620301580113564
10780	0.4621634957892823
5934	0.4623028311320896
3324	0.4629301880123564
4920	0.4629301880123564
7116	0.46296352245683786
6946	0.46350211273689124
2906	0.46386313575644683
9065	0.46623029801602317
