2033	0.0013207547169811484
5103	0.0062893081761006275
5910	0.0062893081761006275
6111	0.0062893081761006275
7582	0.0062893081761006275
8703	0.0062893081761006275
12563	0.0062893081761006275
5470	0.011886792452830197
9534	0.01251572327044026
6570	0.018867924528301883
13716	0.018867924528301883
1226	0.01955974842767294
99	0.022767295597484277
6096	0.02515723270440251
12252	0.025220125786163533
3838	0.04088050314465411
10587	0.0409433962264151
6027	0.042327044025157246
1669	0.047169811320754734
8679	0.05345911949685536
9662	0.05345911949685536
10912	0.05345911949685536
6967	0.0566666666666667
12250	0.059685534591194966
3028	0.06050314465408807
12363	0.06050314465408807
5945	0.061446540880503164
3308	0.06295597484276731
6248	0.06603773584905662
2205	0.06754716981132075
3614	0.06911949685534591
8922	0.0691823899371069
13078	0.07176100628930819
2338	0.07232704402515724
12234	0.07232704402515724
9142	0.07364779874213838
8499	0.07547169811320753
12209	0.07553459119496857
558	0.07861635220125787
61	0.08327044025157233
3234	0.08408805031446541
12749	0.08484276729559749
5557	0.0849056603773585
7118	0.0849056603773585
7476	0.0849056603773585
7954	0.0849056603773585
9001	0.0849056603773585
3520	0.08805031446540881
3939	0.08805031446540881
5606	0.08805031446540881
155	0.08811320754716982
9982	0.08836477987421384
3075	0.09119496855345913
7094	0.09119496855345913
671	0.0919496855345912
9911	0.0919496855345912
1763	0.09402515723270444
4996	0.09899371069182392
6175	0.09955974842767297
6090	0.10056603773584907
4175	0.10377358490566038
11067	0.10446540880503145
12679	0.10660377358490566
2915	0.10691823899371067
5953	0.1069182389937107
5444	0.10974842767295598
8779	0.11006289308176098
2337	0.11006289308176102
10128	0.11006289308176102
10813	0.11006289308176102
13385	0.11006289308176102
1970	0.11320754716981134
3942	0.11320754716981134
863	0.1157861635220126
4616	0.11635220125786165
9040	0.11635220125786165
12067	0.11635220125786165
716	0.11641509433962265
13014	0.11918238993710692
66	0.11949685534591196
7754	0.11949685534591196
14	0.11955974842767296
46	0.11955974842767296
74	0.11955974842767296
123	0.11955974842767296
130	0.11955974842767296
143	0.11955974842767296
227	0.11955974842767296
250	0.11955974842767296
278	0.11955974842767296
283	0.11955974842767296
288	0.11955974842767296
299	0.11955974842767296
329	0.11955974842767296
344	0.11955974842767296
368	0.11955974842767296
385	0.11955974842767296
394	0.11955974842767296
401	0.11955974842767296
443	0.11955974842767296
