7065	0.0
7402	0.0
7061	0.0008333611120370683
2098	0.0033334444481482733
7454	0.0033334444481482733
486	0.004833494449814995
8253	0.008366945564852162
74	0.010000333344444817
903	0.011500383346111535
6230	0.011500383346111535
6472	0.011500383346111535
8963	0.011500383346111535
11623	0.011500383346111535
12403	0.011500383346111535
1138	0.011633721124037471
1279	0.011633721124037471
2073	0.011633721124037471
2226	0.011633721124037471
2590	0.011633721124037471
3375	0.011633721124037471
3929	0.011633721124037471
4213	0.011633721124037471
4329	0.011633721124037471
4792	0.011633721124037471
5073	0.011633721124037471
5303	0.011633721124037471
6448	0.011633721124037471
6946	0.011633721124037471
7171	0.011633721124037471
8088	0.011633721124037471
9306	0.011633721124037471
11317	0.011633721124037471
11476	0.011633721124037471
11487	0.011633721124037471
11562	0.011633721124037471
12943	0.011633721124037471
2581	0.011667055568518953
8156	0.011667055568518953
8792	0.011700390013000434
859	0.014200473349111637
13397	0.01603386779559319
4195	0.017700590019667322
2368	0.018333944464815493
504	0.02000066668888963
5319	0.02000066668888963
7723	0.02000066668888963
8060	0.02000066668888963
3473	0.021500716690556348
5298	0.021500716690556348
14	0.021667388912963766
123	0.021667388912963766
143	0.021667388912963766
288	0.021667388912963766
329	0.021667388912963766
344	0.021667388912963766
368	0.021667388912963766
385	0.021667388912963766
401	0.021667388912963766
443	0.021667388912963766
567	0.021667388912963766
593	0.021667388912963766
653	0.021667388912963766
779	0.021667388912963766
782	0.021667388912963766
935	0.021667388912963766
1018	0.021667388912963766
1049	0.021667388912963766
1368	0.021667388912963766
1465	0.021667388912963766
1479	0.021667388912963766
1489	0.021667388912963766
1490	0.021667388912963766
1491	0.021667388912963766
1497	0.021667388912963766
1518	0.021667388912963766
1520	0.021667388912963766
1624	0.021667388912963766
1633	0.021667388912963766
1721	0.021667388912963766
1782	0.021667388912963766
1788	0.021667388912963766
1848	0.021667388912963766
1873	0.021667388912963766
1901	0.021667388912963766
1933	0.021667388912963766
1941	0.021667388912963766
1955	0.021667388912963766
1957	0.021667388912963766
1993	0.021667388912963766
1997	0.021667388912963766
1998	0.021667388912963766
2030	0.021667388912963766
2075	0.021667388912963766
2210	0.021667388912963766
2234	0.021667388912963766
2340	0.021667388912963766
2393	0.021667388912963766
2461	0.021667388912963766
2500	0.021667388912963766
2570	0.021667388912963766
