1133	0.03423447448248275
7382	0.03660122004066802
11436	0.03660122004066802
1511	0.03826794226474216
11386	0.03826794226474216
12225	0.03826794226474216
1170	0.03830127670922364
8840	0.03830127670922364
7963	0.03920130671022367
12230	0.039967998933297784
10262	0.04000133337777926
5176	0.04056801893396447
5105	0.04130137671255708
2877	0.04170139004633488
9115	0.04313477115903864
4340	0.04330144338144606
6535	0.04330144338144606
2928	0.04333477782592754
3672	0.04333477782592754
3249	0.04496816560552019
3381	0.04496816560552019
4376	0.04496816560552019
10737	0.04496816560552019
12258	0.04496816560552019
630	0.04500150005000167
1599	0.04500150005000167
1839	0.04500150005000167
1976	0.04500150005000167
3122	0.04500150005000167
3157	0.04500150005000167
3697	0.04500150005000167
4666	0.04500150005000167
5151	0.04500150005000167
5334	0.04500150005000167
6158	0.04500150005000167
7154	0.04500150005000167
7554	0.04500150005000167
9243	0.04500150005000167
9498	0.04500150005000167
10764	0.04500150005000167
1666	0.04503483449448315
1747	0.04503483449448315
2566	0.04503483449448315
2178	0.045134837827927606
2533	0.046634887829594324
10177	0.046668222274075806
1387	0.04670155671855728
11403	0.04670155671855728
5664	0.046734891163038764
13088	0.04826827560918697
9167	0.04830161005366846
785	0.048334944498149936
4457	0.04833494449814994
9687	0.04833494449814994
8323	0.04836827894263142
10465	0.04910163672122404
13173	0.04993499783326111
13326	0.04993499783326111
13471	0.050035001166705555
7940	0.0507350245008167
4524	0.05083502783426114
13547	0.05143504783492783
2215	0.051668388946298216
10598	0.05170172339077968
11443	0.05170172339077968
892	0.05330177672589087
2099	0.05333511117037234
1667	0.05336844561485383
9869	0.05336844561485383
3718	0.05493516450548352
7297	0.05493516450548352
7699	0.05493516450548352
8363	0.05493516450548352
12469	0.05493516450548352
13542	0.05493516450548352
8967	0.054968498949964986
7084	0.05496849894996501
4258	0.05500183339444648
5208	0.05500183339444648
11770	0.05500183339444648
5698	0.05500183339444649
8751	0.05663522117403914
1593	0.05666855561852062
1823	0.05666855561852062
5069	0.056701890063002094
8138	0.0567018900630021
2170	0.058068602286742904
5270	0.05823527450915031
4612	0.058335277842594756
1870	0.05833527784259476
5034	0.05836861228707623
2654	0.06153538451281709
2708	0.06153538451281709
1305	0.06163538784626154
6396	0.06163538784626155
7868	0.06163538784626155
4712	0.06166872229074302
8222	0.06166872229074302
5150	0.06166872229074303
8994	0.0617020567352245
