4954	0.002900096669888993
1203	0.004066802226740898
8690	0.004066802226740898
9226	0.004066802226740898
3046	0.0041001366712223805
8428	0.0041001366712223805
1201	0.00433347778259275
8824	0.007433581119370654
5982	0.007533584452815101
11664	0.009066968898963301
9620	0.00923364112137071
2897	0.009266975565852192
11587	0.010733691123037438
9545	0.01076702556751892
2510	0.010767025567518927
5965	0.010800360012000403
11456	0.010900363345444843
59	0.010900363345444846
135	0.011133704456815226
10664	0.011267042234741155
3999	0.01256708556951898
4063	0.012600420014000462
6547	0.012600420014000462
13112	0.012600420014000462
303	0.012600420014000465
3906	0.012633754458481944
7129	0.01273375779192639
11460	0.013967132237741264
3165	0.014267142238074612
1251	0.01430047668255608
4906	0.014667155571852393
574	0.015100503350111667
11607	0.015167172239074642
12464	0.015800526684222813
13065	0.015933864462148735
3253	0.015967198906630217
9037	0.01596719890663022
11583	0.01623387446248208
6091	0.016367212240408015
9544	0.01740058001933397
9784	0.017733924464148797
1680	0.018400613353778454
7156	0.01923397446581552
8677	0.01923397446581552
13142	0.01923397446581552
1270	0.019267308910297
13388	0.019267308910297005
2083	0.019267308910297008
2201	0.019267308910297008
6157	0.019267308910297008
1410	0.01930064335477849
11682	0.01930064335477849
12093	0.01930064335477849
12159	0.019633987799593314
376	0.019867328910963697
10917	0.02006733557785259
1334	0.02063402113403781
1292	0.02073402446748225
3461	0.02073402446748225
6030	0.02073402446748225
12952	0.02073402446748225
2864	0.020734024467482258
7918	0.020734024467482258
8897	0.020734024467482258
12966	0.020734024467482258
2280	0.020767358911963733
1364	0.020934031134371145
11570	0.020934031134371145
12919	0.020967365578852627
13023	0.021100703356778557
7031	0.021734057801926727
2155	0.022434081136037877
13205	0.022467415580519345
11276	0.022467415580519352
10913	0.0225674189139638
3033	0.022600753358445275
1183	0.022600753358445278
2425	0.022600753358445278
13304	0.022600753358445278
6243	0.02260075335844528
275	0.022734091136371207
9127	0.022767425580852693
3774	0.02286742891429714
4610	0.02290076335877862
644	0.022967432247741587
4308	0.024034134471149042
10362	0.024034134471149042
2118	0.024100803360112007
4475	0.02413413780459349
10552	0.024234141138037932
223	0.024934164472149068
8668	0.025067502250075
1651	0.02570085669522317
321	0.02576752558418613
12329	0.025767525584186133
13328	0.025800860028667622
743	0.025900863362112066
5229	0.025934197806593545
3171	0.025934197806593548
6421	0.025934197806593548
