7004	0.00016667222240742026
1192	0.00020000666688889564
10956	0.00020000666688889564
10962	0.00020000666688889564
8399	0.00020000666688890258
809	0.001200040001333379
8032	0.0015000500016667234
10803	0.0015000500016667234
11249	0.0015000500016667303
1200	0.001833394446481543
8279	0.00183339444648155
9579	0.00183339444648155
3334	0.003000100003333445
5607	0.003000100003333445
9178	0.0031334377812593777
10861	0.0031334377812593777
12223	0.0031334377812593777
2382	0.00316677222574086
9031	0.00316677222574086
5078	0.003166772225740867
9897	0.003166772225740867
12719	0.003166772225740867
13289	0.003166772225740867
7007	0.0033001100036667893
65	0.0035334511150371672
4460	0.0035334511150371672
7308	0.0035334511150371672
10048	0.0035334511150371672
10872	0.0035334511150371672
12447	0.0035334511150371672
12269	0.003533451115037169
12107	0.0035667855595186565
13219	0.0036667888929630982
2446	0.00483349444981499
3438	0.005200173339111302
5007	0.005200173339111302
10663	0.005200173339111302
11274	0.005200173339111302
12342	0.005200173339111302
2615	0.0052335077835927914
5944	0.0052668422280742686
7502	0.005466848894963159
10151	0.005833527784259475
1439	0.005833527784259476
6042	0.0060335344511483705
9212	0.006333544451481725
11417	0.006466882229407637
3161	0.006466882229407648
5339	0.006466882229407648
12356	0.006466882229407648
9837	0.00650021667388913
10880	0.006500216673889133
10445	0.006500216673889137
2946	0.006600220007333577
1190	0.00660022000733358
7980	0.0068335611187039565
2291	0.006866895563185439
4565	0.006866895563185439
12382	0.006866895563185439
11737	0.0069335644521484035
9630	0.007666922230741025
2072	0.008366945564852164
10061	0.008500283342778091
7836	0.008533617787259574
11328	0.008533617787259577
3524	0.00853361778725958
6173	0.00933364445481516
1592	0.009800326677555917
10613	0.009800326677555917
13099	0.009800326677555917
4342	0.009800326677555924
5314	0.009800326677555924
5353	0.009800326677555924
7257	0.009800326677555924
9898	0.009800326677555924
4934	0.0098336611220374
5283	0.0098336611220374
13167	0.0098336611220374
846	0.009833661122037407
9740	0.00983366112203741
10656	0.009966998899963329
10020	0.010167005566852225
5539	0.010167005566852233
2211	0.01020034001133371
3422	0.01020034001133371
3487	0.01020034001133371
5107	0.01020034001133371
9830	0.01020034001133371
11659	0.01020034001133371
12509	0.01020034001133371
6116	0.010200340011333714
8465	0.010200340011333714
11241	0.010200340011333714
3263	0.0102336744558152
8151	0.0102336744558152
9724	0.0102336744558152
10423	0.0102336744558152
13312	0.0102336744558152
723	0.011500383346111536
7046	0.011833727790926367
