12234	0.0
13078	0.0005660377358490537
9142	0.0013207547169811346
12209	0.003207547169811323
2205	0.004779874213836494
558	0.0062893081761006275
6248	0.0062893081761006275
3308	0.009371069182389932
61	0.01094339622641509
3234	0.011761006289308165
3028	0.011823899371069174
12363	0.011823899371069174
12749	0.012515723270440246
5557	0.012578616352201255
7118	0.012578616352201255
7476	0.012578616352201255
7954	0.012578616352201255
9001	0.012578616352201255
12250	0.012641509433962278
6967	0.015660377358490546
3520	0.01572327044025157
3939	0.01572327044025157
5606	0.01572327044025157
155	0.015786163522012578
9982	0.0160377358490566
3075	0.018867924528301883
7094	0.018867924528301883
8679	0.018867924528301883
9662	0.018867924528301883
10912	0.018867924528301883
671	0.01962264150943395
9911	0.01962264150943395
1669	0.02515723270440251
4996	0.026666666666666672
6175	0.027232704402515726
6090	0.02823899371069183
6027	0.03
10587	0.03138364779874214
3838	0.03144654088050314
4175	0.03144654088050314
11067	0.03213836477987421
12679	0.03427672955974842
5953	0.03459119496855345
5444	0.037421383647798734
2337	0.03773584905660378
10128	0.03773584905660378
10813	0.03773584905660378
13385	0.03773584905660378
1970	0.04088050314465409
3942	0.04088050314465409
863	0.04345911949685535
4616	0.04402515723270441
9040	0.04402515723270441
12067	0.04402515723270441
716	0.0440880503144654
13014	0.046855345911949675
12252	0.04710691823899371
66	0.04716981132075472
7754	0.04716981132075472
6096	0.047169811320754734
14	0.047232704402515716
46	0.047232704402515716
74	0.047232704402515716
123	0.047232704402515716
130	0.047232704402515716
143	0.047232704402515716
227	0.047232704402515716
250	0.047232704402515716
278	0.047232704402515716
283	0.047232704402515716
288	0.047232704402515716
299	0.047232704402515716
329	0.047232704402515716
344	0.047232704402515716
368	0.047232704402515716
385	0.047232704402515716
394	0.047232704402515716
401	0.047232704402515716
443	0.047232704402515716
486	0.047232704402515716
489	0.047232704402515716
504	0.047232704402515716
506	0.047232704402515716
567	0.047232704402515716
593	0.047232704402515716
653	0.047232704402515716
695	0.047232704402515716
779	0.047232704402515716
782	0.047232704402515716
818	0.047232704402515716
859	0.047232704402515716
878	0.047232704402515716
903	0.047232704402515716
935	0.047232704402515716
1018	0.047232704402515716
1049	0.047232704402515716
1138	0.047232704402515716
1193	0.047232704402515716
1279	0.047232704402515716
1368	0.047232704402515716
