757	0.0
1472	0.0
2111	0.0
3655	0.0
4424	0.0
7293	0.0
7498	0.0
9001	0.0
10414	0.0
11184	0.0
12182	3.333444448148232e-05
3697	0.0006666888896296533
10679	0.0013333777792593066
5418	0.0015667188906296897
2616	0.0016333877795926544
3402	0.0016333877795926544
5887	0.0016333877795926544
7723	0.0016333877795926544
8326	0.0016333877795926544
8980	0.0016333877795926544
10372	0.0016333877795926544
12503	0.0016333877795926544
831	0.0016667222240741297
1170	0.0016667222240741297
1566	0.0016667222240741297
3964	0.0016667222240741297
4290	0.0016667222240741297
5069	0.0016667222240741297
7699	0.0016667222240741297
8508	0.0016667222240741297
9531	0.0016667222240741297
9948	0.0016667222240741297
10434	0.0016667222240741297
11624	0.0016667222240741297
12376	0.0016667222240741297
12419	0.0016667222240741297
12969	0.0016667222240741297
13751	0.0016667222240741297
22	0.001700056668555612
402	0.001700056668555612
747	0.001700056668555612
906	0.001700056668555612
1111	0.001700056668555612
1149	0.001700056668555612
1468	0.001700056668555612
1497	0.001700056668555612
1572	0.001700056668555612
1646	0.001700056668555612
1784	0.001700056668555612
1940	0.001700056668555612
2152	0.001700056668555612
2177	0.001700056668555612
2438	0.001700056668555612
2509	0.001700056668555612
2729	0.001700056668555612
2742	0.001700056668555612
2745	0.001700056668555612
2882	0.001700056668555612
2999	0.001700056668555612
3153	0.001700056668555612
3157	0.001700056668555612
3396	0.001700056668555612
3407	0.001700056668555612
3616	0.001700056668555612
3640	0.001700056668555612
3788	0.001700056668555612
4000	0.001700056668555612
4038	0.001700056668555612
4304	0.001700056668555612
4429	0.001700056668555612
4430	0.001700056668555612
4501	0.001700056668555612
4689	0.001700056668555612
4896	0.001700056668555612
5102	0.001700056668555612
5349	0.001700056668555612
5486	0.001700056668555612
5586	0.001700056668555612
5610	0.001700056668555612
5678	0.001700056668555612
5827	0.001700056668555612
5933	0.001700056668555612
6147	0.001700056668555612
6636	0.001700056668555612
6736	0.001700056668555612
6846	0.001700056668555612
6941	0.001700056668555612
6994	0.001700056668555612
7008	0.001700056668555612
7179	0.001700056668555612
7194	0.001700056668555612
7524	0.001700056668555612
7541	0.001700056668555612
7595	0.001700056668555612
7642	0.001700056668555612
7784	0.001700056668555612
7785	0.001700056668555612
7830	0.001700056668555612
7995	0.001700056668555612
8219	0.001700056668555612
