4726	0.03551338126243445
11782	0.03718010348650858
1195	0.04413480449348312
10450	0.04888049349950902
466	0.0522139379476573
3236	0.0535473157269166
3512	0.06538104351784299
9677	0.07298129685962104
3621	0.07548138019573224
10739	0.07598139686295448
388	0.07684809241947303
12181	0.07731477464221378
2556	0.07884815908836199
8520	0.07884815908836199
12304	0.07911483464421384
9590	0.08031487464554724
608	0.08184825909169544
6419	0.08184825909169544
9059	0.08184825909169544
1408	0.08188159353617692
4048	0.08188159353617692
6366	0.08188159353617692
6375	0.08188159353617692
6755	0.08188159353617692
7245	0.08188159353617692
8628	0.08188159353617692
9913	0.08188159353617692
12132	0.08188159353617692
2357	0.0819149279806584
3010	0.08191492798065841
4624	0.08191492798065841
5210	0.08201493131410285
5491	0.08201493131410285
9799	0.08201493131410285
12504	0.08201493131410285
11450	0.08218160353651026
436	0.08548171354017704
1030	0.08548171354017704
1614	0.08548171354017704
8199	0.08548171354017704
8357	0.08548171354017704
11814	0.08548171354017704
13602	0.08548171354017704
3262	0.08551504798465853
4458	0.08551504798465853
9954	0.08551504798465853
12516	0.08554838242914004
10993	0.08731510798665862
9051	0.08854848243247347
9870	0.08854848243247347
1213	0.0888484924328068
6576	0.0888484924328068
10139	0.0888484924328068
2180	0.09018187021206611
10744	0.09018187021206611
10989	0.09018187021206611
7588	0.0902152046565476
9490	0.09061521799032539
12343	0.09178192354717728
6181	0.09188192688062174
5266	0.09214860243647359
2483	0.09271528799265881
4816	0.09321530465988104
4204	0.09321530465988105
7981	0.09351531466021439
2014	0.09521537132877002
12491	0.09521537132877002
7141	0.09551538132910335
4364	0.09651541466354782
5185	0.09681542466388117
6331	0.09684875910836266
445	0.09851548133243679
5981	0.09851548133243679
11187	0.09851548133243679
11421	0.09851548133243679
232	0.09854881577691828
738	0.09854881577691828
857	0.09854881577691828
1118	0.09854881577691828
2254	0.09854881577691828
5021	0.09854881577691828
7363	0.09854881577691828
10041	0.09854881577691828
11051	0.09854881577691828
11173	0.09854881577691828
12508	0.09854881577691828
13045	0.09854881577691828
451	0.09858215022139978
11987	0.09884882577725163
11746	0.09974885577825165
5756	0.10021553800099242
295	0.10051554800132577
9706	0.10104889911302949
12558	0.10184892578058506
9223	0.10188226022506655
2931	0.10214893578091842
5590	0.10214893578091842
11282	0.10214893578091842
7866	0.1021822702253999
3032	0.10321563800432586
