11426	0.0
69	0.01666722224074141
9713	0.01666722224074141
12941	0.01666722224074141
420	0.0333011100370012
12135	0.0333011100370012
7574	0.03336777892596424
2859	0.04113470449014972
5973	0.06663555451848391
7091	0.06663555451848391
12051	0.06663555451848391
2016	0.06666888896296541
8712	0.06996899896663217
1131	0.09313643788126272
13357	0.09996999899996661
10340	0.10000333344444812
7882	0.10000333344444817
9666	0.10000333344444817
10364	0.10000333344444817
4903	0.10003666788892965
3094	0.10017000566685558
10002	0.10373679122637422
10671	0.11003700123337445
6085	0.11167038901296705
9712	0.11197039901330047
9540	0.13330444348144932
269	0.13337111237041238
11619	0.13337111237041238
12108	0.15003833461115373
741	0.15333844461482052
2676	0.1566718890629688
11332	0.1566718890629688
13025	0.1566718890629688
0	0.16000533351111706
2142	0.16337211240374683
239	0.1667055568518951
2172	0.16683889462982104
2383	0.17333911130371016
4005	0.17820594019800662
134	0.17830594353145107
8	0.18283942798093272
4071	0.18333944464815496
5112	0.18333944464815496
8256	0.18333944464815496
13209	0.18333944464815496
7092	0.18770625687522918
12121	0.18870629020967367
13056	0.18937297909930334
12061	0.19500650021667393
8672	0.1983399446648222
10350	0.20017333911130375
7634	0.20500683356111873
5061	0.2087402913430448
8685	0.21174039134637823
2015	0.21670722357411917
10389	0.21670722357411917
1128	0.21804060135337847
2887	0.2183739457981933
2018	0.2216740558018601
8812	0.22337411247041572
12916	0.22344078135937867
5902	0.22350745024834165
5206	0.22670755691856398
11254	0.23317443914797154
2853	0.23337444581486053
4979	0.23337444581486053
700	0.23350778359278646
6983	0.24004133471115707
8877	0.24504150138337946
3248	0.25337511250375017
1	0.26667555585186176
2	0.26667555585186176
3	0.26667555585186176
4	0.26667555585186176
5	0.26667555585186176
6	0.26667555585186176
7	0.26667555585186176
9	0.26667555585186176
10	0.26667555585186176
11	0.26667555585186176
12	0.26667555585186176
13	0.26667555585186176
14	0.26667555585186176
15	0.26667555585186176
16	0.26667555585186176
17	0.26667555585186176
18	0.26667555585186176
19	0.26667555585186176
20	0.26667555585186176
21	0.26667555585186176
22	0.26667555585186176
23	0.26667555585186176
24	0.26667555585186176
25	0.26667555585186176
26	0.26667555585186176
27	0.26667555585186176
28	0.26667555585186176
29	0.26667555585186176
30	0.26667555585186176
31	0.26667555585186176
