2465	0.07676922564085467
6987	0.09006966898896629
10966	0.10840361345378177
13157	0.10993699789992997
4600	0.12677089236307879
9	0.13000433347778256
2036	0.13340444681489383
3	0.13840461348711622
19	0.1390379679322644
6946	0.1399713323777459
315	0.13997133237774592
361	0.1400046668222274
5087	0.14003800126670887
7601	0.14333811127037566
430	0.14333811127037568
8223	0.1484382812760425
13177	0.15007166905563515
10905	0.1567385579519317
12326	0.16007200240008
189	0.16327210907030235
4336	0.16333877795926527
12393	0.16663888796293208
4525	0.16667222240741356
6215	0.16667222240741356
3436	0.1667388912963765
823	0.16703890129670987
695	0.1700723357445248
11569	0.17067235574519146
8996	0.17173905796859895
12632	0.1733057768592286
4996	0.1733391113037101
8318	0.1733724457481916
5444	0.17337244574819163
8038	0.1748391613053768
11453	0.17497249908330276
12938	0.17653921797393246
4097	0.1767058901963398
7907	0.17780592686422886
7001	0.17833927797593246
744	0.17983932797759924
11302	0.18323944131471046
7179	0.1834061135371179
1250	0.1835727857595253
5041	0.18567285576185869
3941	0.1866728890963032
11279	0.18983966132204402
13006	0.19003966798893296
4940	0.1901396713223774
3961	0.19160638687956266
13134	0.19323977465915526
11323	0.19333977799259972
3315	0.1933731124370812
9530	0.1933731124370812
693	0.19337311243708122
1893	0.19337311243708122
10635	0.19337311243708122
2899	0.19343978132604417
6231	0.19503983466115535
5604	0.19663988799626653
13264	0.19967332244408142
6398	0.20000666688889626
12064	0.20004000133337774
3239	0.20174005800193337
10943	0.20334011133704455
6027	0.20337344578152602
1161	0.20337344578152605
12424	0.20337344578152605
2216	0.20340678022600747
9600	0.20340678022600753
6953	0.20400680022667422
12262	0.20544018133937797
6062	0.20654021800726693
143	0.20667355578519284
8773	0.20667355578519284
4115	0.20670689022967428
10780	0.20994033134437812
5296	0.21000700023334107
6954	0.21000700023334107
73	0.2100070002333411
4207	0.21000700023334112
8890	0.21330711023700788
1448	0.21334044468148933
504	0.21484049468315608
7954	0.21547384912830422
12474	0.21667388912963761
10528	0.21667388912963764
2983	0.2187739591319711
2226	0.22164072135737858
1573	0.22174072469082304
10533	0.22204073469115634
8124	0.22334077802593413
6038	0.22337411247041566
9616	0.22360745358178608
8718	0.22530751025034165
7529	0.22534084469482313
8192	0.22664088802960097
2240	0.22667422247408245
2915	0.22667422247408245
6780	0.2267742258075269
2047	0.22687422914097133
