12135	0.11153705123504119
10370	0.18700623354111803
7880	0.21677389246308204
3034	0.2371745724857495
1166	0.23720790693023103
9708	0.2569418980632687
2040	0.2673089102970099
2857	0.26870895696523217
12058	0.26930897696589884
1366	0.2703756791893063
6916	0.2704090136337878
2009	0.278575952531751
11619	0.28034267808926966
1176	0.2967432247741591
3956	0.29977665922197405
2878	0.30964365478849293
12417	0.3103103436781226
20	0.31204373479115977
4907	0.3129104303476782
2937	0.32024400813360443
6275	0.32027734257808593
13293	0.32051068368945623
2264	0.33044434814493817
13113	0.3330111003700123
13248	0.33681122704090133
816	0.3370112337077903
8725	0.33704456815227174
9575	0.3373112437081236
702	0.33971132371079027
80	0.3430781026034201
3223	0.343278109270309
9604	0.3435114503816794
7706	0.34537817927264247
1126	0.35364512150405014
12129	0.35367845594853164
1335	0.3550785026167539
10424	0.3554118470615687
13574	0.357778592619754
10972	0.36607886929564315
6264	0.36641221374045796
286	0.369245641521384
7273	0.3698789959665322
10667	0.37027900930031
6227	0.3703790126337545
12550	0.3705123504116804
13439	0.37204573485782866
8950	0.3733791126370879
13039	0.37367912263742126
3248	0.37531251041701397
6314	0.3758458615287177
4047	0.37634587819593984
7600	0.3770792359745325
4238	0.3771792393079769
10363	0.37804593486449545
10530	0.3803793459781992
1256	0.3804126804226807
44	0.38041268042268084
30	0.38094603153438444
5947	0.38291276375879196
7314	0.38304610153671786
720	0.38364612153738453
5629	0.38367945598186604
7146	0.38401280042668084
1152	0.3848794959831994
1525	0.38514617153905134
207	0.39244641488049603
12996	0.3936464548818294
1151	0.3936797893263108
2253	0.39451315043834795
10553	0.3982132737757925
5004	0.40024667488916293
1154	0.40134671155705187
13155	0.40304676822560753
9814	0.403146771559052
9753	0.4036467882262742
1318	0.40364678822627426
12228	0.4037134571152372
9556	0.4037801260042001
12581	0.40454681822727423
3265	0.40674689156305205
12275	0.40698023267442257
4316	0.4070135671189039
2230	0.4070469015633854
5980	0.41041368045601523
2597	0.41044701490049673
1121	0.412747091569719
1202	0.4127804260142005
11269	0.41378045934864494
2989	0.41791393046434877
8714	0.4197139904663489
8270	0.42034734491149706
13057	0.42198073269108965
8699	0.4230474349144972
7137	0.4238141271375713
3967	0.4238807960265343
10484	0.42468082269408985
10604	0.42474749158305275
1139	0.42701423380779363
26	0.42968098936631216
6913	0.4303143438114604
