10836	0.006633554451815061
9861	0.006666999267868571
10655	0.006666999267868571
12633	0.006666999267868571
490	0.006700333712350055
13221	0.011400380012667091
6318	0.012452952445126099
4508	0.0133004433481116
11298	0.013366889264201784
1438	0.015028203281246499
11365	0.015051052426385221
387	0.016666999267868573
3521	0.017335895588938808
8190	0.019119841341422646
2580	0.019978369401611046
10811	0.020011480873219745
6328	0.020022851374867458
6211	0.020044815317701227
5221	0.020089186919385604
6937	0.020144818651145677
8050	0.023222183214356866
274	0.02326744224807494
617	0.023322517662517403
722	0.023322517662517403
913	0.023322517662517403
1552	0.023322517662517403
2184	0.023322517662517403
2478	0.023322517662517403
3738	0.023322517662517403
3771	0.023322517662517403
4608	0.023322517662517403
4717	0.023322517662517403
5260	0.023322517662517403
5869	0.023322517662517403
5897	0.023322517662517403
6149	0.023322517662517403
6795	0.023322517662517403
6868	0.023322517662517403
7263	0.023322517662517403
7526	0.023322517662517403
8102	0.023322517662517403
8413	0.023322517662517403
8489	0.023322517662517403
8602	0.023322517662517403
9450	0.023322517662517403
10065	0.023322517662517403
10093	0.023322517662517403
10337	0.023322517662517403
11072	0.023322517662517403
11088	0.023322517662517403
11598	0.023322517662517403
11709	0.023322517662517403
12015	0.023322517662517403
12577	0.023322517662517403
13161	0.023322517662517403
10489	0.02332285100696222
3289	0.023355852106998885
6881	0.023355852106998885
1110	0.023355962478570913
1441	0.023355962478570913
1769	0.023355962478570913
4620	0.023355962478570913
7221	0.023355962478570913
8855	0.023355962478570913
10921	0.023355962478570913
13012	0.023378259765849493
4335	0.02345585544044334
4371	0.02345585544044334
5509	0.02345585544044334
5688	0.02345585544044334
9377	0.02345585544044334
10172	0.02345585544044334
12856	0.02345585544044334
1825	0.02362252766285075
11746	0.023689196551813715
5243	0.024732941488239128
11007	0.024956238786554875
643	0.025022574331073015
7348	0.025022574331073015
11195	0.025022574331073015
9081	0.025389253220369327
5449	0.026611923853426107
156	0.026622627666184194
12594	0.026645258297907592
208	0.026655962110665676
2620	0.026655962110665676
5521	0.026655962110665676
6563	0.026655962110665676
8691	0.026655962110665676
9792	0.026655962110665676
6076	0.02665629545511049
13347	0.026778596075833522
4874	0.027322651000295323
3030	0.02826760892029735
6963	0.028822811373534075
2315	0.02885603544644353
12280	0.0291227110022954
9547	0.029922737669850985
7034	0.029934331144371485
8674	0.029956072114332467
