6987	0.05666855561852063
5444	0.1731724390813028
7605	0.18933964465482192
693	0.20327344244808157
2036	0.20670689022967428
4940	0.2067068902296743
727	0.2129404313477116
3	0.21500716690556346
13264	0.21777392579752658
9600	0.2234741158038601
7601	0.2299409980332677
5296	0.23007433581119363
9616	0.23020767358911962
2899	0.23334111137037897
8996	0.23654121804060135
9197	0.23664122137404575
6954	0.240041334711157
12262	0.24214140471349044
8318	0.24664155471849056
12064	0.25330844361478716
189	0.2599753325110837
8680	0.2606753558451949
7628	0.26330877695923205
8999	0.26334211140371344
1893	0.26657555251841725
4057	0.26657555251841725
3941	0.27327577585919527
4045	0.27600920030667686
4115	0.2795759858661955
10635	0.2799759991999733
4003	0.2800093336444548
3655	0.2849094969832328
7732	0.2850095003166772
12935	0.28504283476115866
836	0.2866428880962698
6953	0.28730957698589954
11631	0.28864295476515883
10943	0.2898763292109737
12632	0.29320977365912193
143	0.29327644254808494
1161	0.29330977699256644
6290	0.29654321810727025
3961	0.301643388112937
315	0.3049434981166039
12178	0.3067102236741225
6933	0.3116103870129004
5087	0.31327710923697455
2945	0.313310443681456
430	0.31657721924064136
13135	0.3166772225740858
2490	0.3167438914630487
7596	0.3184772825760859
2222	0.31997733257775257
3239	0.3216773892463082
695	0.3265775525850861
240	0.32677755925197505
5192	0.32991099703323445
10473	0.3311443714790492
7001	0.3317443914797159
13183	0.33331111037034566
4933	0.3334444481482716
12104	0.3349444981499383
169	0.3350445014833827
5953	0.3366112203740125
2337	0.3383112770425681
2983	0.3388446281542718
9574	0.33994466482216074
3436	0.3399779992666422
4170	0.34311143704790154
4919	0.3460782026067536
10966	0.3482449414980499
10577	0.3485782859428648
6105	0.349911663722124
5000	0.3499449981666055
5919	0.35327844261475383
2915	0.3533784459481982
4525	0.3533784459481982
11324	0.35421180706023525
13363	0.35671189039634654
7152	0.36161205373512445
5162	0.36324544151471716
10905	0.36324544151471716
8715	0.36331211040368006
9530	0.36331211040368006
6095	0.36537884596153203
6205	0.3667122237407913
6231	0.368278942631421
9134	0.3699456648554951
12101	0.3713123770792359
12485	0.373112437081236
394	0.3732457748591619
8124	0.3765792193073102
4097	0.3766125537517917
13157	0.37664588819627315
13006	0.37674589152971766
4207	0.3799126637554585
4920	0.3799459981999399
4162	0.37997933264442146
3919	0.3831127704256808
12937	0.3834461148704956
