9202	0.0016387959866220742
3046	0.0033444816053511683
135	0.00457222710099256
6292	0.0046822742474916385
5584	0.0048494983277591955
11664	0.005016722408026756
369	0.007591973244147156
4955	0.008193979933110367
10799	0.008193979933110367
7280	0.00830568488291862
2155	0.008327759197324414
2510	0.008327759197324414
2971	0.008327759197324414
3439	0.008327759197324414
3461	0.008327759197324414
4308	0.008327759197324414
5186	0.008327759197324414
6030	0.008327759197324414
7918	0.008327759197324414
8688	0.008327759197324414
10464	0.008327759197324414
10768	0.008327759197324414
10795	0.008327759197324414
7261	0.008361093641805897
8428	0.008361093641805897
9545	0.008361093641805897
13361	0.008361093641805897
9910	0.008361204013377928
7029	0.008383611672228536
3425	0.008394648829431438
9096	0.00846109697525035
11460	0.00846109697525035
4155	0.011605794886585412
13080	0.01165016648826979
12071	0.011672240802675583
5691	0.011694538089954163
11693	0.011716945748804778
321	0.012569621885946918
10073	0.012939172665844718
2083	0.013294591425065342
5965	0.014292196584925174
6604	0.014961313649139479
11613	0.014961313649139479
806	0.014994648093620961
1201	0.014994648093620961
9037	0.015006018595268674
395	0.015028092909674471
9255	0.015429430702316616
8039	0.015761340316695065
11456	0.016628035873213615
7698	0.016694815133748604
7938	0.016722408026755852
12440	0.01706811631736665
1212	0.01765886287625418
11461	0.018228089208324787
4435	0.018294758097287752
5228	0.018294758097287752
6263	0.018306018227363434
7422	0.018306018227363434
12642	0.018306018227363434
1369	0.018339463043416944
6617	0.018339463043416947
318	0.018361204013377926
2118	0.018361204013377926
4284	0.018361204013377926
7232	0.018361204013377926
756	0.018372907859470457
9199	0.018372907859470457
7680	0.018406019331079156
1719	0.01845039316249226
405	0.019683877979879156
3989	0.020011703846092528
4954	0.020383678341117505
4795	0.020394605126748375
9933	0.020747156454824976
2697	0.02083965675110018
6584	0.020914380535092533
3089	0.021028182544769333
10594	0.021294858100621195
1651	0.021428195878547128
5229	0.021527757725703457
11474	0.021527757725703457
1364	0.02161716538823312
4937	0.021639462675511707
241	0.021650499832714602
7704	0.021650499832714602
6988	0.021661536989917504
5324	0.021683944648768116
2051	0.02171738946482163
11617	0.02171738946482163
12959	0.02171738946482163
3980	0.021739686752100206
11260	0.021750723909303105
5098	0.021761538093633216
8897	0.022207357859531773
3732	0.023494708463526272
10664	0.023661603658806468
11587	0.02421404682274247
13142	0.02466019993308585
6925	0.024660972534090046
