196	0.0
1193	0.0
1219	0.0
2379	0.0
2799	0.0
4008	0.0
4398	0.0
4419	0.0
4732	0.0
4779	0.0
5009	0.0
5967	0.0
7604	0.0
7946	0.0
8103	0.0
8424	0.0
10877	0.0
11324	0.0
314	3.333444448147885e-05
455	3.333444448147885e-05
1687	3.333444448147885e-05
2347	3.333444448147885e-05
2624	3.333444448147885e-05
2939	3.333444448147885e-05
3189	3.333444448147885e-05
3652	3.333444448147885e-05
3705	3.333444448147885e-05
4007	3.333444448147885e-05
4147	3.333444448147885e-05
4170	3.333444448147885e-05
4496	3.333444448147885e-05
4866	3.333444448147885e-05
4930	3.333444448147885e-05
5138	3.333444448147885e-05
5164	3.333444448147885e-05
5818	3.333444448147885e-05
6080	3.333444448147885e-05
6347	3.333444448147885e-05
6815	3.333444448147885e-05
6938	3.333444448147885e-05
7389	3.333444448147885e-05
7673	3.333444448147885e-05
7904	3.333444448147885e-05
8045	3.333444448147885e-05
9574	3.333444448147885e-05
9988	3.333444448147885e-05
11032	3.333444448147885e-05
11629	3.333444448147885e-05
11916	3.333444448147885e-05
12160	3.333444448147885e-05
13054	3.333444448147885e-05
13326	3.333444448147885e-05
173	0.00016667222240741159
1145	0.00016667222240741159
1423	0.00016667222240741159
8062	0.00016667222240741159
9549	0.00016667222240741159
9795	0.00016667222240741159
10509	0.00016667222240741159
10561	0.00016667222240741159
1302	0.0004666822227407559
11465	0.0006000200006666886
8937	0.0009333644454815153
10669	0.0013667122237407889
11210	0.0016333877795926509
12828	0.0016333877795926509
188	0.0016667222240741332
219	0.0016667222240741332
1061	0.0016667222240741332
4195	0.0016667222240741332
4472	0.0016667222240741332
7844	0.0016667222240741332
12526	0.0016667222240741332
13175	0.0016667222240741332
343	0.0016667222240741367
1520	0.0016667222240741367
3245	0.0016667222240741367
3271	0.0016667222240741367
5010	0.0016667222240741367
6185	0.0016667222240741367
8986	0.0016667222240741367
9687	0.0016667222240741367
11148	0.0016667222240741367
11375	0.0016667222240741367
11715	0.0016667222240741367
13314	0.0016667222240741367
3257	0.0020334011133704456
6285	0.0024000800026667546
6611	0.002933431114370482
6498	0.0031667722257408583
10084	0.0031667722257408583
9879	0.0031667722257408618
5417	0.0033001100036667876
489	0.003300110003666791
1792	0.003300110003666791
1806	0.003300110003666791
2649	0.003300110003666791
3719	0.003300110003666791
3986	0.003300110003666791
4324	0.003300110003666791
