2547	0.009160151179535385
720	0.02249392897212847
11415	0.02589404230923966
6962	0.026747724687677138
8161	0.029094148979462015
10448	0.029494492116770764
10765	0.031027546759388003
11312	0.0350480013635663
10348	0.03880115148422911
174	0.039127816768388314
5980	0.03962916926774168
9809	0.04200125815445142
2117	0.0420345925989329
3397	0.042327923438610665
10713	0.04239459232757362
3937	0.042427926772055105
7770	0.04242792677205511
10568	0.04246126121653658
2903	0.042461261216536615
10353	0.04426132121853666
1330	0.045961377887092286
107	0.047004081151236964
8724	0.04746977268507667
2406	0.048268133716970175
4422	0.048268133716970175
2435	0.04843480593937757
5312	0.048802820660805
13333	0.0488361551052865
6019	0.04898954698318659
2104	0.04926816705141464
1162	0.0503068781588651
8932	0.05080321713322494
8365	0.05126823372030362
4102	0.05203758226794084
7187	0.0521029306644718
10388	0.0524949290054629
11462	0.05322828678405551
867	0.05357365371805041
12620	0.0541054018311968
2274	0.05416165122953705
1625	0.05416999602585469
1256	0.054968357057748184
4988	0.055200362336987455
4972	0.055340379275568986
5056	0.05534335006396392
9595	0.05573878961078945
3920	0.0557617045646482
2	0.05577004936096584
11338	0.05647241455580828
11398	0.05647241455580828
7690	0.05656041073977176
11642	0.05743677158503998
6944	0.05746176123320384
7692	0.05747010602952148
808	0.05756176456664826
6283	0.05757010936296588
4611	0.058769819560768335
5393	0.058995145679352025
10346	0.059128483457277954
1234	0.05912848345727797
2301	0.059128483457277975
7572	0.05916181790175946
1166	0.05926182123520389
9594	0.06020720816986548
12518	0.060307211503309935
5201	0.06034054594779142
192	0.060828540125833566
8454	0.061442217571944145
8964	0.06160191150956326
12063	0.06163023242905123
4014	0.06163524595404477
793	0.062107271505309945
11521	0.06246192790542623
4244	0.06249526234990772
749	0.06357398706249522
6553	0.06364065595145817
2042	0.06407032603685504
3953	0.06407032603685504
7139	0.06407032603685504
9168	0.06407032603685504
11634	0.06407032603685504
11743	0.06407032603685504
13439	0.06407032603685504
1174	0.0641036604813365
7926	0.0641036604813365
7933	0.0641036604813365
7381	0.06410366048133653
9625	0.06410366048133653
9945	0.06410366048133653
12127	0.06410366048133653
12279	0.06410366048133653
686	0.06410366048133655
2549	0.06410366048133655
5059	0.06410366048133655
7593	0.06410366048133655
9742	0.06410366048133655
13241	0.06410366048133655
297	0.06413699492581804
3908	0.06413699492581804
9532	0.06417032937029948
