22	0.0
9566	0.0
3153	0.00013333777792592927
12388	0.00013333777792592927
5610	0.00016667222240741852
10414	0.001700056668555612
4424	0.0018333944464815413
2268	0.006400213340444685
2085	0.006733557785259511
489	0.006800226674222476
6105	0.010133671122370742
13054	0.010133671122370746
196	0.010133671122370756
10669	0.011467048901630056
10473	0.012267075569185638
7301	0.013300443348111608
423	0.01346711557051902
2347	0.013500450015000508
9568	0.014833827794259815
3271	0.01646721557385246
10519	0.016500550018333934
2882	0.016533884462815424
4501	0.016533884462815424
7785	0.016533884462815424
13114	0.016533884462815424
11535	0.01653388446281543
5069	0.016567218907296906
9531	0.016567218907296906
7541	0.016667222240741353
13040	0.016667222240741353
10612	0.016767225574185807
12295	0.016800560018667296
8694	0.01683389446314877
12688	0.016933897796593222
9992	0.018300610020334007
9001	0.018367278909296965
8680	0.018667288909630313
3965	0.01926730891029701
497	0.019833994466482208
1851	0.020134004466815562
3359	0.020134004466815562
8937	0.021034034467815602
10533	0.02143404780159338
13009	0.02163405446848228
283	0.02246741558051935
13030	0.02330077669255642
931	0.023334111137037893
9348	0.023334111137037893
6332	0.023434114470482346
10608	0.024834161138704618
7590	0.025167505583519455
6087	0.025200840028000937
7019	0.025200840028000937
4419	0.02650088336277876
2222	0.026534217807260237
2939	0.02653421780726024
9146	0.026534217807260244
7604	0.02663422114070469
9736	0.026667555585186166
6938	0.0268008933631121
8109	0.026800893363112106
11759	0.026800893363112106
12445	0.026834227807593595
4957	0.0268342278075936
968	0.02750091669722323
10577	0.027900930031001026
2170	0.028367612253741792
6285	0.028867628920964027
487	0.029000966698889966
10813	0.029567652255075155
788	0.02960098669955665
438	0.029767658921964063
898	0.02983432781092703
4207	0.02986766225540851
12499	0.029867662255408513
3242	0.029867662255408524
10822	0.02996766558885296
15	0.029967665588852964
3905	0.03000100003333444
1468	0.030001000033334446
2378	0.03010100336677889
2929	0.03010100336677889
3982	0.030134337811260382
6117	0.030134337811260382
11493	0.03016767225574186
12205	0.03146771559051968
3655	0.03156771892396412
12050	0.03170105670189005
11465	0.03256775225840862
1291	0.03313443781459381
12117	0.03313443781459381
2198	0.033167772259075294
1133	0.0331677722590753
3445	0.0331677722590753
278	0.03320110670355678
747	0.03320110670355678
1149	0.03320110670355678
2526	0.03320110670355678
2781	0.03320110670355678
6998	0.03320110670355678
