12335	0.0
3975	3.834796947501523e-05
44	7.669593895003393e-05
3410	7.669593895003393e-05
8196	7.669593895003393e-05
6552	0.00015339187790006613
7922	0.00015339187790006613
9717	0.00015339187790006613
7508	0.00019173984737507963
11495	0.00019173984737507963
12698	0.00019173984737507963
8186	0.0001917398473750831
5281	0.00023008781685009833
8493	0.00023008781685009833
11261	0.00023008781685009833
13243	0.00023008781685009833
10757	0.00026843578632511356
11233	0.00026843578632511356
8593	0.0004218276642251797
2513	0.0004601756337001949
55	0.00046017563370019665
298	0.00046017563370019665
576	0.00046017563370019665
691	0.00046017563370019665
701	0.00046017563370019665
704	0.00046017563370019665
942	0.00046017563370019665
1500	0.00046017563370019665
2132	0.00046017563370019665
2133	0.00046017563370019665
2193	0.00046017563370019665
2258	0.00046017563370019665
2386	0.00046017563370019665
2594	0.00046017563370019665
2913	0.00046017563370019665
2980	0.00046017563370019665
3830	0.00046017563370019665
4446	0.00046017563370019665
4961	0.00046017563370019665
5383	0.00046017563370019665
5442	0.00046017563370019665
5507	0.00046017563370019665
6677	0.00046017563370019665
7629	0.00046017563370019665
7939	0.00046017563370019665
8141	0.00046017563370019665
8817	0.00046017563370019665
9217	0.00046017563370019665
9595	0.00046017563370019665
9743	0.00046017563370019665
10366	0.00046017563370019665
11275	0.00046017563370019665
11280	0.00046017563370019665
11511	0.00046017563370019665
11574	0.00046017563370019665
11636	0.00046017563370019665
11789	0.00046017563370019665
11847	0.00046017563370019665
11908	0.00046017563370019665
12007	0.00046017563370019665
12137	0.00046017563370019665
12367	0.00046017563370019665
12620	0.00046017563370019665
12924	0.00046017563370019665
12963	0.00046017563370019665
13191	0.00046017563370019665
9682	0.0006902634505502932
13292	0.0006902634505502932
13627	0.0006902634505502932
6305	0.0007286114200253085
3185	0.0007286114200253102
10691	0.0007669593895003254
8297	0.0008053073589753424
6889	0.0010353951758254407
1332	0.001112091114775473
3704	0.001112091114775473
6267	0.001112091114775473
9042	0.001112091114775473
11035	0.001112091114775473
12338	0.001112091114775473
1306	0.0011504390842504908
13481	0.001188787053725506
221	0.001227135023200522
895	0.001227135023200522
1131	0.001227135023200522
1176	0.001227135023200522
2009	0.001227135023200522
2312	0.001227135023200522
3211	0.001227135023200522
4267	0.001227135023200522
4556	0.001227135023200522
5593	0.001227135023200522
6910	0.001227135023200522
7213	0.001227135023200522
9770	0.001227135023200522
10184	0.001227135023200522
10652	0.001227135023200522
10700	0.001227135023200522
11321	0.001227135023200522
11338	0.001227135023200522
