1407	0.0003834796947501627
2440	0.0003834796947501627
3130	0.0003834796947501627
5538	0.0003834796947501627
5753	0.0003834796947501627
7256	0.0003834796947501627
7372	0.0003834796947501627
7461	0.0003834796947501627
5404	0.0006168208061205407
6546	0.0007286114200253098
10918	0.0008669627229447733
13132	0.001183506362305747
1304	0.001450181918157609
12486	0.0015501852516020586
2713	0.0015669860570559123
2208	0.0017835263629724356
459	0.0019168641408983667
530	0.0019168641408983667
885	0.0019168641408983667
1397	0.0019168641408983667
1613	0.0019168641408983667
1715	0.0019168641408983667
4615	0.0019168641408983667
5461	0.0019168641408983667
6460	0.0019168641408983667
8035	0.0019168641408983667
10571	0.0019168641408983667
11615	0.0019168641408983667
11900	0.0019168641408983667
12276	0.0019168641408983667
1346	0.0019501985853798516
8907	0.001955212110373383
2938	0.002016867474342817
4188	0.002016867474342817
7742	0.002016867474342817
9089	0.002016867474342817
3346	0.0020502019188242977
6161	0.0020502019188242977
7368	0.0020502019188242977
7676	0.0020502019188242977
8940	0.0020502019188242977
10020	0.0020502019188242977
13306	0.0020502019188242977
105	0.0020502019188242994
2355	0.0020502019188242994
3074	0.0020502019188242994
3344	0.0020502019188242994
6321	0.0020502019188242994
4132	0.00208353636330578
3004	0.002108603988273449
11531	0.0025168841415650553
8914	0.0025502185860465376
9119	0.0026168874750095057
4139	0.0029168974753428483
7291	0.0029906072861988235
13055	0.0030673032251488557
10649	0.0032169074756761926
122	0.003412969283276451
220	0.003412969283276451
246	0.003412969283276451
426	0.003412969283276451
457	0.003412969283276451
513	0.003412969283276451
587	0.003412969283276451
606	0.003412969283276451
640	0.003412969283276451
646	0.003412969283276451
673	0.003412969283276451
792	0.003412969283276451
893	0.003412969283276451
921	0.003412969283276451
955	0.003412969283276451
1077	0.003412969283276451
1119	0.003412969283276451
1309	0.003412969283276451
1350	0.003412969283276451
1555	0.003412969283276451
1780	0.003412969283276451
1781	0.003412969283276451
1833	0.003412969283276451
1856	0.003412969283276451
1863	0.003412969283276451
1871	0.003412969283276451
1923	0.003412969283276451
1932	0.003412969283276451
1939	0.003412969283276451
1946	0.003412969283276451
2078	0.003412969283276451
2110	0.003412969283276451
2135	0.003412969283276451
2148	0.003412969283276451
2285	0.003412969283276451
2324	0.003412969283276451
2364	0.003412969283276451
2396	0.003412969283276451
2415	0.003412969283276451
2487	0.003412969283276451
2535	0.003412969283276451
2615	0.003412969283276451
2622	0.003412969283276451
