9814	0.1183002657719198
7314	0.25987165148477687
2878	0.2606716781523324
4047	0.27397212150044403
8699	0.2907726815191113
7880	0.3197069793290383
5481	0.32977398156244603
736	0.3297739815624461
702	0.34987465158478015
4680	0.3666752116034474
10604	0.3682419304940771
5337	0.3727754149435588
2009	0.3757138595829228
10484	0.38847593829433713
12939	0.3917503990427782
121	0.3989762883060042
3938	0.4008096827524858
1202	0.4068432172036341
9746	0.40990998609593055
3255	0.41020999609626385
13197	0.41380598205135294
8714	0.4168435505480789
887	0.41856384922792284
12550	0.42004365721830134
26	0.42821961713765144
2408	0.42951063945104234
1154	0.43237740167644995
4238	0.4379554122576541
8682	0.4383776016831168
7108	0.43906503623748894
4950	0.4391442939061909
8072	0.4392442972396354
4087	0.44257774168778374
3233	0.44347777168878366
10363	0.44577784835800593
1366	0.44741123613759853
13293	0.4512780316974505
8351	0.45235311067488215
10485	0.45257807503222847
12135	0.45318711605428197
12072	0.45928197606586874
1152	0.4618790766073304
12537	0.46447847171211776
2857	0.47154537394219204
10370	0.483212429510711
80	0.4865125395143778
1335	0.4891126261839335
8777	0.4911894987262828
12973	0.4923794017431188
13138	0.49837960174978563
6264	0.5002463306407486
3104	0.5031797617551191
2253	0.5072296839212942
3101	0.5098466506514157
7600	0.5122133962096009
3956	0.5167468806590826
3223	0.517180228437342
3457	0.520080325107231
20	0.5211136928861568
7934	0.5213530842305192
3248	0.5214137028864902
7631	0.5233471006664161
7883	0.5241471273339718
9685	0.5256841894729825
7581	0.525747180669083
7706	0.5257628808511255
3265	0.5287613152187969
207	0.5288806184503423
7055	0.5310843694789826
7137	0.5342474640118611
4729	0.5347298464166443
10553	0.5349141529014907
12489	0.5365808751255648
30	0.5421810617984539
2264	0.5465478740255281
8955	0.5476812451378987
6275	0.5501146595850468
9708	0.5531147595883803
9575	0.5531480940328617
1166	0.5532637975483486
11630	0.5561148595917137
13122	0.5566482107034174
13057	0.5581482607050842
10424	0.5582482640385286
5042	0.5585816084833435
9843	0.5598816518181213
4095	0.561515039597714
13061	0.5639908095107307
4938	0.5640817918227881
8711	0.5656151762689363
4220	0.5672818984930104
10972	0.568915286272603
6227	0.5731487607217514
502	0.5733487673886404
9030	0.5743154662786033
11619	0.5785156062832701
1141	0.5790489573949738
12539	0.580649010730085
13344	0.5811699929310703
10530	0.5832157629551591
