3689	0.09593043739534726
3906	0.10376878005582166
2083	0.11376911340026646
12159	0.11656622670426625
3926	0.12046911599790044
6108	0.14037000009648967
9851	0.16538187284453335
9721	0.18248917329969902
642	0.1997603866879714
2606	0.21177352933964
11829	0.22384970694513484
3054	0.2506828198883645
7694	0.27711803885497216
2933	0.2859410754311078
3132	0.2899481466729493
4063	0.29047500359660633
13202	0.30025747691718185
5228	0.3404766703188304
3958	0.34601699100510525
7051	0.34977245509471094
1203	0.3504319653727012
11276	0.35890961585402714
417	0.3706533752056487
12347	0.3795749936631649
2481	0.38255488674990207
8800	0.38594351698406476
11694	0.387478016294577
3165	0.3882793024975189
9767	0.3904770014335465
6157	0.40710052099122185
2113	0.40730978103233134
2140	0.42385592788828563
840	0.4240881541352921
2265	0.4269679602737576
12458	0.42858923033123386
4528	0.4294194355236015
3848	0.4303794463422453
8965	0.44052359607477254
6918	0.45406652353690313
9098	0.4554021310448903
5247	0.4554659012865071
12553	0.4570805571150569
9226	0.4672578205489216
8873	0.4740013006270201
9155	0.4751144915795391
4189	0.48010295886512644
12416	0.48112220169878234
7530	0.5154185764091226
11220	0.5162666132755414
8690	0.5355551372599247
6184	0.5378567189960382
5065	0.5486784196548793
8450	0.5520613162284321
4373	0.5527716018890131
2032	0.5567197299935221
5363	0.5838291521908571
7927	0.5851347112738096
10583	0.5904292618266186
4222	0.5940694511707227
8259	0.594104524803612
11258	0.5991632196252119
1449	0.6004736334283031
5082	0.6021623173654822
8961	0.6039327308063174
10428	0.6079792336707193
4155	0.613807854936913
5567	0.6139524528449146
4473	0.6166959233351795
1402	0.6173168916372445
10575	0.6176737652944599
5116	0.6236176601912911
12231	0.6236903944565602
11587	0.6262498828261369
12242	0.6287745767930818
2106	0.6292242864083427
6923	0.629901636670233
7916	0.6338299292513188
2128	0.6402864432421419
13304	0.6438637074118171
7910	0.6521857250576674
12463	0.6555979904163455
5279	0.657048094494508
3091	0.6702315930303009
9002	0.6720982048605058
1292	0.6755314296692256
13160	0.6765314630036702
8677	0.6785210510624027
4049	0.6785831774404965
6985	0.6806856705965433
10776	0.681522224002033
7156	0.6830097892048572
13400	0.6836993708302521
6327	0.6904768542714504
2271	0.6954849387103854
7270	0.6967675220826899
8984	0.699671939727954
5772	0.7004770772443232
9731	0.7005438565048583
7972	0.7052241903830464
2874	0.7072784585238425
