283	0.04272448494614392
2222	0.046791287172884805
7604	0.04689129050632926
8680	0.04692462495081075
4501	0.04930667709888024
7785	0.04930667709888024
13114	0.04930667709888024
5069	0.04934001154336172
9531	0.04934001154336172
10519	0.04934001154336173
7541	0.04944001487680617
13009	0.049689865972471624
278	0.05345817606918135
12113	0.05359151384710728
2474	0.05515823273773697
497	0.05600690043965826
9348	0.056106903773102706
6398	0.05792436267791734
2438	0.05842500829692227
9992	0.05904683195938815
4419	0.059273675998843575
2939	0.05930701044332506
9146	0.05930701044332506
9736	0.05944034822125098
7097	0.05982505496514456
489	0.06012506496547789
1193	0.06022506829892235
8890	0.060535980130155286
10577	0.06067372266706584
6285	0.06170709044599182
898	0.06260712044699185
12499	0.06264045489147334
10822	0.06274045822491778
3905	0.06277379266939925
1468	0.06277379266939927
6117	0.0629071304473252
8996	0.06326877562585419
12111	0.06329183719121877
10813	0.0633217103043896
2368	0.06355851274707063
12205	0.0642405082265845
3655	0.06434051156002894
12050	0.06464764758405993
10669	0.06479188719288548
7723	0.06509189719321881
504	0.06529190386010772
11465	0.06534054489447344
9221	0.06542524163803365
10473	0.06559191386044105
3257	0.06559191386044107
788	0.0657738926727327
22	0.06584056156169567
2742	0.06584056156169567
9566	0.06584056156169567
1133	0.06594056489514012
3445	0.06594056489514012
747	0.0659738993396216
1149	0.0659738993396216
2526	0.0659738993396216
2781	0.0659738993396216
3153	0.0659738993396216
6998	0.0659738993396216
7830	0.0659738993396216
8210	0.0659738993396216
8793	0.0659738993396216
9215	0.0659738993396216
11608	0.0659738993396216
12388	0.0659738993396216
12494	0.0659738993396216
13135	0.0659738993396216
1291	0.06597389933962161
3271	0.06597389933962161
12117	0.06597389933962161
7724	0.06600723378410307
1170	0.06600723378410309
2198	0.06600723378410309
5610	0.06600723378410309
4160	0.06610723711754753
5252	0.06610723711754753
7124	0.06610723711754753
11532	0.06610723711754753
2017	0.06610723711754754
13077	0.06654771091950445
2342	0.06692529163970037
10414	0.06754061823025127
7309	0.06760728711921425
9802	0.06760728711921425
2111	0.06764062156369573
4424	0.0676739560081772
10015	0.06774062489714018
10693	0.06775802379995476
757	0.06780729378610315
9530	0.06792469602236216
13134	0.0680580338002881
6316	0.06844064823125133
13008	0.06855867941929303
3242	0.06930734378776986
5036	0.06930734378776986
5176	0.06930734378776987
10372	0.06930734378776987
