2083	0.0016667222240741297
2155	0.0016667222240741297
995	0.0033334444481482595
13493	0.0033334444481482595
2328	0.0033667788926297487
2932	0.0033667788926297487
3275	0.0033667788926297487
3348	0.0033667788926297487
4049	0.0033667788926297487
7670	0.0033667788926297487
7918	0.0033667788926297487
12192	0.0033667788926297487
5567	0.003500116670555678
7704	0.0066112571645364805
5696	0.006666888896296533
9623	0.006677926053499431
2214	0.0067112604979809205
6988	0.006833561118703965
9145	0.007213043110355616
287	0.00833361112037069
11460	0.010000333344444806
2118	0.010033444816053512
1452	0.010033667788926295
11513	0.010167005566852225
2881	0.011728093277579697
11502	0.011761427722061187
5186	0.013300443348111604
6418	0.013300443348111604
11761	0.013300443348111604
12372	0.013300443348111604
7232	0.013333554819720296
2510	0.01333377779259308
10768	0.013333777792593093
12502	0.013333777792593093
644	0.013367112237074569
1270	0.013367112237074569
3033	0.013367112237074569
5202	0.013367112237074569
8605	0.013367112237074569
9545	0.013367112237074569
11456	0.013367112237074569
556	0.01340022370868326
756	0.01340022370868326
1364	0.015011537173870115
4222	0.015406912671893959
6243	0.016700556685222835
135	0.016722630999628636
8897	0.017246377554837107
12497	0.017480934983228547
1201	0.018300610020334007
12919	0.01833394446481549
11664	0.018344871250446364
732	0.01841705648828204
4906	0.018467723729029537
2953	0.01875150464881717
7051	0.018784839093298644
321	0.01923065885919721
9102	0.019687959498315484
2684	0.01998929618724191
9037	0.01998929618724191
574	0.020000666688889626
3253	0.020000666688889626
3906	0.020000666688889626
11682	0.020000666688889626
2201	0.02003400113337111
4063	0.02003400113337111
8428	0.02003400113337111
10552	0.02003400113337111
10664	0.02003400113337111
11491	0.02003400113337111
12959	0.02004481531770123
2476	0.020055852474904115
10754	0.020067112604979807
11291	0.020067112604979807
1183	0.02006744594942462
13023	0.020089186919385604
3774	0.020167338911297038
4459	0.020400680022667414
5965	0.020736452642066888
10983	0.021722574698978273
4473	0.023032884819683512
9851	0.02340055705312808
9973	0.023433668524736773
6051	0.023467113340790283
5994	0.0248668311240252
3046	0.024983944280862872
4176	0.025822711370200643
6201	0.026656185083538456
3690	0.026733778528403557
4610	0.02674503865847925
8698	0.026755634329394026
8485	0.02675607581568215
6607	0.026767112972885046
4954	0.028389796939719616
12239	0.028456242855809798
8892	0.02865161391667348
3689	0.028784949464870674
11587	0.029253399862492625
12159	0.029253399862492625
2933	0.029555946179253903
