8026	0.5408640790092688
5987	0.6497861032774134
3073	0.659234691363014
7727	0.705807059828808
5936	0.7236919971305082
6018	0.7277910456941116
6203	0.7464226578292318
1349	0.7619916271850665
10450	0.763177873227506
10341	0.7831014735444937
5906	0.7879389815060187
12308	0.8197809559486451
58	0.8795521378419993
1195	0.9038743956296333
7661	0.9059415771332306
5070	0.9127862857807099
12940	0.9207280220771594
1604	0.9828519434876948
5988	0.9883180130924674
12516	0.994444081285822
10850	0.9991327548547625
6961	1.0161541683890598
5266	1.0201868125574798
9706	1.0225106790464384
7947	1.0231210672856896
6978	1.0295999911650922
11238	1.031267269706484
5230	1.0643369350163976
13299	1.0781498268842538
67	1.1371793798202994
10496	1.141392920590225
2951	1.1424730958538662
7169	1.1484011630213224
890	1.164594569022258
1252	1.1664145289806038
5048	1.1735465898309785
2387	1.1745386017163248
5977	1.191404715759591
2357	1.203513367987798
11622	1.2049029360458636
4699	1.2167842228356909
3721	1.2213921133328212
36	1.2309644620159352
9585	1.2523166681200988
12443	1.2671384542643638
6101	1.2784840899773047
5021	1.2799725509639082
4103	1.2902723313021824
2049	1.3131137528594998
13048	1.3265630671918183
10139	1.3315632338640406
1169	1.3512750336219144
2067	1.366741774375034
7006	1.3685073850681886
11285	1.3714533037782997
8930	1.3722223361016734
13280	1.3811995595342046
13360	1.3825478753810767
10739	1.3965545864186018
4209	1.4002636275560933
2861	1.4133674088304078
7080	1.4294955116512265
11343	1.4301152926227438
6939	1.4384227545994586
4276	1.4500792189565201
47	1.45478182833001
12967	1.4559011599554452
13279	1.466800293605497
11421	1.4703577020408505
12304	1.47775695760132
9845	1.4802547008371312
7279	1.4837341914020903
3653	1.4911677725214605
2866	1.4935901453519485
5030	1.5065911417062305
3371	1.5118224197610954
7141	1.5201019599598156
1559	1.5230708448758232
11251	1.5233469945490399
2925	1.5242578342749127
9864	1.5250526823974977
4624	1.5334473312269292
6328	1.541846163027454
6542	1.5482707907826048
50	1.555634075849216
12254	1.5636241464853198
104	1.5662390608509154
4159	1.5667702926054636
2501	1.5788269932691756
9716	1.5810394148426483
7708	1.581753946859315
3512	1.5838598210078039
7812	1.5916822723916346
1130	1.5945111316926976
1238	1.5985918683748228
3450	1.6064109116182934
666	1.610964631970845
10863	1.6169598139730095
9059	1.6176865985113125
6063	1.6389942173494432
