10370	0.1171372379079302
10530	0.17677255908530284
12135	0.17867262242074736
12058	0.20610687022900762
1202	0.20694023134104472
4907	0.20970699023300776
13155	0.2119737324577486
30	0.21414047134904496
1366	0.2169405646854895
7273	0.21740724690823024
2408	0.22020734024467487
9532	0.22694089802993433
4220	0.2278409280309343
12975	0.23500783359445318
9708	0.23667455581852725
10553	0.23840794693156436
1335	0.2418747291576386
2009	0.2419413980466015
3956	0.24627487582919433
13439	0.2501083369445648
13293	0.2502750091669722
1166	0.25027500916697226
80	0.25314177139237976
9092	0.2532751091703057
8931	0.2537751258375279
1152	0.2550751691723057
1176	0.25990866362212073
2857	0.26507550251675055
26	0.266208873629121
9122	0.2667755591853062
10424	0.2684422814093803
7926	0.2734757825260842
7600	0.2737424580819361
44	0.2771425714190473
2058	0.2778092603086769
9666	0.2803426780892696
1140	0.2809093636454548
3255	0.2832094403146771
2319	0.28454281809393644
3951	0.2858428614287143
7880	0.2861762058735291
9575	0.28704290143004774
207	0.2891763058768626
10046	0.29190973032434414
6974	0.2924097469915664
2264	0.2937431247708257
2454	0.29677655921864066
3979	0.29684322810760366
2392	0.2989766325544185
1255	0.3000766692223074
11564	0.3004100136671222
8894	0.3004433481116037
118	0.3005433514450482
4238	0.30084336144538154
7633	0.3012100403346778
808	0.3016767225574186
1178	0.30204340144671493
5629	0.3037434581152705
7137	0.30387679589319644
12237	0.30527684256141874
3301	0.30664355478515953
2059	0.3069768992299743
4082	0.3070435681189373
12539	0.3078769292309743
2989	0.3082436081202707
1151	0.30841028034267814
7111	0.30954365145504853
9135	0.3108770292343078
4960	0.31471049034967835
4968	0.31674389146304877
2956	0.31687722924097467
2871	0.31691056368545617
7226	0.3169438981299377
7197	0.3170439014633821
5329	0.3170772359078636
6002	0.3170772359078636
12442	0.3171439047968265
12289	0.31901063368778965
3265	0.32014400480016003
12542	0.32041068035601183
5272	0.3207106903563452
10365	0.3217440581352712
10517	0.322144071469049
7302	0.32371079035967865
12417	0.3237774592486416
1273	0.3251441714723824
1312	0.3253441781392713
10484	0.32814427147571584
10869	0.32867762258741956
12133	0.33007766925564186
13039	0.33044434814493817
7108	0.33257775259175304
502	0.3330444348144938
13104	0.33344444814827157
12493	0.3334444481482716
8707	0.33347778259275307
9556	0.3335777859261975
12147	0.3335777859261975
13291	0.33374445814860493
8725	0.3338111270375679
