8677	0.0
1251	3.333444448148232e-05
7163	3.333444448148232e-05
7881	3.333444448148232e-05
9944	3.333444448148232e-05
10983	3.333444448148232e-05
2128	6.666888896296116e-05
4152	6.677926053499234e-05
10410	6.677926053499234e-05
10537	0.0004334581498313013
4157	0.0011370133742473754
12159	0.0012361337351155938
8892	0.0014045719026754624
12349	0.0016721304311035565
10396	0.002533528152164715
11694	0.002866762225407514
3926	0.0031667722257408583
7129	0.0032440367856185967
2897	0.0033001100036667876
8061	0.0033001100036667876
7356	0.0033667788926297557
32	0.0034338892678808415
454	0.003744494939128963
7982	0.00497113671905006
10697	0.0050001666722224065
3725	0.005016612036454732
13202	0.005242558252499165
2400	0.005833527784259477
10600	0.005833527784259477
6091	0.005878009757515883
13112	0.006588518390969772
4151	0.006633554451815061
6964	0.006633554451815061
11441	0.006636203369543759
10913	0.006666888896296545
9942	0.006688963210702344
3848	0.006700223340778027
4658	0.006700223340778027
6438	0.006700223340778027
6653	0.006700223340778027
7435	0.006700223340778027
10045	0.006700223340778027
7242	0.006700333712350055
11225	0.006722297655183812
8698	0.006834002604992081
1410	0.006845039762194978
5624	0.006856076919397873
4610	0.007011270498314275
12347	0.007536343742115826
10917	0.007634029272547667
9789	0.008071460798972007
13023	0.008133604453481783
2123	0.008167380384251391
12329	0.00823371815849826
5560	0.00846739038458473
3723	0.008567393718029183
114	0.008667397051473631
100	0.00911829390968551
3689	0.009129110323744354
3171	0.009910925681915142
13127	0.010000000000000002
7915	0.010000333344444813
8485	0.010000333344444817
11458	0.010033334444481484
767	0.010033667788926299
12093	0.010044704946129196
3306	0.0100557421033321
10650	0.010167447053140353
2242	0.010200117038460927
5994	0.010689538034768388
3126	0.010735675581605236
2425	0.010836453745782616
2064	0.011338236358157311
2881	0.011627869200991205
10754	0.011689129882924754
4781	0.011772464879264088
6247	0.011833727790926365
4347	0.011839246369527814
7051	0.012004704504642914
1895	0.012140911943441593
11502	0.012361226979583828
5273	0.012377674573544863
4850	0.012500083336111207
7589	0.012566972968218227
13102	0.013067212608313254
8727	0.01320021704179437
53	0.013211366800298035
11291	0.013322517662517406
8811	0.013355852106998889
2449	0.01336711223707457
11147	0.01336711223707457
12239	0.01340055705312808
7416	0.013522965815694418
556	0.01362252766285075
4473	0.013656855451480487
9102	0.013735005213663201
6594	0.014011503839425645
11320	0.01412254433007299
13722	0.014169787822358853
13081	0.014389219885924839
