1362	0.02830094336477883
7083	0.03507371683631285
1175	0.03654402728456962
8325	0.03675808278576607
6077	0.039209805032716774
1621	0.03987649392234643
12324	0.03997649725579088
1521	0.04034317614508719
1356	0.040809858367827946
6045	0.040809858367827946
6321	0.040809858367827946
8898	0.040809858367827946
9260	0.040809858367827946
10636	0.040809858367827946
422	0.04084319281230943
758	0.04084319281230943
7980	0.04084319281230943
8846	0.04084319281230943
948	0.04087652725679091
2137	0.04087652725679091
4493	0.04087652725679091
5107	0.04087652725679091
6308	0.04087652725679091
6350	0.04087652725679091
8151	0.04087652725679091
9724	0.04087652725679091
10712	0.04087652725679091
11268	0.04087652725679091
11230	0.04090986170127239
13312	0.04100986503471685
10661	0.04117653725712425
6300	0.04134320947953167
13366	0.0416765539243465
2396	0.04247658059190208
3665	0.04247658059190208
3947	0.04247658059190208
5318	0.04247658059190208
6207	0.04247658059190208
7586	0.04247658059190208
10663	0.04247658059190208
11274	0.04247658059190208
12127	0.04247658059190208
3834	0.042509915036383565
4297	0.04254324948086504
13132	0.043276607259457665
213	0.04400996503805028
1819	0.04400996503805028
2427	0.04400996503805028
3004	0.04400996503805028
138	0.04414330281597622
297	0.04414330281597622
2080	0.04414330281597622
2131	0.04414330281597622
3265	0.04414330281597622
5351	0.04414330281597622
10545	0.04414330281597622
10555	0.04414330281597622
10963	0.04414330281597622
12834	0.04414330281597622
351	0.0441766372604577
897	0.0441766372604577
1508	0.0441766372604577
1660	0.0441766372604577
1786	0.0441766372604577
1865	0.0441766372604577
1977	0.0441766372604577
2192	0.0441766372604577
2329	0.0441766372604577
2459	0.0441766372604577
3297	0.0441766372604577
3400	0.0441766372604577
3464	0.0441766372604577
3679	0.0441766372604577
3704	0.0441766372604577
4004	0.0441766372604577
4705	0.0441766372604577
5012	0.0441766372604577
5022	0.0441766372604577
5675	0.0441766372604577
5838	0.0441766372604577
6013	0.0441766372604577
6074	0.0441766372604577
6443	0.0441766372604577
6499	0.0441766372604577
6879	0.0441766372604577
6990	0.0441766372604577
7053	0.0441766372604577
7584	0.0441766372604577
7804	0.0441766372604577
8024	0.0441766372604577
8118	0.0441766372604577
8367	0.0441766372604577
8581	0.0441766372604577
8981	0.0441766372604577
9166	0.0441766372604577
9254	0.0441766372604577
9558	0.0441766372604577
9614	0.0441766372604577
9729	0.0441766372604577
10023	0.0441766372604577
