5005	0.001700056668555619
11675	0.0033334444481482733
1662	0.0037964489780266137
3909	0.0037964489780266137
1535	0.003829783422508096
7923	0.003829783422508096
1540	0.005033501116703892
10546	0.005496505646582233
3143	0.005763181202434098
4614	0.006559687409043178
163	0.006700223340778022
5201	0.006700223340778022
10778	0.006700223340778022
7126	0.006733557785259504
462	0.006866895563185441
5442	0.006968501895187228
160	0.007096558981693405
3814	0.007096558981693405
3967	0.007096558981693405
9786	0.007096558981693405
11420	0.007096558981693405
1181	0.007163227870656369
6357	0.007163227870656369
10534	0.007996588982693434
10807	0.008829950094730506
12070	0.009517384649102647
5297	0.009537973081929229
8047	0.009806408868254343
332	0.00996699889996333
914	0.009966998899963338
3609	0.010296665651915742
370	0.010496672318804636
1362	0.010496672318804636
2489	0.010496672318804636
3108	0.010496672318804636
3538	0.010496672318804636
3651	0.010496672318804636
6110	0.010496672318804636
6261	0.010496672318804636
6314	0.010496672318804636
6532	0.010496672318804636
7381	0.010496672318804636
7470	0.010496672318804636
7899	0.010496672318804636
7973	0.010496672318804636
8228	0.010496672318804636
8862	0.010496672318804636
8982	0.010496672318804636
9036	0.010496672318804636
9118	0.010496672318804636
9135	0.010496672318804636
9776	0.010496672318804636
9850	0.010496672318804636
10454	0.010496672318804636
10782	0.010496672318804636
10888	0.010496672318804636
11245	0.010496672318804636
11517	0.010496672318804636
2955	0.010530006763286118
11338	0.010535020288279653
1267	0.010663344541212054
12266	0.01086702890096336
8689	0.011296698986360225
4972	0.01166705556851895
793	0.011733724457481914
13057	0.012096725653915808
6543	0.01213006009839729
8225	0.012163394542878772
5332	0.012500416680556018
8135	0.01259674232113805
4134	0.013567118903963463
2050	0.013630110100064015
10046	0.013630110100064015
12555	0.013630110100064015
7149	0.013696778989026973
290	0.013763447877989944
2743	0.013763447877989944
4154	0.013763447877989944
4958	0.013763447877989944
6407	0.013763447877989944
7123	0.013763447877989944
7925	0.013763447877989944
9841	0.013763447877989944
9889	0.013763447877989944
13035	0.013763447877989944
5370	0.013763447877989951
1301	0.013796782322471427
4220	0.013796782322471427
7809	0.013796782322471427
10369	0.013796782322471427
3104	0.013830116766952902
1278	0.013830116766952909
2230	0.013830116766952909
3526	0.013830116766952909
7125	0.013830116766952909
11077	0.013830116766952909
2009	0.013835130291946444
10658	0.013930120100397363
12575	0.014130126767286253
2412	0.014369817235781283
