3908	0.008355575063204446
12127	0.008355575063204466
9594	0.009988962842797107
9625	0.013389076179908359
12620	0.014955795070538028
12279	0.016689186183575146
11642	0.01668918618357515
11398	0.01672252062805663
7692	0.020022630631723402
9809	0.021022663966167896
4909	0.021689352855797525
6283	0.023456078413316112
9656	0.02498946285946432
1786	0.02622283730527918
4422	0.026489512861131066
1625	0.02662285063905698
468	0.02665618508353847
4551	0.026722853972501442
9843	0.026722853972501442
2117	0.0269895295283533
5201	0.029989629531686737
6019	0.029989629531686737
2406	0.02998962953168675
8724	0.03002296397616822
7381	0.03002296397616824
11338	0.03002296397616824
10487	0.03078965619924232
144	0.03172302064472383
8052	0.03182302397816827
2547	0.03328973953535352
2572	0.03332307397983502
4972	0.034989796203909164
10348	0.03618983620524252
2597	0.0366231839835018
4947	0.03665651842798328
2021	0.036689852872464755
12062	0.036723187316946244
793	0.03852324731894629
1227	0.04002329732061302
7926	0.04002329732061303
5980	0.04002329732061305
10545	0.04002329732061305
13115	0.04082332398816861
5312	0.041056665099538994
7139	0.041656685100205704
2058	0.041690019544687165
4556	0.04172335398916865
2104	0.04239004287879831
13129	0.04252338065672422
7690	0.042523380656724244
4108	0.04269005287913167
10661	0.04295672843498349
12125	0.043190069546353876
686	0.04329007287979834
3658	0.04332340732427982
8272	0.043323407324279826
5013	0.04335674176876132
11415	0.04342341065772426
2435	0.04349007954668724
13063	0.04369008621357613
2	0.04495679510387249
174	0.04499012954835396
13139	0.04649017955002068
2156	0.046623517327946604
12518	0.04662351732794661
5297	0.046656851772428086
2489	0.0466568517724281
3937	0.0466568517724281
2042	0.04665685177242811
11634	0.046656851772428114
4132	0.04669018621690956
10568	0.046690186216909575
35	0.046690186216909596
7871	0.046690186216909596
13100	0.046690186216909596
2329	0.046723520661391064
1579	0.04672352066139108
948	0.046823523994835525
2274	0.04812356732961333
5408	0.04839024288546519
12362	0.04842357732994669
3973	0.049890292887131926
3400	0.04995696177609486
6142	0.04995696177609487
13241	0.04995696177609488
3953	0.0499569617760949
9168	0.0499569617760949
3104	0.049990296220576366
7336	0.05002363066505784
7933	0.05002363066505784
5056	0.050023630665057855
13333	0.050056965109539345
3004	0.050156968442983785
12063	0.050223637331946736
6061	0.051523680666724574
4014	0.051657018444650496
8958	0.05165701844465052
1426	0.05172368733361347
6256	0.051757021778094964
10388	0.051757021778094964
