7407	0.0024334144471482404
11170	0.003233441114703823
13307	0.003233441114703823
10934	0.003300110003666791
6223	0.003366778892629754
198	0.003500116670555685
13216	0.003500116670555685
4441	0.003600120004000133
6300	0.0038001266708890314
10088	0.004300143338111271
4105	0.005000166672222408
7012	0.005100170005666855
12409	0.005100170005666855
3049	0.005200173339111304
11157	0.005200173339111304
3858	0.005233507783592786
6168	0.005966865562185406
9070	0.006000200006666888
10717	0.006333544451481718
8419	0.006366878895963201
4750	0.00660022000733358
6862	0.006633554451815063
6049	0.006666888896296543
12686	0.006666888896296543
4177	0.006666888896296545
6948	0.006666888896296545
3720	0.006700223340778024
6864	0.006700223340778024
9166	0.006700223340778024
5751	0.0067002233407780255
5718	0.006800226674222474
8849	0.006800226674222474
3311	0.0068335611187039565
5465	0.0068335611187039565
7466	0.006933564452148405
5842	0.007033567785592854
9729	0.007166905563518785
1521	0.007233574452481749
5336	0.0075002500083336116
9836	0.007700256675222507
10974	0.008033601120037337
7599	0.008166938897963267
2802	0.008300276675889196
3775	0.008300276675889196
2364	0.0083002766758892
7878	0.008400280009333643
12630	0.008400280009333643
13315	0.008400280009333643
13345	0.008400280009333645
2492	0.008433614453815127
8576	0.00846694889829661
1034	0.008466948898296611
9484	0.008466948898296611
13352	0.00883362778759292
11563	0.009000300010000333
3155	0.009133637787926264
6186	0.009133637787926264
7110	0.009133637787926264
3687	0.009166972232407746
4256	0.009166972232407746
1693	0.009833661122037402
5246	0.009866995566518884
6166	0.009966998899963333
7083	0.010000333344444815
3170	0.010033667788926297
12527	0.010033667788926297
10207	0.01006700223340778
8923	0.01010033667788926
3322	0.010167005566852228
4622	0.01016700556685223
10455	0.01016700556685223
1274	0.01020034001133371
1523	0.010367012233741126
6470	0.010500350011667057
9313	0.010633687789592986
1915	0.01066702223407447
12216	0.010833694456481883
12934	0.01166705556851895
7142	0.011700390013000434
1148	0.011733724457481914
11907	0.01180039334644488
126	0.011867062235407845
13258	0.011967065568852294
8204	0.012033734457815257
1905	0.012300410013667122
9314	0.012300410013667122
9461	0.012300410013667122
4231	0.012467082236074536
7287	0.012700423347444915
5331	0.013300443348111602
1389	0.013300443348111604
2865	0.013300443348111604
11325	0.013300443348111606
48	0.013333777792593086
84	0.013333777792593086
137	0.013333777792593086
199	0.013333777792593086
204	0.013333777792593086
217	0.013333777792593086
307	0.013333777792593086
