3239	0.13673789126304212
13135	0.18833961132037738
4207	0.19167305576852564
2490	0.20474015800526682
4940	0.20484016133871125
836	0.2050401680056002
8996	0.20527350911697057
11324	0.2075402513417114
2899	0.20827360912030396
9134	0.21494049801660053
8318	0.21497383246108204
12485	0.2255075169172306
7152	0.22994099803326776
7601	0.23160772025734194
1893	0.23187439581319375
9616	0.23854128470949032
3961	0.23997466582219407
12632	0.24160805360178672
1250	0.24517483916130542
10635	0.24830827694256474
12935	0.25000833361112035
8038	0.2534751158371946
10372	0.2566752225074169
6398	0.2616420547351579
708	0.26657555251841736
12064	0.2682422747424914
9546	0.2713423780792693
4162	0.2715757191906397
10458	0.2729424314143805
12474	0.27497583252775093
4038	0.27504250141671394
11302	0.27514250475015833
5000	0.27837594586486225
497	0.28157605253508455
2877	0.28164272142404745
4945	0.28164272142404745
402	0.28207606920230677
12113	0.2882762758758626
13264	0.2901763392113071
10693	0.2915097169905664
4170	0.2915763858795293
6105	0.29160972032401083
8890	0.29160972032401083
7732	0.29334311143704794
11279	0.2944098136604554
10577	0.29697656588552956
3655	0.3000766692223074
9600	0.3016433881129371
6087	0.3033101103370113
8124	0.3048768292276409
2923	0.30497683256108543
189	0.3050435014500483
2945	0.3070102336744558
13177	0.30754358478615956
9530	0.3117103903463449
9	0.31174372479082635
5041	0.3127104236807894
2983	0.3135771192373079
6205	0.31497716590553027
7596	0.3167438914630488
169	0.31997733257775257
10528	0.3215773859128638
8715	0.32504416813893794
12199	0.32581086036201207
4920	0.3283442781426048
2222	0.3283776125870862
11853	0.33031101036701227
19	0.33074435814527153
361	0.33171105703523457
5162	0.33827794259808663
12198	0.33831127704256814
419	0.3383446114870496
9197	0.33837794593153103
3013	0.3408113603786793
6987	0.34161138704623484
6954	0.34181139371312375
9568	0.3433114437147905
5099	0.34361145371512386
6946	0.34501150038334616
4525	0.3516450548351612
11569	0.3522450748358279
12471	0.35554518483949465
6265	0.35591186372879097
12101	0.3563118770625687
10905	0.3583119437314577
9531	0.36161205373512456
10813	0.3621120704023467
2226	0.3625787526250875
11465	0.362678755958532
7008	0.3636787892929764
12144	0.36481216040534686
2465	0.3683456115203839
408	0.36834561152038403
196	0.3699789992999767
278	0.3700456681889397
8223	0.37007900263342114
3962	0.370345678189273
13130	0.37171239041301374
9114	0.37174572485749524
6933	0.37297909930331
