13155	0.06910230341011367
12058	0.07530251008366948
10553	0.09066968898963303
10530	0.09123637454581818
2058	0.09373645788192941
2937	0.09750325010833694
26	0.10233674455815198
1152	0.10733691123037437
10370	0.11770392346411544
9122	0.13103770125670852
3979	0.13103770125670855
1166	0.13140438014600486
10424	0.13270442348078265
9708	0.13433781126037533
7926	0.13773792459748652
1176	0.14430481016033864
8714	0.14537151238374615
2857	0.14953831794393146
7273	0.14993833127770928
3951	0.15010500350011663
80	0.15560518683956134
9575	0.15783859461982064
4220	0.1584386146204873
2408	0.1642721424047468
82	0.16427214240474683
13439	0.16457215240508014
502	0.1658388612953765
2319	0.1668722290743025
13293	0.16780559351978394
2009	0.17260575352511745
13026	0.1739724657488583
44	0.17773925797526585
3104	0.1788059601986733
10484	0.18040601353378452
9092	0.18393946464882163
3956	0.1889729657655255
207	0.18977299243308113
4907	0.19057301910063665
12085	0.19103970132337741
7600	0.19127304243474783
5393	0.19273975799193305
12975	0.192806426880896
7572	0.19453981799393313
1366	0.1978065935531184
3983	0.19920664022134071
4238	0.20330677689256313
7055	0.20380679355978532
13272	0.20417347244908163
4102	0.2076735891196373
12539	0.20847361578719287
10061	0.20930697689922995
146	0.2109403646788226
9666	0.21100703356778555
1151	0.21124037467915593
7314	0.21230707690256342
1301	0.21434047801593384
7235	0.21434047801593384
1551	0.21437381246041537
3121	0.21454048468282275
12493	0.21457381912730422
12147	0.21470715690523012
7108	0.21490716357211911
3255	0.21570719023967466
9750	0.216007200240008
11566	0.2161405380179339
7717	0.21750725024167472
12964	0.21760725357511915
9733	0.21767392246408213
7612	0.2177072569085636
12462	0.21777392579752652
7880	0.2187072902430081
12292	0.21894063135437847
77	0.21927397579919328
10516	0.22094069802326743
3397	0.2211740391346378
4161	0.22150738357945263
7686	0.22174072469082298
3301	0.22430747691589717
12265	0.22434081136037867
117	0.22437414580486015
2264	0.22454081802726755
2256	0.22574085802860094
6256	0.2259741991399713
10388	0.2259741991399713
1202	0.22604086802893433
10365	0.22627420914030466
1335	0.22700756691889734
1306	0.22764092136404546
13333	0.22767425580852693
12417	0.22790759691989732
1525	0.2293076435881196
12135	0.22944098136604552
9945	0.23124104136804557
4968	0.23127437581252708
6962	0.23127437581252708
5351	0.23140771359045298
6000	0.2342744758158605
680	0.23427447581586053
5056	0.23430781026034198
5951	0.23430781026034198
