2342	0.0
3257	0.0013333777792593066
13008	0.0016333877795926544
4195	0.001700056668555619
10669	0.0020000666688889633
3929	0.0029000966698889963
74	0.0033001100036667876
486	0.0033001100036667876
506	0.0033001100036667876
1279	0.0033001100036667876
7701	0.0033001100036667876
12122	0.0033001100036667876
278	0.00333344444814827
329	0.00333344444814827
859	0.00333344444814827
3649	0.00333344444814827
6171	0.00333344444814827
7171	0.00333344444814827
8975	0.00333344444814827
1193	0.003366778892629752
4732	0.003366778892629752
7604	0.003366778892629752
1520	0.005033501116703889
6472	0.0058001933397779926
4266	0.005833527784259475
9879	0.006533551118370614
2073	0.006633554451815061
489	0.006666888896296543
2581	0.0067002233407780255
7097	0.007100236674555817
8680	0.007200240008000267
9290	0.007333577785926198
8363	0.007400246674889163
283	0.007533584452815094
11738	0.008866962232074402
11317	0.009166972232407746
12111	0.009966998899963333
4329	0.010000333344444815
5794	0.010000333344444815
8251	0.010000333344444815
11056	0.010000333344444815
10631	0.010633687789592988
5073	0.011600386679555987
2590	0.011633721124037467
11623	0.011733724457481916
6374	0.012500416680556018
7061	0.012500416680556018
2368	0.013200440014667154
1497	0.01333377779259309
2438	0.01333377779259309
6941	0.01333377779259309
8694	0.01333377779259309
9085	0.01333377779259309
10457	0.01333377779259309
12113	0.01333377779259309
13309	0.01333377779259309
9612	0.013467115570519017
9091	0.014133804460148672
13265	0.014133804460148672
6230	0.01423380779359312
1569	0.014467148904963499
9110	0.014633821127370912
1955	0.014800493349778326
9221	0.015167172239074636
3182	0.015233841128037603
903	0.016500550018333945
9961	0.016500550018333945
7723	0.016667222240741356
1490	0.01666722224074136
2393	0.01666722224074136
5092	0.01666722224074136
5189	0.01666722224074136
6124	0.01666722224074136
6477	0.01666722224074136
7412	0.01666722224074136
7536	0.01666722224074136
8088	0.01666722224074136
10392	0.01666722224074136
11556	0.01666722224074136
12943	0.01666722224074136
504	0.016867228907630257
2226	0.01830061002033401
14	0.019967332244408147
123	0.019967332244408147
288	0.019967332244408147
344	0.019967332244408147
368	0.019967332244408147
385	0.019967332244408147
443	0.019967332244408147
567	0.019967332244408147
593	0.019967332244408147
653	0.019967332244408147
779	0.019967332244408147
782	0.019967332244408147
935	0.019967332244408147
1018	0.019967332244408147
1049	0.019967332244408147
1138	0.019967332244408147
1368	0.019967332244408147
1465	0.019967332244408147
