6260	0.001666722224074135
725	0.0016667222240741367
5446	0.0017000566685556173
513	0.003300110003666784
9674	0.003366778892629754
1268	0.004833494449814988
5726	0.004966832227740919
9842	0.004966832227740919
10545	0.004966832227740919
10660	0.004966832227740919
1288	0.004966832227740921
11256	0.004966832227740921
7101	0.005000166672222408
8272	0.005000166672222408
9128	0.005000166672222408
2329	0.005033501116703884
10063	0.005033501116703884
2129	0.006633554451815056
3081	0.006666888896296546
3920	0.0067002233407780255
1330	0.007433581119370642
4108	0.007500250008333605
12194	0.007700256675222507
948	0.008166938897963263
10548	0.008200273342444737
3973	0.008233607786926224
3004	0.008233607786926226
5013	0.00830027667588919
2462	0.008300276675889192
4758	0.008300276675889192
5250	0.008300276675889192
9011	0.008333611120370673
2976	0.00833361112037068
5206	0.00833361112037068
5916	0.00833361112037068
8506	0.00833361112037068
8958	0.00833361112037068
12377	0.008333611120370682
1907	0.008333611120370687
105	0.008366945564852159
106	0.008366945564852162
5097	0.008366945564852162
12002	0.008366945564852162
5135	0.0088669622320744
3187	0.009033634454481812
6061	0.009866995566518873
2762	0.01000033334444481
10907	0.01000033334444481
8289	0.011600386679555982
8806	0.011600386679555982
9840	0.011600386679555982
35	0.011633721124037464
3979	0.011633721124037464
5172	0.011633721124037464
7871	0.011633721124037464
13100	0.011633721124037464
13313	0.011633721124037464
146	0.011633721124037471
9558	0.011633721124037471
9952	0.011633721124037471
7205	0.011667055568518941
195	0.011667055568518946
1579	0.011667055568518946
7069	0.011667055568518946
8429	0.011667055568518946
10409	0.011667055568518946
12559	0.011667055568518946
9394	0.011667055568518953
13037	0.011667055568518953
2913	0.011700390013000429
5991	0.011700390013000432
1160	0.011700390013000436
8739	0.011700390013000436
11568	0.011700390013000436
9097	0.012600420014000472
12221	0.012633754458481954
2082	0.012933764458815281
606	0.013367112237074569
7160	0.013367112237074569
7241	0.013467115570519012
12197	0.013533784459481984
13105	0.013767125570852353
4126	0.014033801126704225
9543	0.014167138904630155
1531	0.014833827794259805
786	0.014967165572185734
13608	0.014967165572185734
5949	0.014967165572185744
2967	0.015000500016667214
4591	0.015000500016667223
10565	0.015033834461148697
2875	0.015033834461148702
2080	0.015033834461148704
5014	0.015033834461148704
7772	0.015033834461148704
11781	0.015033834461148704
13322	0.015033834461148704
11321	0.015067168905630186
12987	0.015067168905630186
178	0.015900530017667253
