62	0.0011000366678889303
347	0.0011000366678889303
517	0.0011000366678889303
2249	0.0011000366678889303
3413	0.0011000366678889303
4092	0.0011000366678889303
7530	0.0011000366678889303
8132	0.0011000366678889303
8692	0.0011000366678889303
8756	0.0011000366678889303
11449	0.0011000366678889303
13125	0.0011000366678889303
13174	0.0011000366678889303
2106	0.0011333711123704127
2280	0.0011333711123704127
3132	0.0011333711123704127
3993	0.0011333711123704127
4222	0.0011333711123704127
4475	0.0011333711123704127
4911	0.0011333711123704127
5378	0.0011333711123704127
8175	0.0011333711123704127
8683	0.0011333711123704127
8696	0.0011333711123704127
9019	0.0011333711123704127
9029	0.0011333711123704127
9775	0.0011333711123704127
10603	0.0011333711123704127
11260	0.0011333711123704127
11270	0.0011333711123704127
13376	0.0011333711123704127
3946	0.002466748891629726
9681	0.0028000933364445493
11276	0.0028000933364445493
4373	0.003633454448481621
7035	0.0038667955598519904
5435	0.004233474449148303
8895	0.004433481116037204
3980	0.004466815560518686
5696	0.004466815560518686
10583	0.004466815560518686
10776	0.004466815560518686
12992	0.004466815560518686
10407	0.0046334877829261045
3021	0.005500183339444645
732	0.005566852228407609
2652	0.005566852228407609
6649	0.005566852228407609
8056	0.005566852228407609
13169	0.005566852228407609
11607	0.005600186672889092
6692	0.005733524450815028
1146	0.006100203340111333
6093	0.006133537784592823
11220	0.006133537784592823
13160	0.00623354111803727
665	0.006500216673889128
5023	0.007200240008000264
12625	0.007200240008000264
7698	0.007233574452481746
13331	0.0076002533417780516
9203	0.007966932231074371
2953	0.0088669622320744
5965	0.0088669622320744
6544	0.0088669622320744
11693	0.0088669622320744
12440	0.0088669622320744
12872	0.008900296676555883
12971	0.009066968898963294
917	0.009433647788259607
9957	0.009433647788259607
11405	0.009466982232741096
4061	0.010033667788926295
4872	0.010167005566852232
6371	0.010167005566852232
11605	0.010300343344778154
1628	0.010533684456148537
10821	0.010900363345444843
7220	0.011100370012333743
9528	0.011100370012333743
10428	0.011167038901296715
9883	0.011900396679889326
4425	0.012000400013333787
5691	0.012200406680222674
1402	0.012233741124704156
5098	0.012233741124704156
7029	0.012233741124704156
1827	0.012800426680889362
2567	0.012800426680889362
5096	0.012800426680889362
12463	0.012800426680889362
13723	0.013200440014667157
629	0.013300443348111604
321	0.01386712890429681
7756	0.01386712890429681
8800	0.01386712890429681
12576	0.01386712890429681
470	0.013900463348778293
1039	0.013900463348778293
4241	0.013900463348778293
