9524	0.3932102747240422
13014	0.4331009251671072
3028	0.43963878879820106
109	0.4984418767837335
4921	0.5328763579331052
4057	0.5432838306350254
2906	0.5596105824072544
13130	0.5609318004520487
2320	0.5650826704705671
2065	0.5663441401925138
12937	0.569877591307551
299	0.5735496193688636
11319	0.5778778579831068
693	0.5861448002145145
5296	0.5937502927246422
13264	0.5980504360627534
7088	0.6055454469027375
2068	0.6078455235719598
5940	0.6255513527599769
3174	0.6382851105519031
6095	0.6412799713868869
9190	0.6433852805575699
12144	0.6548523294592
5444	0.6568414020509281
12271	0.6578805247386653
3941	0.6581645991973317
6175	0.6585531194855343
7628	0.659647250296184
2945	0.6610139625199247
13437	0.6628473569664063
257	0.6663474736369619
11631	0.6669193983614967
3045	0.6733196117019414
12104	0.6818865639336824
12064	0.6828813580997773
2879	0.6834199483798307
5953	0.6841122167384615
11624	0.6862481369924072
7605	0.6875534194955346
727	0.6892149025512591
2024	0.6936232276924955
2026	0.695620984011836
716	0.6970425198659662
2465	0.7027486870107411
6942	0.7061821347923337
6987	0.7062154692368152
9565	0.7141157325789266
6111	0.7145381785262863
4115	0.7225826814772232
695	0.7235879539800174
9574	0.7296162492628161
6312	0.7328830248220015
12234	0.7340584308785135
6979	0.7395832481627793
8999	0.7396165826072609
8318	0.7396832514962239
12543	0.7397832548296683
4927	0.7462168026145946
11522	0.7462168026145946
155	0.752806751839317
6190	0.7530222684571666
5103	0.7541394985702878
12999	0.7561838015145579
2036	0.7563171392924837
12067	0.7568816235174296
10528	0.7583891140186853
6290	0.7595505804071876
5192	0.759650583740632
12563	0.7715734130341033
169	0.7725459800441985
9197	0.7729176926442621
12189	0.7729176926442622
6090	0.7738632189207146
4045	0.776284471536892
4940	0.7764511437592994
4983	0.7765563862610934
7601	0.77961791598504
2337	0.7822600375987376
6080	0.782918025988707
8680	0.786190040716242
5087	0.7935569529466496
8960	0.7960517971144113
2872	0.8000238351760574
3436	0.8002571762874277
2899	0.8028853582331151
1161	0.803085364900004
7884	0.8031853682334484
10524	0.8062521371257447
4003	0.806252137125745
10473	0.8096241551867243
7664	0.8129190260220415
860	0.8130190293554858
10391	0.8134576163020948
4293	0.8151857682467822
4919	0.8160857982477823
4933	0.8163524738036341
10375	0.8203859415858936
8925	0.8278861915942272
8996	0.8284145089951636
1893	0.8296529171517457
