1400	0.02750759585787884
533	0.037474594757842164
3639	0.03750792920232365
427	0.03764126698024957
5422	0.041668055601853396
10849	0.041668055601853396
6962	0.041701390046334864
808	0.042474761430064574
11643	0.04404148032069428
9636	0.04420815254310167
565	0.044208152543101696
8805	0.04682713005211537
2454	0.049447003655218924
3675	0.04984167366047225
13162	0.049848352821127845
1124	0.05047502810562043
3611	0.051183365556651
4026	0.0516683889462982
1178	0.052538290499931445
9641	0.053515141714090955
1241	0.05402946009411983
900	0.05420848588754649
3099	0.054208485887546495
12965	0.054475161443398354
7547	0.05560853255576879
10765	0.05564186700025024
9796	0.05617521811195396
4409	0.05634856949501696
4521	0.05692424539319081
13248	0.057375258113287336
9820	0.0574419270022503
13011	0.05754193033569476
2116	0.05830194339811326
10447	0.05872724422587935
6165	0.05922333137351207
12457	0.0595089923636332
4988	0.05954734033310819
7172	0.060287377272356404
3506	0.06067536811695416
6974	0.06073702348092356
10379	0.06077537145039857
435	0.06084204033936154
10346	0.06084204033936157
5918	0.060875374783843014
1166	0.06087537478384302
1255	0.06135972194842102
6169	0.06296306053575895
11572	0.06338213728060985
13286	0.06413713681803482
3339	0.06414215034302834
8090	0.06414215034302834
3394	0.06417548478750983
6369	0.06417548478750983
720	0.06420881923199129
10950	0.06420881923199132
7020	0.06447549478784315
9635	0.0652088525664358
5329	0.06578388291893864
5912	0.06578388291893864
8676	0.06585055180790159
2380	0.0658505518079016
2871	0.06598388958582753
2059	0.06614756034044175
11239	0.0662172306971979
6944	0.06644222701225067
2013	0.06653798636227376
4102	0.06695791318211711
5020	0.06735027200603741
6913	0.0675089292356581
5295	0.06804822064584345
4096	0.06834229034769518
1887	0.06836894563152107
3668	0.06862463540619125
9661	0.06881698756322263
6059	0.06888161371558701
13039	0.06915066181156838
185	0.06947064793507207
895	0.0696863547840034
10512	0.06980476192145904
11815	0.07004902617690639
1256	0.07008236062138787
12237	0.07028771061680122
11331	0.0706840462577166
13163	0.07095072181356846
3931	0.07107571479517673
1312	0.0711143925681827
4088	0.07230404375829158
6143	0.07237976562634792
12489	0.07245077181523518
12765	0.07255077514867964
9584	0.07260909924132494
7235	0.07267677415888807
9068	0.07269310326859418
13498	0.07275045201203759
8828	0.07336753998458434
11261	0.07378947758331983
7573	0.07407080127351665
8969	0.07414248368747314
11404	0.07414248368747314
8669	0.07417080460696113
