3004	0.0018333944464815483
9266	0.002633421114037136
13063	0.003633454448481616
10691	0.004300143338111274
3658	0.004966832227740928
11352	0.004966832227740928
2435	0.00500016667222241
1260	0.005033501116703885
1190	0.00523350778359279
5346	0.0067002233407780255
6928	0.007400246674889166
9293	0.008300276675889201
5625	0.010833694456481885
5514	0.011500383346111538
1786	0.01166705556851895
2010	0.01166705556851895
6397	0.01166705556851895
7005	0.01166705556851895
7253	0.01166705556851895
9071	0.01166705556851895
9937	0.01166705556851895
9743	0.011667055568518953
1508	0.011700390013000432
9842	0.011767058901963395
4667	0.013367112237074562
8888	0.014200473349111634
2306	0.014467148904963503
13350	0.014733824460815358
6943	0.01496716557218574
7684	0.015033834461148698
11415	0.015133837794593156
6042	0.015967198906630217
5283	0.016267208906963572
3003	0.01630054335144505
3659	0.0166005533517784
8743	0.01663388779625988
1277	0.01666722224074136
148	0.01830061002033401
2082	0.018300610020334018
3314	0.01833394446481549
175	0.018333944464815496
13036	0.01843394779825995
1180	0.01993399779992667
6370	0.020034001133371112
8325	0.020034001133371112
8940	0.02076735891196374
7197	0.02150071669055635
44	0.021600720024000805
5370	0.021600720024000805
7690	0.021634054468482287
4230	0.021667388912963766
9660	0.021667388912963766
1301	0.02166738891296377
2297	0.02166738891296377
7021	0.02166738891296377
10495	0.02166738891296377
12249	0.02166738891296377
1805	0.0218007266908897
4134	0.02183406113537118
9630	0.022834094469815658
12430	0.022967432247741594
4087	0.023300776692556417
12579	0.023300776692556417
174	0.0233341111370379
11237	0.023334111137037903
1670	0.02496749891663055
6553	0.024967498916630554
10348	0.02496749891663056
9934	0.02500083336111204
10405	0.02500083336111204
12669	0.02503416780559351
1326	0.025067502250074994
9730	0.025667522250741696
2208	0.026600886696223208
6118	0.026634221140704694
10484	0.026667555585186173
5761	0.026700890029667648
4095	0.027000900030001006
10766	0.027800926697556586
2890	0.02826760892029735
8099	0.02826760892029735
5281	0.028267608920297352
7130	0.02830094336477883
2301	0.028300943364778834
4901	0.028300943364778834
963	0.028334277809260303
1986	0.028334277809260303
2772	0.028334277809260303
2952	0.028334277809260303
3111	0.028334277809260303
4294	0.028334277809260303
5523	0.028334277809260303
5846	0.028334277809260303
6410	0.028334277809260303
6499	0.028334277809260303
6591	0.028334277809260303
7469	0.028334277809260303
8430	0.028334277809260303
8761	0.028334277809260303
9717	0.028334277809260303
