26	0.02853428447614921
7612	0.0399346644888163
1551	0.04173472449081636
2857	0.05166838894629821
4968	0.05496849894996499
4102	0.05503516783892797
2392	0.0563352111737058
8894	0.0619020634021134
688	0.06470215673855795
12964	0.06496883229440982
2956	0.06820227340911364
7572	0.06833561118703957
12417	0.06836894563152104
2301	0.06840228007600252
12292	0.0696356545218174
5393	0.07013567118903964
435	0.07166905563518786
30	0.0717690589686323
7877	0.07226907563585451
13155	0.07440248008266945
720	0.07500250008333612
118	0.07570252341744724
3983	0.0766025534184473
12070	0.07663588786292876
7235	0.07700256675222508
1255	0.07816927230907697
9532	0.07843594786492883
7197	0.07850261675389178
7381	0.08083602786759558
6002	0.08090269675655853
12133	0.08166938897963263
13272	0.08183606120204007
11385	0.0826027534251142
1306	0.08333611120370679
10869	0.08333611120370679
12147	0.0835027834261142
7809	0.08393613120437346
9556	0.08490283009433647
7130	0.08496949898329943
6943	0.0850695023167439
1178	0.08663622120737358
4158	0.0883029434314477
10466	0.0883029434314477
2454	0.08836961232041066
6000	0.08836961232041067
808	0.08993633121104033
793	0.09010300343344776
4095	0.09043634787826259
2264	0.09163638787959597
6962	0.09170305676855894
9945	0.09170305676855897
1152	0.09173639121304042
11619	0.0933364445481516
11601	0.09343644788159608
11566	0.09353645121504048
5329	0.0941031367712257
12939	0.09466982232741092
7717	0.09483649454981832
10495	0.09496983232774424
1198	0.09496983232774425
11301	0.09500316677222571
9733	0.09500316677222573
10619	0.09500316677222573
1301	0.0950365012167072
7164	0.0950365012167072
10530	0.0950365012167072
3992	0.09503650121670722
11224	0.0950698356611887
10046	0.09516983899463313
12462	0.09516983899463313
77	0.09666988899629989
9750	0.09666988899629989
10365	0.09673655788526286
8689	0.09746991566385546
7925	0.09800326677555918
9779	0.09800326677555918
5272	0.09803660122004067
2489	0.09816993899796658
5951	0.09830327677589253
10516	0.09833661122037402
175	0.09840328010933698
7023	0.09993666455548517
2937	0.10150338344611487
7226	0.10153671789059635
8043	0.1016033867795593
9820	0.10173672455748527
3397	0.1018367278909297
4161	0.10217007233574453
10546	0.10330344344811493
4257	0.10337011233707791
10348	0.10457015233841126
3301	0.10497016567218907
1151	0.10500350011667056
5980	0.10500350011667056
9727	0.10500350011667056
8714	0.10503683456115204
2059	0.10507016900563353
3078	0.10583686122870764
6256	0.10663688789626322
10388	0.10663688789626322
