1305	0.020200673355778496
10693	0.03000100003333447
8456	0.03983466115537186
1137	0.03986799559985334
9637	0.041968065602186716
7328	0.043134771159038646
13247	0.043134771159038646
2782	0.04316810560352012
9065	0.04316810560352012
3873	0.04346811560385344
8728	0.04976832561085371
8820	0.04976832561085372
8994	0.05020167338911296
3112	0.053201773392446444
390	0.05330177672589087
2949	0.05343511450381677
3911	0.05343511450381677
12413	0.05343511450381677
12735	0.05343511450381677
12853	0.05343511450381677
13433	0.05343511450381677
3701	0.055101836727890915
5856	0.05620187339577988
1068	0.05676855895196506
2928	0.05716857228574287
12451	0.0573352445081503
641	0.0583019433981133
9290	0.059135304510150366
5907	0.05916863895463185
7379	0.05983532784426149
1372	0.0598353278442615
2027	0.0598353278442615
3699	0.0598353278442615
6892	0.0598353278442615
12244	0.0598353278442615
7054	0.05996866562218742
10816	0.06133537784592823
6749	0.06300210007000234
10474	0.0630687689589653
13309	0.06313543784792827
3324	0.06316877229240977
5356	0.06316877229240977
10317	0.06316877229240977
6624	0.06320210673689125
9505	0.06330211007033569
12419	0.06330211007033569
22	0.0633021100703357
5176	0.06426880896029868
2170	0.06480216007200243
11493	0.06643554785159508
2378	0.06650221674055805
2929	0.06650221674055805
13321	0.0668688956298543
4957	0.06976899229974334
9039	0.06980232674422482
12445	0.06983566118870631
6732	0.06983566118870632
8109	0.0698689956331878
11759	0.0698689956331878
10214	0.06996899896663225
8388	0.07010233674455815
10598	0.07070235674522486
11885	0.07136904563485452
7019	0.071402380079336
7590	0.07143571452381747
8967	0.0723357445248175
968	0.07250241674722491
15	0.07303576785892865
3982	0.0731357711923731
6332	0.07316910563685458
13030	0.07330244341478051
9982	0.0739024634154472
8937	0.07556918563952134
1133	0.0758358611953732
961	0.07640254675155841
9670	0.07643588119603988
1851	0.07646921564052137
3359	0.07646921564052137
10708	0.07646921564052137
11295	0.07646921564052137
4818	0.07650255008500287
5427	0.07650255008500287
5627	0.07650255008500287
11681	0.07650255008500287
4386	0.0766358878629288
13297	0.0766358878629288
11292	0.07680256008533617
9992	0.07830261008700293
12688	0.07966932231074372
5580	0.0797026567552252
8694	0.07976932564418818
12295	0.07980266008866965
12320	0.07980266008866965
4501	0.07983599453315113
10612	0.07983599453315113
13040	0.07993599786659558
11535	0.08006933564452151
7489	0.08146938231274378
2347	0.08310277009233644
423	0.08313610453681791
