12511	0.00016667222240741852
13253	0.00043334777825927706
6803	0.0006666888896296498
11704	0.0006666888896296498
7590	0.0008000266675555895
13588	0.0008000266675555895
4702	0.0008333611120370649
7054	0.0008333611120370649
7212	0.0008333611120370649
7379	0.0008333611120370649
12485	0.0008333611120370649
289	0.0008333611120370718
4344	0.0008333611120370718
4722	0.0008333611120370718
9741	0.0008333611120370718
9992	0.0008333611120370718
10015	0.0008333611120370718
10260	0.0008333611120370718
5105	0.0008666955565185472
9047	0.0008666955565185472
10190	0.0008666955565185472
13086	0.0008666955565185472
9869	0.0010000333344444834
12082	0.0010000333344444834
2236	0.0015000500016667181
3757	0.0016667222240741332
1615	0.00233341111370379
2368	0.00233341111370379
6117	0.00233341111370379
6749	0.00233341111370379
5140	0.0024667488916297192
22	0.002466748891629726
402	0.002466748891629726
747	0.002466748891629726
906	0.002466748891629726
1111	0.002466748891629726
1149	0.002466748891629726
1468	0.002466748891629726
1497	0.002466748891629726
1572	0.002466748891629726
1646	0.002466748891629726
1784	0.002466748891629726
1940	0.002466748891629726
2152	0.002466748891629726
2177	0.002466748891629726
2438	0.002466748891629726
2509	0.002466748891629726
2729	0.002466748891629726
2742	0.002466748891629726
2745	0.002466748891629726
2882	0.002466748891629726
2999	0.002466748891629726
3153	0.002466748891629726
3157	0.002466748891629726
3396	0.002466748891629726
3407	0.002466748891629726
3616	0.002466748891629726
3640	0.002466748891629726
3788	0.002466748891629726
4000	0.002466748891629726
4038	0.002466748891629726
4304	0.002466748891629726
4429	0.002466748891629726
4430	0.002466748891629726
4501	0.002466748891629726
4689	0.002466748891629726
4896	0.002466748891629726
5102	0.002466748891629726
5349	0.002466748891629726
5486	0.002466748891629726
5586	0.002466748891629726
5610	0.002466748891629726
5678	0.002466748891629726
5827	0.002466748891629726
5933	0.002466748891629726
6147	0.002466748891629726
6636	0.002466748891629726
6736	0.002466748891629726
6846	0.002466748891629726
6941	0.002466748891629726
6994	0.002466748891629726
7008	0.002466748891629726
7179	0.002466748891629726
7194	0.002466748891629726
7524	0.002466748891629726
7541	0.002466748891629726
7595	0.002466748891629726
7642	0.002466748891629726
7784	0.002466748891629726
7785	0.002466748891629726
7830	0.002466748891629726
7995	0.002466748891629726
8219	0.002466748891629726
8470	0.002466748891629726
8473	0.002466748891629726
8606	0.002466748891629726
8631	0.002466748891629726
8694	0.002466748891629726
8793	0.002466748891629726
8886	0.002466748891629726
