55	0.00026843578632511356
298	0.00026843578632511356
576	0.00026843578632511356
691	0.00026843578632511356
701	0.00026843578632511356
704	0.00026843578632511356
942	0.00026843578632511356
1500	0.00026843578632511356
2132	0.00026843578632511356
2133	0.00026843578632511356
2193	0.00026843578632511356
2258	0.00026843578632511356
2386	0.00026843578632511356
2594	0.00026843578632511356
2913	0.00026843578632511356
2980	0.00026843578632511356
3830	0.00026843578632511356
4446	0.00026843578632511356
4961	0.00026843578632511356
5383	0.00026843578632511356
5442	0.00026843578632511356
5507	0.00026843578632511356
6677	0.00026843578632511356
7629	0.00026843578632511356
7939	0.00026843578632511356
8141	0.00026843578632511356
8817	0.00026843578632511356
9217	0.00026843578632511356
9595	0.00026843578632511356
9743	0.00026843578632511356
10366	0.00026843578632511356
11275	0.00026843578632511356
11280	0.00026843578632511356
11511	0.00026843578632511356
11574	0.00026843578632511356
11636	0.00026843578632511356
11789	0.00026843578632511356
11847	0.00026843578632511356
11908	0.00026843578632511356
12007	0.00026843578632511356
12137	0.00026843578632511356
12367	0.00026843578632511356
12620	0.00026843578632511356
12924	0.00026843578632511356
12963	0.00026843578632511356
13191	0.00026843578632511356
6889	0.0003067837558001305
8593	0.0003067837558001305
1332	0.0003834796947501627
3704	0.0003834796947501627
9042	0.0003834796947501627
11035	0.0003834796947501627
12338	0.0003834796947501627
1306	0.00042182766422518055
13481	0.0004601756337001958
10757	0.00046017563370019665
11233	0.00046017563370019665
221	0.0004985236031752119
895	0.0004985236031752119
1131	0.0004985236031752119
1176	0.0004985236031752119
2009	0.0004985236031752119
2312	0.0004985236031752119
3211	0.0004985236031752119
4267	0.0004985236031752119
4556	0.0004985236031752119
5281	0.0004985236031752119
5593	0.0004985236031752119
6910	0.0004985236031752119
7213	0.0004985236031752119
8493	0.0004985236031752119
9770	0.0004985236031752119
10184	0.0004985236031752119
10652	0.0004985236031752119
10700	0.0004985236031752119
11261	0.0004985236031752119
11321	0.0004985236031752119
11338	0.0004985236031752119
11398	0.0004985236031752119
11838	0.0004985236031752119
12120	0.0004985236031752119
12296	0.0004985236031752119
13182	0.0004985236031752119
13243	0.0004985236031752119
13267	0.0004985236031752119
8186	0.0005368715726502271
6552	0.0005752195421252441
7922	0.0005752195421252441
9717	0.0005752195421252441
44	0.0006519154810752763
3410	0.0006519154810752763
8196	0.0006519154810752763
8387	0.0006519154810752771
2811	0.0007286114200253102
12335	0.0007286114200253102
3975	0.0007669593895003254
6348	0.0008820032979253755
7508	0.0009203512674003898
11495	0.0009203512674003898
12698	0.0009203512674003898
