2226	0.008233607786926223
7	0.019300643354778442
922	0.022534084469482355
11419	0.024100803360111972
3969	0.02416747224907495
2458	0.032267742258075244
11418	0.032467748924964124
197	0.0406346878229274
5176	0.04086802893429785
8086	0.0423347444914831
739	0.042501416713890475
173	0.04403480116003867
4769	0.04576819227307573
9624	0.04746824894163136
2526	0.04750158338611288
2398	0.052435081169372275
9774	0.05246841561385378
12113	0.053935131171038986
2079	0.05513517117237238
11324	0.056668555618520584
487	0.05830194339811323
3620	0.05913530451015038
4290	0.05913530451015038
12852	0.05950198339944664
11902	0.06243541451381711
408	0.06576885896196537
10982	0.06576885896196537
12389	0.06580219340644686
2490	0.06946898229940995
1133	0.0698356611887063
12485	0.07000233341111367
6316	0.07163572119070634
419	0.0724690823027434
4038	0.07406913563785456
13054	0.07416913897129909
4696	0.08243608120270672
12935	0.08243608120270679
7788	0.0824694156471882
1458	0.08246941564718821
2642	0.08576952565085501
4509	0.08580286009533647
5159	0.08916963898796627
2342	0.09063635454515148
6048	0.09083636121204043
8654	0.09233641121370718
9568	0.09246974899163303
10813	0.09280309343644785
6411	0.09570319010633685
7619	0.09580319343978128
12198	0.09583652788426278
836	0.09743658121937393
322	0.09756991899729989
8321	0.0976699223307444
7397	0.09913663788792956
497	0.10080336011200369
9221	0.10083669455648518
13030	0.10100336677889259
5099	0.10187006233541115
10492	0.10253675122504084
12199	0.1058035267842261
11492	0.10913697123237437
2923	0.1091369712323744
3217	0.11243708123604117
10608	0.11263708790293005
10460	0.1143371445714857
10356	0.1146704890163005
6087	0.1158705290176339
12679	0.11910397013233771
543	0.11913730457681919
2738	0.11913730457681919
1811	0.11917063902130068
1247	0.11920397346578224
3013	0.12083736124537481
12258	0.12220407346911562
278	0.12240408013600451
13443	0.12323744124804165
6448	0.12410413680456012
12078	0.12417080569352312
7379	0.12420414013800463
5162	0.12583752791759728
7723	0.12583752791759728
2202	0.12587086236207878
12384	0.1274375812527084
1250	0.12770425680856023
7724	0.1307043568118938
414	0.1308376945898197
6976	0.1325710857028568
9040	0.1353045101503383
10281	0.13570452348411613
2777	0.13577119237307905
10145	0.13577119237307905
9571	0.13910463682122734
12101	0.14080469348978297
6105	0.14080469348978303
8388	0.14413813793793123
3965	0.1448714957165239
5572	0.14580486016200536
10670	0.14743824794159802
13088	0.1524717490583019
7908	0.15250508350278338
