13259	0.15507542494603072
2532	0.21554906756849967
748	0.22234703420931634
7928	0.26200915711865447
2915	0.2730755616382181
3576	0.27908607435761495
19	0.28409144036457395
8922	0.30224445846308085
2033	0.3327462697393897
9534	0.3398411016216264
6570	0.3488267239935251
5470	0.3565794163788688
2024	0.36465177770076607
3614	0.37750985829506684
7582	0.3784713180166802
478	0.38128566549702597
8636	0.38229362152742613
11656	0.39046972215635706
13078	0.40318652131171673
4728	0.4186458227852878
6096	0.42181825557707264
5103	0.42383949695597817
5910	0.42740628251549684
99	0.43419547737545133
6111	0.4403733814187936
5444	0.4411739426953645
12250	0.44777960523212407
1669	0.4585979930987218
12067	0.459644778515678
818	0.4662191045781191
8703	0.46734094700431317
1763	0.46927475360289783
12252	0.4718828153810578
12363	0.4718979919875736
558	0.4752773750739281
3060	0.48288632681886046
5225	0.48288632681886046
10391	0.48288632681886046
12930	0.48288632681886046
12234	0.4837218913586428
3308	0.48548452663306807
3075	0.48782265698164784
8499	0.48782821272239474
7094	0.48785599142612934
12563	0.49034171369653623
2039	0.4916891443551264
3939	0.49467833623804236
6062	0.4976201512796758
155	0.5014414526605814
12155	0.5028536590632686
3028	0.5041990686901303
4381	0.5086718865471616
8148	0.5104820076811785
5576	0.5113153687932155
2036	0.5123487365721415
561	0.512382071016623
823	0.512382071016623
3949	0.512382071016623
4916	0.512382071016623
7762	0.512382071016623
11612	0.512382071016623
4919	0.5138154521293268
693	0.5157155154647712
878	0.5162207713003432
12724	0.5171155621329935
10344	0.5183241978086901
9170	0.5197156488025492
2044	0.5208265873013378
8917	0.5238157854737715
401	0.5261211013113435
3102	0.5271158954774384
4600	0.5271158954774384
6843	0.5271158954774384
7271	0.5271158954774384
7907	0.5271492299219198
3045	0.5276544857574917
240	0.5290159588128829
4981	0.5290159588128829
5962	0.5290159588128829
12938	0.5290159588128829
8192	0.5290492932573644
11218	0.5296454452045676
6908	0.53098793020564
5087	0.532854659096603
9662	0.5334229191287508
6004	0.5334827743734015
6967	0.5366304662985621
3084	0.5375900370683215
10587	0.5376077525435334
3520	0.5409465451783404
5579	0.5414497066044759
2784	0.5423497366054759
7262	0.5423497366054759
863	0.5424481864280172
7411	0.5438164521626612
12079	0.5438164521626612
13716	0.5444319863073004
1123	0.544459765011035
4801	0.5456831810536242
8751	0.5456831810536242
