9577	0.08009646930099089
1298	0.09789029073759652
2869	0.10058802905839191
11534	0.11721837490746312
8825	0.12532384782128675
12473	0.12926954498841037
12457	0.13246572925404884
9028	0.1376782242064729
7187	0.14030700889645306
3639	0.14062510258614103
7155	0.14261042659652973
9598	0.14537563007850407
9832	0.14736395855566037
11402	0.1484147955698132
13498	0.14940731223989787
11540	0.1500747960585011
11600	0.15134471751621717
10346	0.15243816990209902
13453	0.15291355183124344
4907	0.15396686377563323
5385	0.15463884840521874
8301	0.15500552729451506
525	0.15524128981289181
1583	0.15533477596758027
565	0.15617483339730248
2436	0.15624729540352442
7440	0.15624729540352442
2040	0.16028196631586328
11059	0.1611617865327709
10453	0.16245384050867884
10447	0.162740351170317
13494	0.16274554731761878
12523	0.16491425096870993
808	0.1656852894426837
1612	0.16611568943927912
13549	0.1688661234008542
5445	0.16922782459233593
1739	0.16974578065873017
900	0.1711451945094865
7146	0.1721083987353185
427	0.1727730853272781
12465	0.1728913970787065
8745	0.1729528656137408
1290	0.17317161901413058
2081	0.17478493956779034
2116	0.17487983449026706
11429	0.17551511543538745
1482	0.17571948327344783
6237	0.17612930312823133
10120	0.1772476963027258
8702	0.17928109741609627
11815	0.1795046783527428
720	0.18167338200383398
12478	0.18224786297494822
8912	0.18228119741942975
10667	0.18230286050160557
6944	0.1823148309880439
11396	0.18251453853080007
6057	0.1826109020910594
1176	0.18295022816979065
4181	0.1830128895623603
8358	0.18546791092392914
6705	0.18554797297861503
534	0.18645400719350963
1803	0.18692166348714412
3168	0.18841462329795255
7040	0.18852891514464137
3216	0.1888814174267633
4568	0.1888814174267633
5892	0.1888814174267633
6408	0.1888814174267633
7000	0.1888814174267633
9354	0.1888814174267633
1642	0.18958173988500715
9653	0.1896584358239572
3034	0.19008932175628152
2435	0.19030355871781796
6986	0.1918518606784777
7384	0.1922815307638745
3339	0.19247604343763716
9703	0.19337990179610143
8733	0.1936145787396029
6169	0.19397067445131566
1679	0.19468161076654128
7547	0.19514859211341473
9641	0.19603856281555826
12581	0.19744836965850435
5057	0.19884841632672662
2992	0.1988817507712081
3611	0.19924968930715378
6784	0.19934843299394886
11235	0.19954042466805108
2513	0.19956352753322398
7880	0.19958177410531924
10950	0.19958207322945198
11572	0.19987112642164023
5295	0.20014026204640945
2732	0.20034846632839337
4956	0.20099610037313242
12986	0.20114849299594892
