269	0.4341811393713124
13138	0.44781492716423876
9685	0.46251541718057276
702	0.4761158705290177
4900	0.48624954165138834
8072	0.4872829094303144
10363	0.4944164805493516
12489	0.5107503583452782
286	0.5133837794593153
9814	0.5202173405780193
4950	0.5203840128004267
1202	0.5216840561352045
4047	0.5252841761392046
9746	0.5320844028134272
7880	0.5409513650455016
6264	0.5413513783792793
7314	0.5486516217207241
10604	0.566952231741058
12939	0.5744858161938731
3457	0.5755191839727991
10370	0.5854528484282809
2878	0.5859195306510216
12537	0.5957865262175406
12135	0.5984199473315778
9843	0.5987866262208741
2408	0.6022867428914297
4680	0.6055868528950966
3940	0.6059535317843928
1141	0.6069535651188374
7883	0.6093869795659855
7934	0.6170205673522451
4729	0.6184539484649489
8682	0.621087369578986
80	0.6254875162505418
10485	0.630421014033801
2934	0.634754491816394
4095	0.6354211807060236
5337	0.6442881429380979
4974	0.6447548251608388
736	0.6453548451615054
2937	0.6453548451615054
1154	0.6476882562752093
4087	0.659755325177506
3233	0.6606553551785059
887	0.6669888996299878
8777	0.6888562952098403
26	0.6905896863228775
8714	0.6907563585452848
5481	0.7086236207873595
2857	0.7104570152338411
1366	0.7121237374579152
92	0.7122904096803228
3956	0.7139904663488783
3255	0.7174572485749526
13061	0.7187572919097304
1335	0.7194239807993601
8955	0.7205240174672489
2989	0.7209906996899897
7580	0.7218573952465083
2009	0.722324077469249
121	0.7268242274742491
3938	0.7287909596986567
11267	0.728957631921064
3104	0.7420914030467682
10484	0.745591519717324
13197	0.7486249541651389
3101	0.7487582919430648
1152	0.7487916263875463
9008	0.75382512750425
7005	0.759058635287843
7273	0.7611587052901765
8351	0.761958731957732
8699	0.7620254008466949
8896	0.7621920730691024
7631	0.7622587419580653
12072	0.768458948631621
1166	0.7684589486316211
11619	0.7689589652988433
2253	0.7692256408546951
177	0.7729257641921397
7055	0.7737924597486583
10553	0.7738257941931399
10400	0.7807260242008067
6977	0.78102603420114
30	0.781092703090103
12125	0.7822260742024735
2	0.7829927664255476
9523	0.7869262308743625
7211	0.7874262475415847
7108	0.7882929430981034
9708	0.788692956431881
2264	0.7887262908763626
9575	0.7909263642121405
10424	0.7971599053301777
4938	0.7992599753325111
803	0.7995599853328444
20	0.8066268875629188
10972	0.8078269275642522
502	0.8122604086802894
13439	0.8137937931264376
