3209	0.0033334444481482716
4309	0.0033334444481482716
5075	0.0033334444481482716
6919	0.0033334444481482716
13448	0.0033334444481482716
13575	0.0033334444481482716
7859	0.005574026380589499
4233	0.006466882229407648
3528	0.006633554451815061
4709	0.006633554451815061
8630	0.006633554451815061
10166	0.006633554451815061
7026	0.00667792605349944
10915	0.00667792605349944
7214	0.007577845682927449
12946	0.008022340989961648
1478	0.008272350438437135
595	0.009266975565852195
10075	0.00928662170567335
3680	0.009888628394636565
13176	0.00993366445548185
7112	0.009944701612684747
841	0.009966998899963333
5623	0.009966998899963333
7512	0.009978036057166233
10168	0.009978036057166233
9075	0.009988962842797102
603	0.010022407658850612
2998	0.010022407658850612
3080	0.010022407658850612
3409	0.010022407658850612
4246	0.010022407658850612
4794	0.010022407658850612
5485	0.010022407658850612
5797	0.010022407658850612
5979	0.010022407658850612
7185	0.010022407658850612
7669	0.010022407658850612
8317	0.010022407658850612
9181	0.010022407658850612
9210	0.010022407658850612
9263	0.010022407658850612
9270	0.010022407658850612
10051	0.010022407658850612
10095	0.010022407658850612
10361	0.010022407658850612
10390	0.010022407658850612
11345	0.010022407658850612
12175	0.010022407658850612
12459	0.010022407658850612
12468	0.010022407658850612
13446	0.010022407658850612
8004	0.010022407658850615
11339	0.010022407658850615
8091	0.010055852474904122
9731	0.010066779260534994
6250	0.010189079881258025
8158	0.010289083214702474
12982	0.010355752103665438
1655	0.010457190267546266
11473	0.0106113905023144
4069	0.010822434326406198
12215	0.010822434326406198
5467	0.011081714986932115
2704	0.01164475828124037
7452	0.011689129882924747
659	0.011955805438776609
2057	0.011955805438776609
9643	0.011955805438776609
4725	0.012018169836430448
12456	0.012553397264858657
12068	0.012722497661850712
12953	0.012955838773221094
4523	0.013155403953821872
4280	0.013155845440109988
3254	0.013188738398303354
3200	0.013278146060833019
6433	0.013278146060833019
13218	0.013278146060833019
2493	0.013289183218035919
6601	0.013289183218035919
7865	0.013289183218035919
9410	0.013289183218035919
9972	0.013289183218035919
10006	0.013289183218035919
10395	0.013289183218035919
11447	0.013289183218035919
11858	0.013289183218035919
11990	0.013289183218035919
4451	0.013289183218035922
6191	0.013289183218035922
794	0.013311590876886532
1011	0.013322517662517401
1066	0.013322517662517401
1091	0.013322517662517401
1095	0.013322517662517401
2482	0.013322517662517401
2593	0.013322517662517401
3994	0.013322517662517401
3996	0.013322517662517401
