717	0.0
6325	0.0
6528	0.0
9656	0.0
10640	0.0
83	3.333444448148058e-05
3908	3.333444448148058e-05
3991	3.333444448148058e-05
6119	3.333444448148058e-05
7898	3.333444448148058e-05
10162	3.333444448148058e-05
178	0.000800026667555586
254	0.000800026667555586
4108	0.0010000333344444851
706	0.0013667122237407889
3973	0.001533384446148204
12125	0.001533384446148204
6013	0.0016333877795926544
9614	0.0016333877795926544
52	0.001666722224074135
468	0.001666722224074135
5013	0.001666722224074135
6192	0.001666722224074135
7992	0.001666722224074135
8099	0.001666722224074135
9714	0.001666722224074135
10962	0.001666722224074135
11653	0.001666722224074135
12123	0.001666722224074135
138	0.0016667222240741367
297	0.0016667222240741367
2080	0.0016667222240741367
2131	0.0016667222240741367
3265	0.0016667222240741367
5351	0.0016667222240741367
9026	0.0016667222240741367
10545	0.0016667222240741367
10555	0.0016667222240741367
10963	0.0016667222240741367
12107	0.0016667222240741367
12834	0.0016667222240741367
9594	0.0016667222240741401
8899	0.0017000566685556173
11685	0.0017000566685556173
2329	0.001700056668555619
10380	0.001700056668555619
6112	0.0017333911130370926
213	0.0018000600020000677
1819	0.0018000600020000677
2427	0.0018000600020000677
3004	0.0018000600020000677
11033	0.0018333944464815483
7004	0.0020000666688889616
7672	0.0025334177805926856
12437	0.0025334177805926856
13132	0.0025334177805926873
809	0.0030667688922964096
3834	0.0033001100036667893
2396	0.0033334444481482716
3665	0.0033334444481482716
3947	0.0033334444481482716
5318	0.0033334444481482716
6207	0.0033334444481482716
7586	0.0033334444481482716
10663	0.0033334444481482716
11274	0.0033334444481482716
12127	0.0033334444481482716
9715	0.0033667788926297487
6310	0.003366778892629754
7707	0.003366778892629754
13227	0.003366778892629754
12137	0.0035667855595186444
4058	0.003700123337444579
6301	0.004500150005000167
2306	0.00450015000500017
10661	0.0046334877829260985
281	0.0048668288942964755
2137	0.004933497783259444
758	0.004966832227740926
7980	0.004966832227740926
8272	0.005000166672222403
35	0.005000166672222408
37	0.005000166672222408
621	0.005000166672222408
1356	0.005000166672222408
1405	0.005000166672222408
2156	0.005000166672222408
2868	0.005000166672222408
4240	0.005000166672222408
5342	0.005000166672222408
6045	0.005000166672222408
6321	0.005000166672222408
6479	0.005000166672222408
7259	0.005000166672222408
7871	0.005000166672222408
8444	0.005000166672222408
8898	0.005000166672222408
9260	0.005000166672222408
10636	0.005000166672222408
11222	0.005000166672222408
