7831	0.0
9472	0.0
13022	0.0
5	0.0008000266675555852
1944	0.0008000266675555852
3403	0.0008000266675555852
5278	0.0008000266675555852
11177	0.0008000266675555852
0	0.0008333611120370679
2	0.0008333611120370679
7	0.0008333611120370679
8	0.0008333611120370679
10	0.0008333611120370679
11	0.0008333611120370679
13	0.0008333611120370679
14	0.0008333611120370679
16	0.0008333611120370679
18	0.0008333611120370679
20	0.0008333611120370679
24	0.0008333611120370679
25	0.0008333611120370679
26	0.0008333611120370679
27	0.0008333611120370679
28	0.0008333611120370679
29	0.0008333611120370679
30	0.0008333611120370679
31	0.0008333611120370679
32	0.0008333611120370679
33	0.0008333611120370679
34	0.0008333611120370679
35	0.0008333611120370679
36	0.0008333611120370679
37	0.0008333611120370679
39	0.0008333611120370679
41	0.0008333611120370679
42	0.0008333611120370679
43	0.0008333611120370679
44	0.0008333611120370679
45	0.0008333611120370679
47	0.0008333611120370679
48	0.0008333611120370679
49	0.0008333611120370679
50	0.0008333611120370679
52	0.0008333611120370679
53	0.0008333611120370679
54	0.0008333611120370679
55	0.0008333611120370679
56	0.0008333611120370679
57	0.0008333611120370679
58	0.0008333611120370679
59	0.0008333611120370679
62	0.0008333611120370679
63	0.0008333611120370679
64	0.0008333611120370679
65	0.0008333611120370679
67	0.0008333611120370679
68	0.0008333611120370679
69	0.0008333611120370679
70	0.0008333611120370679
71	0.0008333611120370679
72	0.0008333611120370679
75	0.0008333611120370679
76	0.0008333611120370679
77	0.0008333611120370679
78	0.0008333611120370679
79	0.0008333611120370679
80	0.0008333611120370679
81	0.0008333611120370679
82	0.0008333611120370679
83	0.0008333611120370679
84	0.0008333611120370679
85	0.0008333611120370679
86	0.0008333611120370679
87	0.0008333611120370679
89	0.0008333611120370679
90	0.0008333611120370679
92	0.0008333611120370679
93	0.0008333611120370679
94	0.0008333611120370679
95	0.0008333611120370679
96	0.0008333611120370679
97	0.0008333611120370679
98	0.0008333611120370679
100	0.0008333611120370679
101	0.0008333611120370679
102	0.0008333611120370679
104	0.0008333611120370679
105	0.0008333611120370679
106	0.0008333611120370679
107	0.0008333611120370679
108	0.0008333611120370679
110	0.0008333611120370679
111	0.0008333611120370679
112	0.0008333611120370679
113	0.0008333611120370679
114	0.0008333611120370679
115	0.0008333611120370679
116	0.0008333611120370679
117	0.0008333611120370679
118	0.0008333611120370679
