6042	0.009088358831068552
13201	0.010655077721698235
9630	0.014321866614661338
5283	0.015255231060142857
7253	0.024022189958772804
8714	0.027322299962439588
3065	0.027322299962439595
9751	0.027322299962439595
3004	0.03000100003333444
1326	0.03068907885506935
11737	0.034022523303217624
2297	0.034613427687686216
4257	0.034680096576649194
6173	0.03552257330488434
8700	0.03602148934869521
11318	0.036667888929630986
12296	0.037010836026090746
13155	0.03718929552895847
13164	0.0373226333068844
7021	0.03851489352415082
1519	0.03912269330888448
6165	0.03944025831654474
142	0.04015973878067286
8279	0.04015973878067286
9579	0.04015973878067286
10778	0.04015973878067286
11368	0.04015973878067286
8118	0.040193073225154335
12266	0.04019307322515435
13099	0.04029307655859879
5125	0.040422736643662305
9842	0.04072274664399564
4565	0.041732005529148526
12269	0.04185979544922848
13131	0.04214834797263243
7046	0.04315685265591225
4427	0.043956187758699465
65	0.04395618775869947
180	0.04395618775869947
723	0.04395618775869947
891	0.04395618775869947
1104	0.04395618775869947
1192	0.04395618775869947
1577	0.04395618775869947
2211	0.04395618775869947
2291	0.04395618775869947
2333	0.04395618775869947
2382	0.04395618775869947
2890	0.04395618775869947
3161	0.04395618775869947
3334	0.04395618775869947
3422	0.04395618775869947
3438	0.04395618775869947
3489	0.04395618775869947
3631	0.04395618775869947
4166	0.04395618775869947
4179	0.04395618775869947
4460	0.04395618775869947
4680	0.04395618775869947
4934	0.04395618775869947
5007	0.04395618775869947
5107	0.04395618775869947
5339	0.04395618775869947
5570	0.04395618775869947
5607	0.04395618775869947
5634	0.04395618775869947
5944	0.04395618775869947
6437	0.04395618775869947
6742	0.04395618775869947
7308	0.04395618775869947
7686	0.04395618775869947
7836	0.04395618775869947
7905	0.04395618775869947
7980	0.04395618775869947
8032	0.04395618775869947
8973	0.04395618775869947
9031	0.04395618775869947
9122	0.04395618775869947
9178	0.04395618775869947
9250	0.04395618775869947
9288	0.04395618775869947
9434	0.04395618775869947
9605	0.04395618775869947
9830	0.04395618775869947
9837	0.04395618775869947
9889	0.04395618775869947
10048	0.04395618775869947
10061	0.04395618775869947
10067	0.04395618775869947
10663	0.04395618775869947
10803	0.04395618775869947
10861	0.04395618775869947
10872	0.04395618775869947
10956	0.04395618775869947
11274	0.04395618775869947
11296	0.04395618775869947
11480	0.04395618775869947
11659	0.04395618775869947
11808	0.04395618775869947
12223	0.04395618775869947
