12783	0.00016667222240741159
7626	0.0002000066668888939
12997	0.0002000066668888939
7886	0.0022334077802593395
4275	0.0033334444481482733
4994	0.003500116670555683
5347	0.003500116670555683
9915	0.003500116670555683
13036	0.003500116670555685
1683	0.0035334511150371655
4427	0.003566785559518648
12431	0.003966798893296448
9771	0.004266808893629792
3063	0.004300143338111271
3694	0.004466815560518686
5359	0.004700156671889059
12096	0.004800160005333514
5141	0.005900196673222441
4206	0.006300210007000236
10694	0.006466882229407651
2671	0.00650021667388913
12420	0.00650021667388913
13317	0.006500216673889132
8790	0.006533551118370614
2908	0.006666888896296545
3527	0.006666888896296545
4476	0.006666888896296545
4674	0.006666888896296545
6633	0.006666888896296545
1109	0.006700223340778024
9557	0.006700223340778027
1576	0.0068335611187039565
1618	0.0068335611187039565
3007	0.0068335611187039565
3648	0.0068335611187039565
3784	0.0068335611187039565
6553	0.0068335611187039565
7265	0.0068335611187039565
7274	0.0068335611187039565
8125	0.0068335611187039565
10444	0.0068335611187039565
10584	0.0068335611187039565
12665	0.0068335611187039565
276	0.006833561118703958
712	0.006833561118703958
3695	0.006833561118703958
4332	0.006833561118703958
7071	0.006833561118703958
9536	0.006833561118703958
10622	0.006833561118703958
11941	0.006833561118703958
13512	0.006833561118703958
1233	0.006866895563185439
6100	0.006866895563185439
10440	0.006866895563185439
10887	0.006866895563185439
2858	0.006966898896629886
4639	0.007000233341111373
10897	0.007600253341778062
1180	0.007633587786259544
9548	0.0077335911197039895
1953	0.007833594453148438
13424	0.007833594453148442
55	0.007966932231074371
5044	0.007966932231074371
12139	0.007966932231074371
4812	0.008133604453481784
12591	0.008133604453481788
8262	0.008266942231407715
5125	0.008500283342778095
7726	0.00853361778725957
10734	0.008666955565185505
13379	0.008833627787592922
8173	0.008866962232074404
7860	0.009133637787926266
1432	0.009200306676889229
11838	0.009233641121370715
12059	0.009266975565852199
4946	0.00930031001033368
10682	0.009333644454815163
2224	0.009366978899296637
1592	0.00980032667755592
5244	0.00980032667755592
4962	0.009800326677555924
446	0.009833661122037402
1143	0.009833661122037402
2133	0.009833661122037402
5078	0.009833661122037402
5216	0.009833661122037402
9740	0.009833661122037402
115	0.009833661122037403
5392	0.009833661122037403
8092	0.009833661122037403
8439	0.009833661122037403
8927	0.009833661122037403
10665	0.009833661122037403
10882	0.009833661122037403
2714	0.009933664455481848
2911	0.009966998899963333
5300	0.009966998899963333
