9083	0.0
48	6.666888896296463e-05
8928	6.666888896296463e-05
3199	0.00010000333344444695
7336	0.00010000333344444695
9645	0.00010000333344444695
10192	0.00010000333344444695
10582	0.00010000333344444695
11351	0.00010000333344444695
9765	0.0001333377779259297
12345	0.0001333377779259297
12600	0.0001333377779259297
1481	0.000433347778259274
2313	0.0011000366678889316
1330	0.0011333711123704114
12528	0.0014667155571852393
1558	0.0019333977799259965
3595	0.002300076669222306
5101	0.002300076669222306
10900	0.0023334111137037887
9390	0.002566752225074168
10102	0.0025667522250741683
12750	0.002933431114370478
7079	0.0029667655588519644
199	0.0032334411147038264
634	0.0032334411147038264
3415	0.0032334411147038264
6337	0.0032334411147038264
7166	0.0032334411147038264
8022	0.0032334411147038264
12268	0.0032334411147038264
13463	0.0032334411147038264
4032	0.003266775559185309
4295	0.003300110003666789
735	0.0033667788926297535
9209	0.0033667788926297535
923	0.003400113337111236
1022	0.003400113337111236
1931	0.003400113337111236
1989	0.003400113337111236
2003	0.003400113337111236
3023	0.003400113337111236
3501	0.003400113337111236
5585	0.003400113337111236
5635	0.003400113337111236
6516	0.003400113337111236
6747	0.003400113337111236
7423	0.003400113337111236
7450	0.003400113337111236
7504	0.003400113337111236
7556	0.003400113337111236
8117	0.003400113337111236
8185	0.003400113337111236
8280	0.003400113337111236
9104	0.003400113337111236
9225	0.003400113337111236
9688	0.003400113337111236
9989	0.003400113337111236
11198	0.003400113337111236
11512	0.003400113337111236
11687	0.003400113337111236
12598	0.003400113337111236
12681	0.003400113337111236
13116	0.003400113337111236
13381	0.003400113337111236
282	0.0034334477815927186
1326	0.0034334477815927186
7087	0.0034334477815927186
5350	0.0034667822260742013
8010	0.0034667822260742013
4980	0.003533451115037167
7836	0.003600120004000133
3586	0.0039001300043334775
4711	0.004033467782259411
4773	0.004033467782259411
1319	0.0040334677822594115
8398	0.004066802226740893
13481	0.004066802226740893
7684	0.0042001400046668205
482	0.004200140004666822
11581	0.004233474449148305
6997	0.004233474449148308
10999	0.004300143338111269
2055	0.004366812227074234
12330	0.004366812227074237
609	0.0044334811160372
9932	0.0044334811160372
5969	0.004666822227407578
3537	0.004766825560852029
4125	0.004766825560852029
718	0.00490016333877796
11424	0.004900163338777961
8033	0.004900163338777963
8732	0.004900163338777963
6107	0.004933497783259442
11468	0.004933497783259442
8801	0.004966832227740924
5944	0.005033501116703889
13501	0.005033501116703889
6370	0.005066835561185373
