801	0.0
9770	0.0
10418	0.0
11463	0.0
6128	6.66688889629681e-05
10734	0.00010000333344445042
3274	0.00013333777792593274
11982	0.00016667222240741505
12360	0.00016667222240741505
8948	0.00020000666688889737
12106	0.0003000100003333478
195	0.0003333444448148301
5353	0.0003333444448148301
8788	0.0003333444448148301
9661	0.0003333444448148301
9665	0.0003333444448148301
11844	0.0003333444448148301
12687	0.0003333444448148301
180	0.0003666788892963124
416	0.0003666788892963124
715	0.0003666788892963124
1418	0.0003666788892963124
2717	0.0003666788892963124
5047	0.0003666788892963124
5122	0.0003666788892963124
8565	0.0003666788892963124
9708	0.0003666788892963124
10022	0.0003666788892963124
10448	0.0003666788892963124
10613	0.0003666788892963124
11213	0.0003666788892963124
11468	0.0003666788892963124
12426	0.0003666788892963124
13234	0.0003666788892963124
107	0.00040001333377779474
718	0.00040001333377779474
5928	0.00040001333377779474
6107	0.00040001333377779474
6545	0.00040001333377779474
10353	0.00040001333377779474
13063	0.00040001333377779474
1432	0.0004666822227407559
4079	0.0004666822227407559
1388	0.0008000266675555825
305	0.0011333711123704127
2052	0.0011333711123704127
2384	0.0011333711123704127
4939	0.0011333711123704127
4982	0.0011333711123704127
5129	0.0011333711123704127
6179	0.0011333711123704127
7332	0.0011333711123704127
8733	0.0011333711123704127
10775	0.0011333711123704127
11574	0.0011333711123704127
11632	0.0011333711123704127
11649	0.0011333711123704127
11764	0.0011333711123704127
12297	0.0011333711123704127
12492	0.0011333711123704127
13636	0.0011333711123704127
2433	0.001233374445814863
11313	0.001233374445814863
13115	0.001233374445814863
13189	0.001233374445814863
18	0.001266708890296342
106	0.001266708890296342
220	0.001266708890296342
362	0.001266708890296342
667	0.001266708890296342
873	0.001266708890296342
916	0.001266708890296342
1023	0.001266708890296342
1272	0.001266708890296342
1295	0.001266708890296342
1303	0.001266708890296342
1307	0.001266708890296342
1346	0.001266708890296342
1350	0.001266708890296342
1546	0.001266708890296342
1595	0.001266708890296342
1603	0.001266708890296342
1854	0.001266708890296342
1862	0.001266708890296342
1909	0.001266708890296342
2101	0.001266708890296342
2176	0.001266708890296342
2186	0.001266708890296342
2250	0.001266708890296342
2382	0.001266708890296342
2435	0.001266708890296342
2460	0.001266708890296342
2571	0.001266708890296342
3325	0.001266708890296342
3366	0.001266708890296342
3540	0.001266708890296342
3584	0.001266708890296342
3658	0.001266708890296342
3777	0.001266708890296342
3978	0.001266708890296342
