3275	0.0
995	0.00036667888929631676
13493	0.003333444448148278
2932	0.0033667788926297544
9145	0.003912933106688846
9623	0.004177842717388246
2328	0.004833494449814993
7670	0.004833494449814993
2895	0.006666888896296538
1452	0.006666888896296547
5567	0.0068002266742224725
5202	0.01000033334444482
2214	0.010011370501647715
8605	0.01330044334811161
4049	0.01336711223707457
11513	0.01346711557051902
287	0.015000500016667228
9102	0.016387849494648714
556	0.016466992600979675
11491	0.01666722224074136
12502	0.016700556685222842
7704	0.0167782627313887
4459	0.017033901130037665
11502	0.017728293284246598
7051	0.018084815759187512
10552	0.01836727890929698
644	0.019633987799593324
3774	0.02000066668888963
6243	0.02000066668888963
3033	0.020000666688889633
1183	0.020034111504943143
2476	0.020055852474904132
12919	0.021634054468482284
6201	0.023289406190908708
11682	0.02330077669255642
11761	0.023334111137037896
2201	0.023334111137037903
1270	0.023334111137037906
756	0.0233672226086466
3690	0.02340033408025529
11291	0.023433891497609566
6418	0.024200806693556447
1364	0.025011870518314935
10754	0.025067279277202217
12239	0.02508946396318005
2881	0.025095205514654287
3253	0.02663422114070469
12372	0.026667555585186166
2083	0.02673422447414914
1187	0.02675585284280936
8485	0.026756075815682158
6988	0.026867562252075074
574	0.027500916697223245
223	0.027566921127025308
4906	0.028068043739696562
3906	0.029967665588852964
4063	0.030001000033334446
7918	0.03000100003333445
275	0.030033670018655027
8698	0.03005574433306082
10664	0.03133437781259375
8450	0.03170072112771652
2155	0.031701056701890065
11456	0.031701056701890065
5273	0.032466861492930474
4610	0.03307858310996097
9127	0.0332119208878869
9386	0.033267775592519755
9037	0.033289739535353524
8347	0.03333444448148271
5354	0.03338963026749721
11829	0.033411371237458194
1727	0.033411704581903005
1485	0.03346778225940865
7296	0.034167805593519784
10544	0.03500116670555685
3176	0.03511142790601381
13102	0.03538980730795821
13081	0.035745115695606795
4176	0.035856379159126935
2425	0.03588695431430769
12452	0.03607812679597681
6607	0.03636743298355207
11460	0.036501216707223574
1410	0.03654492384974705
5398	0.036634554485149504
10680	0.036634554485149504
6421	0.036667888929630986
10498	0.036667888929630986
7067	0.036711481241124985
12959	0.03674537200292406
10913	0.03675640916012697
11412	0.03680122670755692
2041	0.03681170531771349
12166	0.03733457781926064
7589	0.037689661004307734
5994	0.03773392669387752
13023	0.03822312471731221
1201	0.03826794226474216
13470	0.038411537909680604
