12051	0.061763554867278025
7091	0.06764765763951407
56	0.07250277723015397
13201	0.07250277723015397
8097	0.085297860582519
4964	0.08560752053190283
12923	0.08730327057993248
7575	0.08913666502641393
10359	0.08916999947089532
2018	0.09768997643071851
7574	0.10400382726515534
2045	0.10580388726715528
5051	0.10580388726715528
13412	0.10580388726715528
2432	0.10583722171163668
8875	0.10583722171163668
9713	0.12063771506141518
10340	0.14142663775540734
13357	0.1424717761967862
2022	0.14493392062206537
10376	0.15105623741675683
218	0.1540054939873794
5946	0.16400582733182423
4903	0.17106711778863942
9538	0.1725061106746021
28	0.18063971512808408
3924	0.18400649402071378
76	0.1873066040243806
2883	0.1873066040243806
7810	0.1873066040243806
10629	0.1873066040243806
5343	0.18913999847086205
9712	0.18913999847086205
12048	0.18913999847086205
5183	0.19007336291634358
11426	0.1923924876569398
4914	0.19747360959123272
6010	0.2025731813486343
7950	0.20332544786300039
5045	0.20414049848752924
1045	0.2088406551594183
2536	0.21106672417196018
12916	0.21517922975390094
7882	0.25435968086487176
2204	0.2724761096745688
3094	0.2724761096745688
8220	0.2724761096745688
2172	0.2725094441190503
12053	0.2725094441190503
12984	0.2725094441190503
13002	0.2725094441190503
9540	0.2806638236383646
13556	0.2808097207949395
420	0.2873906409041721
12108	0.293994366032753
4005	0.2977948365685638
415	0.30086871157647443
3671	0.30914399860419983
4001	0.30914399860419983
1352	0.3174975858477408
12353	0.31867966178310425
0	0.31919195276623363
3219	0.33416982161347564
7603	0.336709918554724
5040	0.3391783330820157
700	0.3408117208616084
10347	0.34247844308568254
8712	0.3448212842794163
7813	0.3474786097579049
2563	0.37524620201098013
9537	0.37534483883289516
13025	0.37581288756716524
9304	0.38486035331701424
10431	0.38909997259396567
2016	0.3899862352150116
11780	0.3925050994560705
12851	0.39748027648012896
12961	0.40195507635403616
7078	0.402017438622473
9218	0.40914733204864795
3011	0.4141141642763889
5911	0.42781462095827827
12091	0.43345216619004967
3077	0.43598155985624154
5943	0.43914833208198245
4052	0.43918166652646384
5958	0.43918166652646384
10452	0.43918166652646384
3935	0.44248177653013065
9856	0.44248177653013065
10389	0.44748194320235307
5973	0.45081538765050133
3495	0.4530169387106271
8685	0.4660302586839689
11332	0.4660302586839689
6303	0.4746211638558754
12980	0.47488486862333223
9710	0.4758162210116134
13284	0.47990156893458225
4318	0.4820606699340285
