1546	3.333444448148232e-05
2435	3.333444448148232e-05
2104	0.00100003333444448
2276	0.00333344444814827
3682	0.003366778892629752
12492	0.003466782226074199
7240	0.0038681313919831112
1257	0.0048014958374646265
2574	0.006633554451815057
1266	0.006786946329715122
11649	0.006800226674222469
6008	0.007168241395649899
12170	0.007168241395649899
6172	0.007201575840131385
1307	0.00733491361805731
429	0.007801595840798073
6305	0.009581978843760542
5234	0.009742726107385441
9781	0.00980032667755592
3540	0.010033667788926299
10777	0.010501685843798174
2082	0.010535020288279654
4331	0.010668358066205585
10734	0.011200373345778194
1103	0.012100403346778229
1582	0.013367112237074569
6239	0.013367112237074569
12838	0.013500450015000501
5392	0.01380179584746496
7281	0.014001802514353857
6459	0.01400180251435386
4199	0.01413514029227979
1422	0.014272800030430894
9112	0.014568488070539065
6128	0.01470049001633388
1289	0.014767158905296845
5312	0.01490183251535389
13375	0.01520050668355612
8687	0.015335180293613169
9912	0.01556644671067847
8927	0.016633887796259874
12337	0.016633887796259877
12914	0.016633887796259877
2176	0.01666722224074136
10626	0.01666722224074136
12123	0.016700556685222846
7332	0.016767225574185807
8790	0.017063557881656734
7922	0.01713087103798246
13317	0.01713524029561323
453	0.017201909184576196
2868	0.017201909184576203
4240	0.017201909184576203
9809	0.017333911130371013
524	0.017567252241741393
305	0.01765553093183023
5141	0.01773526029627992
6388	0.017800593353111772
1509	0.01790594001508069
13224	0.018135273630057715
11048	0.018163594549545664
1295	0.018272618904377
10022	0.018300610020334014
195	0.018305623545327547
5390	0.018333944464815496
1416	0.01867263223815479
6017	0.01870195918624292
838	0.01870596668263627
11303	0.018819564824419897
12096	0.01883529696416885
11227	0.018835296964168854
144	0.018901965853131815
6107	0.018901965853131822
6370	0.018988688842068918
4126	0.019033967798926632
2382	0.019135636768033135
11568	0.019135636768033135
12559	0.019135636768033135
3658	0.019168971212514617
5258	0.019168971212514617
4997	0.019202305656996096
4337	0.019203311685596282
4342	0.019207319181989632
10757	0.019512657171148334
6997	0.019535320298279986
3252	0.019567318910630356
4476	0.019800660022000732
9831	0.01982307132240528
4079	0.01993566343558872
2296	0.019967332244408147
8964	0.019967332244408147
13509	0.019967332244408147
10419	0.01996733224440815
2196	0.02000066668888963
3169	0.02000066668888963
4361	0.02000066668888963
9078	0.02000066668888963
9937	0.02000066668888963
13411	0.02000066668888963
9925	0.020000666688889633
