9002	0.0016053511705685641
12992	0.002341137123745826
7156	0.0034113712374581884
8722	0.0049163879598662225
4015	0.005050167224080249
642	0.0050836120401337725
658	0.0050836120401337725
753	0.0050836120401337725
2041	0.0050836120401337725
2265	0.0050836120401337725
2974	0.0050836120401337725
4140	0.0050836120401337725
4150	0.0050836120401337725
6580	0.0050836120401337725
8709	0.0050836120401337725
8750	0.0050836120401337725
9996	0.0050836120401337725
11263	0.0050836120401337725
11470	0.0050836120401337725
59	0.0051170568561872826
743	0.0051170568561872826
1203	0.0051170568561872826
1449	0.0051170568561872826
1450	0.0051170568561872826
1639	0.0051170568561872826
2130	0.0051170568561872826
2162	0.0051170568561872826
3431	0.0051170568561872826
3444	0.0051170568561872826
3561	0.0051170568561872826
3921	0.0051170568561872826
3923	0.0051170568561872826
4387	0.0051170568561872826
5982	0.0051170568561872826
6157	0.0051170568561872826
7167	0.0051170568561872826
7501	0.0051170568561872826
7639	0.0051170568561872826
7718	0.0051170568561872826
7931	0.0051170568561872826
8226	0.0051170568561872826
8668	0.0051170568561872826
8850	0.0051170568561872826
8979	0.0051170568561872826
9098	0.0051170568561872826
9554	0.0051170568561872826
10648	0.0051170568561872826
11247	0.0051170568561872826
11583	0.0051170568561872826
12242	0.0051170568561872826
13180	0.0051170568561872826
3729	0.0052508361204013365
4373	0.0052508361204013365
5469	0.0052508361204013365
6054	0.0052508361204013365
6547	0.0052508361204013365
7927	0.0052508361204013365
9957	0.0052508361204013365
10385	0.0052508361204013365
10575	0.0052508361204013365
10628	0.0052508361204013365
11228	0.0052508361204013365
11570	0.0052508361204013365
6920	0.006622073578595317
4431	0.007491638795986605
7660	0.007926421404682277
2257	0.008294314381270915
7031	0.008461538461538465
7525	0.008461538461538465
9701	0.008461538461538465
2601	0.00943143812709031
4781	0.010100334448160525
7819	0.010100334448160525
6932	0.010200668896321083
11371	0.011471571906354519
90	0.01160535117056856
518	0.01160535117056856
2481	0.01160535117056856
2692	0.01160535117056856
3165	0.01160535117056856
3519	0.01160535117056856
4072	0.01160535117056856
4136	0.01160535117056856
4241	0.01160535117056856
4302	0.01160535117056856
6371	0.01160535117056856
6508	0.01160535117056856
7216	0.01160535117056856
7616	0.01160535117056856
7694	0.01160535117056856
7916	0.01160535117056856
8696	0.01160535117056856
9287	0.01160535117056856
9640	0.01160535117056856
11457	0.01160535117056856
11464	0.01160535117056856
12145	0.01160535117056856
12734	0.01160535117056856
13076	0.01160535117056856
13423	0.01160535117056856
