5980	0.02036868141031705
5056	0.023015759969798065
10388	0.025134171139037972
2301	0.026800893363112123
5393	0.031701056701890065
7572	0.033501116703890145
12265	0.033501116703890145
4102	0.03463018119573448
9750	0.04094137698391637
4161	0.0417800814244779
3937	0.0431681056035201
10568	0.043201440048001576
720	0.0432347744924831
5951	0.043468115603853455
7164	0.04350145004833496
292	0.046734891163038764
10516	0.04927498810428704
13333	0.04950966504778853
6019	0.049729725814651585
6943	0.05013500450015
174	0.05143504783492782
10348	0.05194174366280568
2406	0.052341756996583444
793	0.05281378254784866
6256	0.0529804547702561
192	0.05480182672755758
4422	0.05584187366713913
12292	0.05594722032910805
8161	0.05650188339611319
435	0.05683522784092803
11338	0.057212593387273275
4014	0.05734192366880588
13272	0.05831028819443092
12063	0.05880362570099758
6962	0.05907531478184298
7717	0.05924198700425039
11312	0.059341990337694814
12414	0.05980199339978001
7103	0.06013533784459482
13104	0.06016867228907631
7235	0.06031637441691357
688	0.060517701576234505
5201	0.06108072477925641
12949	0.06117137728778303
10448	0.061835724316681384
12147	0.061910408198431015
7925	0.06214374930980143
77	0.06294745367021942
1525	0.06344379264457924
3983	0.0635437959780237
11566	0.06361046486698664
12070	0.06383121719861806
5340	0.06413547118237273
7381	0.06484383931280152
2597	0.06491050820176449
10046	0.06497717709072748
1301	0.06507718042417188
13035	0.06511051486865337
9733	0.06514384931313488
12462	0.06524385264657928
4972	0.06601422256251584
12614	0.06647689728886323
12417	0.06686889562985435
8689	0.06734392264891274
1306	0.06740290634861992
5005	0.06811429256484924
30	0.06837729042783869
3301	0.06844395931680164
9843	0.06847729376128314
2256	0.06941433589962709
8160	0.06983566118870628
1426	0.07007734709639431
12267	0.07013567118903963
11398	0.07051303673538489
175	0.07214108118645306
11233	0.07218775861254662
10546	0.07311078154420926
2244	0.07320244008133606
10713	0.07330244341478048
1166	0.07333577785926197
10365	0.07347746043350556
1255	0.07405346613521036
3056	0.07447749376795004
12620	0.07477957846258847
10353	0.07500250008333612
118	0.07583752683103524
26	0.07604254702291768
4611	0.07617722063297469
7770	0.07650255008500283
4909	0.07651089488132048
9890	0.07653588452948432
2903	0.07653588452948433
2547	0.07653588452948434
8052	0.07664423265924639
9779	0.07811094821643164
3104	0.07814428266091311
9950	0.07817761710539459
9945	0.07817761710539461
12279	0.07817761710539461
10427	0.07824428599435758
