2586	0.0
6763	0.00016667222240741332
6374	0.0001666722224074142
7061	0.0001666722224074142
12094	0.0001666722224074142
968	0.0002000066668888965
1265	0.0002000066668888965
1866	0.0002000066668888965
1975	0.0002000066668888965
2221	0.0002000066668888965
3928	0.0002000066668888965
4135	0.0002000066668888965
4922	0.0002000066668888965
5127	0.0002000066668888965
6209	0.0002000066668888965
6450	0.0002000066668888965
6641	0.0002000066668888965
6721	0.0002000066668888965
6922	0.0002000066668888965
9769	0.0002000066668888965
10221	0.0002000066668888965
10598	0.0002000066668888965
339	0.00023334111137037795
13658	0.00023334111137037795
3273	0.00023334111137037882
384	0.00026667555585186114
4584	0.00026667555585186114
5233	0.00026667555585186114
5502	0.00026667555585186114
6748	0.00026667555585186114
10749	0.00030001000033334346
2450	0.00033334444481482664
7119	0.00033334444481482664
9116	0.00033334444481482664
2681	0.0003333444448148275
3742	0.0003333444448148275
11593	0.0003333444448148275
13664	0.0003333444448148275
4293	0.00036667888929630896
13310	0.00036667888929630896
12334	0.0003666788892963098
9487	0.0004666822227407585
9634	0.0004666822227407585
1765	0.00050001666722224
6265	0.00050001666722224
12552	0.00050001666722224
12764	0.00050001666722224
3898	0.0005000166672222408
456	0.000533351111703724
4851	0.0005666855561852063
5249	0.0005666855561852063
9358	0.0005666855561852063
5126	0.0006000200006666895
11191	0.0006000200006666895
519	0.0006333544451481718
1798	0.0006333544451481718
1852	0.0006333544451481718
1855	0.0006333544451481718
3122	0.0006333544451481718
3465	0.0006333544451481718
3564	0.0006333544451481718
4310	0.0006333544451481718
4393	0.0006333544451481718
4589	0.0006333544451481718
5884	0.0006333544451481718
5986	0.0006333544451481718
6126	0.0006333544451481718
7434	0.0006333544451481718
7513	0.0006333544451481718
7912	0.0006333544451481718
8803	0.0006333544451481718
9418	0.0006333544451481718
9624	0.0006333544451481718
10027	0.0006333544451481718
10157	0.0006333544451481718
10249	0.0006333544451481718
10711	0.0006333544451481718
11428	0.0006333544451481718
12564	0.0006333544451481718
12908	0.0006333544451481718
13049	0.0006333544451481718
13069	0.0006333544451481718
91	0.0006666888896296541
373	0.0006666888896296541
696	0.0006666888896296541
783	0.0006666888896296541
982	0.0006666888896296541
984	0.0006666888896296541
1168	0.0006666888896296541
1665	0.0006666888896296541
1709	0.0006666888896296541
1794	0.0006666888896296541
1927	0.0006666888896296541
2038	0.0006666888896296541
2468	0.0006666888896296541
2696	0.0006666888896296541
2803	0.0006666888896296541
2936	0.0006666888896296541
3112	0.0006666888896296541
3293	0.0006666888896296541
