10729	0.0010333677789259657
7430	0.0016667222240741332
859	0.0025334177805926856
13153	0.0033001100036667893
7913	0.003366778892629754
11985	0.004600153338444617
4192	0.004666822227407581
9219	0.004766825560852028
7013	0.00516683889462982
10927	0.005866862228740959
12214	0.006533551118370612
8045	0.006633554451815061
5018	0.006666888896296545
1159	0.006700223340778027
2458	0.006700223340778027
13117	0.007466915563852126
3998	0.007666922230741023
5093	0.00800026667555585
7712	0.00833361112037068
1167	0.008333611120370682
8360	0.008333611120370682
3005	0.008700290009666984
10991	0.008966965565518854
8748	0.00910030334344478
10462	0.009166972232407748
406	0.009966998899963333
1249	0.009966998899963333
2582	0.009966998899963333
3025	0.009966998899963333
3072	0.009966998899963333
3350	0.009966998899963333
3706	0.009966998899963333
4190	0.009966998899963333
4420	0.009966998899963333
4557	0.009966998899963333
5123	0.009966998899963333
5811	0.009966998899963333
6298	0.009966998899963333
6352	0.009966998899963333
6507	0.009966998899963333
6630	0.009966998899963333
6771	0.009966998899963333
6949	0.009966998899963333
7373	0.009966998899963333
7537	0.009966998899963333
7701	0.009966998899963333
7921	0.009966998899963333
8142	0.009966998899963333
8332	0.009966998899963333
9278	0.009966998899963333
9395	0.009966998899963333
9755	0.009966998899963333
10505	0.009966998899963333
10523	0.009966998899963333
11120	0.009966998899963333
11792	0.009966998899963333
11958	0.009966998899963333
12384	0.009966998899963333
12496	0.009966998899963333
12714	0.009966998899963333
12956	0.009966998899963333
13516	0.009966998899963333
13566	0.009966998899963333
13726	0.009966998899963333
40	0.009966998899963334
9043	0.010000333344444811
329	0.010000333344444815
425	0.010000333344444815
892	0.010000333344444815
993	0.010000333344444815
1010	0.010000333344444815
1085	0.010000333344444815
1361	0.010000333344444815
1861	0.010000333344444815
1917	0.010000333344444815
2464	0.010000333344444815
2614	0.010000333344444815
2644	0.010000333344444815
2761	0.010000333344444815
2801	0.010000333344444815
3649	0.010000333344444815
3731	0.010000333344444815
3977	0.010000333344444815
4034	0.010000333344444815
4054	0.010000333344444815
4143	0.010000333344444815
4827	0.010000333344444815
4830	0.010000333344444815
4858	0.010000333344444815
5224	0.010000333344444815
5313	0.010000333344444815
5826	0.010000333344444815
6171	0.010000333344444815
6368	0.010000333344444815
6588	0.010000333344444815
6663	0.010000333344444815
7334	0.010000333344444815
7944	0.010000333344444815
8064	0.010000333344444815
8085	0.010000333344444815
