4475	0.0218394693424006
10407	0.02209488253844806
11270	0.02399494587389256
11607	0.029684321695895993
4092	0.031428526993263206
13142	0.03226332516546538
8690	0.03350122707546215
8683	0.03487334750623237
3461	0.03522865366415224
6030	0.03522865366415224
12349	0.03681226386475982
7163	0.038240236770434144
4308	0.03826208811196716
5023	0.0398736245500268
4222	0.03988907657011087
12463	0.04000674158480868
7156	0.0401565224972382
10603	0.04159575553298822
11587	0.042676477175772075
12347	0.04267647717577209
732	0.043512487205537846
5982	0.045017722441361194
8824	0.04516232034936281
5965	0.045964772961774314
1827	0.04657384789080483
3732	0.04669592553865508
1651	0.048329090345374956
1203	0.048484504667435396
2897	0.04850724567073082
13180	0.048517839111916886
1292	0.04857313526950341
7416	0.04866309924935068
5229	0.04869621072095938
4954	0.04887359121558232
7750	0.049851660607193045
10071	0.051340011222224674
7698	0.051450934652113825
7129	0.05150668344463209
11225	0.051518162088123105
4911	0.05162920034904173
3171	0.05164002122255803
4396	0.0516744593827598
8428	0.05186254146041211
7978	0.0518738015904878
6108	0.0518958759048936
8166	0.0518958759048936
8783	0.0518958759048936
11344	0.0518958759048936
2257	0.05196221144941176
5696	0.05196254479385657
2953	0.053145037944966056
1251	0.053540746787434715
8897	0.05468349948342759
4189	0.05488560321018505
4284	0.05492953332558131
12329	0.05497401752856645
13112	0.0549845028279092
6993	0.05522932035304187
6091	0.05557403752923314
3089	0.056329357020930795
3046	0.056912487941348316
5132	0.05695123505231668
1895	0.05697011082086237
11276	0.05699548959324285
7915	0.05817423457036081
318	0.05822964332924809
6653	0.05824090345932378
9683	0.05844046418046711
9203	0.05846276146774569
12093	0.058474023827550105
8677	0.05847424457069415
11470	0.058518282827933726
9545	0.05852943035670865
13282	0.058540467513911565
2510	0.05859609924567162
5361	0.05859609924567163
2933	0.059029449253659626
10917	0.05944138494694528
12440	0.059522731025259366
2064	0.059578806473036275
12159	0.05971037830580975
7938	0.059868439315870166
5560	0.059974736058649
11664	0.06020707936641365
9721	0.060214368349625035
9851	0.060229709998137065
4795	0.06026304444261854
1201	0.06029615591422724
13023	0.06034097346165719
12166	0.06122952035970876
4151	0.06154101346299057
6964	0.06154101346299057
10650	0.061674792727204615
3729	0.06171783764029592
11412	0.061762871471412475
10913	0.061807689018842434
6421	0.06189620924933841
10498	0.06189620924933841
2118	0.06189643222221119
4305	0.061907246406541314
