7871	0.003300110003666789
13100	0.003300110003666789
1579	0.003333444448148271
5013	0.006633554451815063
4108	0.007566918897296585
6061	0.008133604453481767
8958	0.00826694223140771
10551	0.009966998899963333
10545	0.009966998899963334
10409	0.010000333344444818
10907	0.013233774459148645
8272	0.01333377779259309
3973	0.013433781126037526
3920	0.014900496683222774
2329	0.01666722224074135
12559	0.01666722224074136
11568	0.01670055668522285
948	0.016767225574185807
2082	0.017867262242074723
7713	0.01983399446648222
621	0.01993399779992665
1405	0.01993399779992665
2868	0.01993399779992665
6479	0.01993399779992665
8444	0.01993399779992665
2412	0.019967332244408147
9776	0.019967332244408147
106	0.019967332244408158
10596	0.020000666688889623
2955	0.02000066668888963
8739	0.020000666688889637
3004	0.02010067002233407
681	0.02013400446681555
144	0.021667388912963784
1181	0.023300776692556417
4591	0.023334111137037906
370	0.02333411113703791
2976	0.02333411113703791
4551	0.02333411113703791
468	0.023334111137037917
12575	0.023600786692889765
7898	0.02490083002766758
10640	0.02493416447214906
10424	0.02493416447214907
4960	0.025367512250408338
7069	0.025534184472815764
178	0.025767525584186133
9759	0.026500883362778765
9558	0.026567552251741722
2080	0.026634221140704687
2021	0.02663422114070471
694	0.026667555585186162
3936	0.026667555585186187
4947	0.026667555585186187
9021	0.026667555585186187
12062	0.0266675555851862
1268	0.026767558918630623
9015	0.02726757558585286
12547	0.028367612253741775
163	0.029967665588852953
6110	0.029967665588852953
2168	0.029967665588852964
11420	0.029967665588852964
5949	0.029967665588852978
7631	0.03000100003333444
1233	0.030034334477815932
3967	0.030101003366778893
11675	0.030134337811260375
10565	0.030234341144704815
1362	0.03023434114470484
12221	0.030967698923297454
12591	0.03163438781292709
9011	0.0316343878129271
4556	0.031667722257408604
2058	0.03170105670189007
2104	0.032334411147038264
7690	0.03253441781392715
9578	0.032867762258741946
2435	0.03316777225907533
725	0.033234441148038266
10373	0.03330111003700122
5014	0.03330111003700124
7277	0.03350111670389013
4134	0.0335677855928531
2446	0.03500116670555685
174	0.03500116670555687
10353	0.0351011700390013
5446	0.035701190039667985
1330	0.03593453115103837
13063	0.03630121004033471
3101	0.03660122004066801
7677	0.036601220040668014
11245	0.036601220040668014
8118	0.03660122004066802
5172	0.03660122004066803
13313	0.03660122004066803
6133	0.036634554485149504
7620	0.036634554485149504
9890	0.036634554485149504
11514	0.036634554485149504
