1278	0.019960000000000002
11077	0.019960000000000002
12575	0.020260010000333346
4972	0.021593387779592656
1228	0.02162672222407414
6543	0.02166005666855562
55	0.021787295576519223
10348	0.022826762225407516
5168	0.02316010667022234
11229	0.02316010667022234
12081	0.02316010667022234
163	0.023293444448148275
370	0.023293444448148275
1362	0.023293444448148275
2412	0.023293444448148275
2489	0.023293444448148275
3108	0.023293444448148275
3485	0.023293444448148275
3538	0.023293444448148275
3651	0.023293444448148275
3684	0.023293444448148275
3930	0.023293444448148275
3937	0.023293444448148275
4926	0.023293444448148275
5201	0.023293444448148275
5297	0.023293444448148275
6019	0.023293444448148275
6110	0.023293444448148275
6167	0.023293444448148275
6261	0.023293444448148275
6306	0.023293444448148275
6314	0.023293444448148275
6532	0.023293444448148275
7381	0.023293444448148275
7470	0.023293444448148275
7677	0.023293444448148275
7899	0.023293444448148275
7973	0.023293444448148275
8047	0.023293444448148275
8228	0.023293444448148275
8261	0.023293444448148275
8700	0.023293444448148275
8862	0.023293444448148275
8946	0.023293444448148275
8982	0.023293444448148275
9021	0.023293444448148275
9036	0.023293444448148275
9118	0.023293444448148275
9135	0.023293444448148275
9776	0.023293444448148275
9850	0.023293444448148275
10454	0.023293444448148275
10568	0.023293444448148275
10614	0.023293444448148275
10778	0.023293444448148275
10782	0.023293444448148275
10888	0.023293444448148275
11245	0.023293444448148275
11338	0.023293444448148275
11517	0.023293444448148275
12572	0.023293444448148275
2955	0.023326778892629758
5905	0.023326778892629758
7126	0.023326778892629758
11636	0.023326778892629758
9711	0.02342678222607421
273	0.023460116670555694
462	0.023460116670555694
1267	0.023460116670555694
4134	0.02349345111503717
337	0.024960166672222405
1540	0.024960166672222405
12171	0.024960166672222405
174	0.024960166672222412
8225	0.024960166672222412
13057	0.024960166672222412
9702	0.024993501116703887
10807	0.02502683556118537
9023	0.025160173339111306
3657	0.02566019000633354
10534	0.025793527784259477
11312	0.026226875562518754
10658	0.02646021667388913
7149	0.026493551118370613
13119	0.026493551118370616
3024	0.026526885562852102
1181	0.026626888896296542
3104	0.026626888896296542
6357	0.026626888896296542
7671	0.026626888896296542
2168	0.026626888896296545
5006	0.026626888896296545
6233	0.026626888896296545
8361	0.026626888896296545
2230	0.02662688889629655
2406	0.02662688889629655
7125	0.02662688889629655
1795	0.02679356111870396
12063	0.026860230007666925
5442	0.027626922230741025
