469	0.00016667222240741375
3912	0.00016667222240741375
11009	0.0005000166672222413
11594	0.0005000166672222413
2485	0.001166705556851895
2087	0.0014667155571852402
2728	0.001500050001666723
9298	0.001500050001666723
11023	0.001500050001666723
12211	0.001500050001666723
12340	0.001500050001666723
13390	0.001500050001666723
463	0.0015333844461482048
5250	0.002000066668888963
1462	0.0021667388912963766
1693	0.0021667388912963766
2211	0.0021667388912963766
2370	0.0021667388912963766
8795	0.0021667388912963766
12405	0.0021667388912963766
12682	0.0024334144471482386
3282	0.0025667522250741688
1562	0.0034667822260742026
2397	0.0034667822260742026
6694	0.0034667822260742026
8627	0.0034667822260742026
11454	0.0037334577819260646
2185	0.0038001266708890293
1581	0.00380012667088903
11581	0.004033467782259409
4977	0.0041001366712223744
11863	0.004300143338111271
3307	0.0045001500050001675
5220	0.0045001500050001675
11673	0.0045001500050001675
5326	0.00453348444948165
258	0.004800160005333512
516	0.004800160005333512
3048	0.004800160005333512
3103	0.004800160005333512
4593	0.004800160005333512
4673	0.004800160005333512
5350	0.004800160005333512
5526	0.004800160005333512
5556	0.004800160005333512
6178	0.004800160005333512
7654	0.004800160005333512
7826	0.004800160005333512
8184	0.004800160005333512
9113	0.004800160005333512
11334	0.004800160005333512
11813	0.004800160005333512
12706	0.004800160005333512
13318	0.004800160005333512
13389	0.004800160005333512
282	0.004833494449814995
1326	0.004833494449814995
7087	0.004833494449814995
8772	0.0050001666722224065
7778	0.005166838894629822
10446	0.005166838894629822
2150	0.0051668388946298225
1017	0.005300176672555752
1635	0.005300176672555752
1967	0.005300176672555752
2372	0.005300176672555752
2830	0.005300176672555752
3365	0.005300176672555752
3715	0.005300176672555752
4759	0.005300176672555752
5712	0.005300176672555752
6657	0.005300176672555752
8366	0.005300176672555752
8782	0.005300176672555752
9234	0.005300176672555752
9248	0.005300176672555752
10892	0.005300176672555752
13250	0.005300176672555752
13595	0.005300176672555752
1602	0.005366845561518717
10999	0.005366845561518718
912	0.005433514450481683
1015	0.005433514450481683
1098	0.005433514450481683
1280	0.005433514450481683
1723	0.005433514450481683
1838	0.005433514450481683
2006	0.005433514450481683
2102	0.005433514450481683
2665	0.005433514450481683
3049	0.005433514450481683
3152	0.005433514450481683
3836	0.005433514450481683
4775	0.005433514450481683
6055	0.005433514450481683
7183	0.005433514450481683
7313	0.005433514450481683
7786	0.005433514450481683
7835	0.005433514450481683
8355	0.005433514450481683
