12252	0.6362081007782399
7582	0.6646006635492001
5910	0.7124689258246095
863	0.7214406273970518
8922	0.7406379947726099
4036	0.7430095664874745
878	0.8121504435104193
4270	0.8213121765744773
7094	0.8504391363145061
12328	0.8597467910616268
4902	0.8600637191384384
1401	0.8644344735231595
12264	0.8715805188525533
5002	0.8798807955284424
6906	0.8988375109800537
1258	0.9147152900115919
6111	0.9155756960502837
3949	0.9299491311396294
561	0.943316243376704
8703	0.9579946075555444
256	0.9626852874314268
11218	0.9761984691095793
6967	0.9916654420187552
9863	1.0005785818907131
1262	1.0030674489200333
9534	1.0128380121397826
3483	1.0196765364710312
46	1.0322906998315453
5962	1.039919463484041
8143	1.0514031804413146
9694	1.0700538012953014
5914	1.073353911298968
8716	1.0816875224193387
8671	1.0827875590872278
4223	1.0930212335430427
5225	1.0985445742106539
1253	1.1113551780078583
1177	1.1233889124656735
7174	1.1253942183029122
12154	1.1347226235893777
476	1.1348502987047537
2076	1.134942631923039
12543	1.1431229035987114
3060	1.1471124431187831
155	1.1474494608151888
3943	1.1635142399078462
6234	1.1663903458467866
6153	1.1689664275233034
3028	1.1695906404427316
13013	1.1750413675371103
12563	1.1752176841165527
1225	1.1785574180825276
2358	1.1799907991952314
5940	1.1856295594809516
2044	1.1866685899224274
4392	1.1913911792078984
6912	1.1966255220610789
5976	1.19870917902902
2024	1.199414715002907
1	1.2007914925516765
1415	1.2013431751909769
6096	1.2027307605482407
9541	1.2108303995089522
7674	1.215191972567677
11716	1.2157586581238622
250	1.220130709519286
2068	1.2317258570304923
1123	1.2334025376577922
8959	1.25932677706116
13323	1.2601601381731973
7598	1.2721272037420497
5984	1.273060568187531
6215	1.2768992684712512
716	1.2790715474520953
9571	1.2796607881948647
1107	1.2797274570838277
7754	1.2805890014354064
13240	1.3051483054454898
10912	1.307301856314326
1472	1.3093643551092682
12429	1.3163620115689771
11327	1.3214288471301625
5103	1.3227614375167631
9190	1.3272009451938085
1248	1.332627648096484
558	1.3367147369822994
3102	1.3399961327063483
12104	1.3420347729880684
9040	1.3492288242674586
8686	1.3514631816079783
12067	1.3673456773083505
6095	1.3714305138523866
7118	1.3722161794542378
12371	1.3732972427433494
12316	1.3734138307921593
10368	1.3739471819038631
559	1.3764248059417787
13432	1.3798824598337984
9872	1.3872321672971708
3084	1.3888212201454673
