186	0.0
922	0.0
4290	0.0
6436	0.0
9600	0.0
3102	0.0001333377779259015
169	0.003300110003666812
7379	0.003300110003666812
1133	0.0056668555618520355
6026	0.006700223340778022
5000	0.006733557785259525
6987	0.00996699889996333
9034	0.00996699889996333
7884	0.013100436681222682
12067	0.01330044334811159
13054	0.01330044334811159
173	0.016633887796259905
250	0.016633887796259905
739	0.016633887796259905
2526	0.016633887796259905
11319	0.016633887796259905
13130	0.016633887796259905
2945	0.01666722224074138
3500	0.01666722224074138
5192	0.01666722224074138
12469	0.01666722224074138
414	0.016700556685222856
8086	0.016800560018667282
4941	0.016900563352111736
5176	0.01993399779992666
3194	0.020000666688889668
8960	0.020034001133371115
716	0.020100670022334066
9571	0.023234107803593473
315	0.023300776692556424
823	0.023300776692556424
11419	0.023300776692556424
10492	0.023334111137037872
2226	0.024067468915630552
2458	0.02480082669422315
4769	0.026634221140704684
5904	0.029567652255075155
12113	0.029934331144371468
487	0.02996766558885297
6411	0.02996766558885297
9524	0.02996766558885297
12252	0.02996766558885297
5159	0.030034334477815894
12078	0.030034334477815894
7724	0.033201106703556804
8654	0.033201106703556804
2398	0.03330111003700123
4038	0.03330111003700123
11418	0.03330111003700123
13030	0.03330111003700123
3949	0.033334444481482706
6048	0.033334444481482706
6105	0.033334444481482706
12935	0.033334444481482706
322	0.03333444448148273
3150	0.03333444448148273
3969	0.03333444448148273
6087	0.03333444448148273
8124	0.03333444448148273
8751	0.03333444448148273
9774	0.03333444448148273
5225	0.03336777892596421
7	0.033467782259408635
10813	0.03496783226107539
9040	0.03810127004233474
8388	0.03996799893329778
11612	0.03996799893329778
12852	0.04036801226707559
2266	0.04216807226907565
3656	0.043301443381446064
11902	0.043301443381446064
6967	0.04336811227040899
8983	0.044068135604520164
13177	0.044068135604520164
2879	0.046368212273742465
408	0.046634887829594324
10982	0.046634887829594324
12101	0.046634887829594324
394	0.046734891163038805
12144	0.04873495783192772
6316	0.04996833227774261
9568	0.04996833227774261
2079	0.05220174005800193
497	0.05330177672589087
11324	0.05330177672589087
2047	0.05336844561485382
12485	0.05596853228440948
836	0.05663522117403913
11279	0.05703523450781692
8143	0.05926864228807627
197	0.05996866562218742
2070	0.05996866562218742
7907	0.05996866562218742
4696	0.06330211007033568
7619	0.06330211007033568
