25	0.0033334444481482716
65	0.0033334444481482716
142	0.0033334444481482716
180	0.0033334444481482716
362	0.0033334444481482716
704	0.0033334444481482716
723	0.0033334444481482716
809	0.0033334444481482716
891	0.0033334444481482716
1104	0.0033334444481482716
1192	0.0033334444481482716
1439	0.0033334444481482716
1535	0.0033334444481482716
1577	0.0033334444481482716
2211	0.0033334444481482716
2291	0.0033334444481482716
2333	0.0033334444481482716
2382	0.0033334444481482716
3065	0.0033334444481482716
3161	0.0033334444481482716
3314	0.0033334444481482716
3422	0.0033334444481482716
3438	0.0033334444481482716
3487	0.0033334444481482716
3489	0.0033334444481482716
3974	0.0033334444481482716
4166	0.0033334444481482716
4179	0.0033334444481482716
4460	0.0033334444481482716
4565	0.0033334444481482716
4680	0.0033334444481482716
4934	0.0033334444481482716
5007	0.0033334444481482716
5107	0.0033334444481482716
5283	0.0033334444481482716
5339	0.0033334444481482716
5570	0.0033334444481482716
5607	0.0033334444481482716
5634	0.0033334444481482716
5944	0.0033334444481482716
6042	0.0033334444481482716
6167	0.0033334444481482716
6173	0.0033334444481482716
6437	0.0033334444481482716
6742	0.0033334444481482716
7308	0.0033334444481482716
7686	0.0033334444481482716
7836	0.0033334444481482716
7905	0.0033334444481482716
7980	0.0033334444481482716
8032	0.0033334444481482716
8279	0.0033334444481482716
8700	0.0033334444481482716
8973	0.0033334444481482716
9023	0.0033334444481482716
9031	0.0033334444481482716
9122	0.0033334444481482716
9178	0.0033334444481482716
9250	0.0033334444481482716
9288	0.0033334444481482716
9434	0.0033334444481482716
9579	0.0033334444481482716
9605	0.0033334444481482716
9630	0.0033334444481482716
9751	0.0033334444481482716
9830	0.0033334444481482716
9837	0.0033334444481482716
9889	0.0033334444481482716
10048	0.0033334444481482716
10061	0.0033334444481482716
10067	0.0033334444481482716
10663	0.0033334444481482716
10778	0.0033334444481482716
10803	0.0033334444481482716
10861	0.0033334444481482716
10872	0.0033334444481482716
10956	0.0033334444481482716
10962	0.0033334444481482716
11274	0.0033334444481482716
11296	0.0033334444481482716
11318	0.0033334444481482716
11368	0.0033334444481482716
11480	0.0033334444481482716
11659	0.0033334444481482716
11808	0.0033334444481482716
12223	0.0033334444481482716
12229	0.0033334444481482716
12356	0.0033334444481482716
12382	0.0033334444481482716
12447	0.0033334444481482716
12493	0.0033334444481482716
12509	0.0033334444481482716
13162	0.0033334444481482716
13201	0.0033334444481482716
13219	0.0033334444481482716
260	0.003366778892629761
372	0.003366778892629761
2115	0.003366778892629761
2615	0.003366778892629761
2698	0.003366778892629761
