1276	0.010289357563596502
4026	0.010289357563596502
6962	0.010289357563596502
2116	0.010322692008077991
4521	0.011700390013000439
6169	0.013050411365797682
1178	0.01952620468208191
9054	0.022763118960326637
900	0.022796453404808126
1379	0.022796453404808126
3133	0.022796453404808126
12965	0.022796453404808126
13011	0.022796453404808126
8872	0.024091483214592417
5990	0.02439149321492575
4102	0.025000833361112036
3675	0.02516319896299339
8993	0.025685187192578916
3097	0.026956579804337855
5422	0.026956579804337855
10849	0.026956579804337855
9639	0.02695657980433786
2944	0.027398209741810085
7235	0.027419584334216207
3931	0.02776328563254904
9033	0.02776328563254904
10432	0.02776328563254904
12055	0.02776328563254904
72	0.027829954521512004
7020	0.02943000785662317
10379	0.02943000785662317
6974	0.029458328776111133
435	0.02946334230110466
533	0.02946334230110466
720	0.02946334230110466
808	0.02946334230110466
1166	0.02946334230110466
1290	0.02946334230110466
2096	0.02946334230110466
2314	0.02946334230110466
4237	0.02946334230110466
8025	0.02946334230110466
8169	0.02946334230110466
9636	0.02946334230110466
9727	0.02946334230110466
10765	0.02946334230110466
11462	0.02946334230110466
12097	0.02946334230110466
12515	0.02946334230110466
3643	0.029496676745586148
7609	0.029496676745586148
12246	0.029496676745586148
2330	0.029630014523512063
9796	0.03079672008036398
13101	0.031830087859289924
6983	0.03262140796929046
7573	0.032825107668740895
7158	0.03283012119373442
8969	0.03283012119373442
9820	0.03283012119373442
13248	0.032930124527178875
887	0.033125589364821954
1124	0.033130131194067755
9584	0.03353014452784556
8827	0.03413016452851224
8454	0.03517718975288209
13197	0.03608339653939174
11404	0.036096896752919716
7572	0.036130231197401205
12417	0.036130231197401205
427	0.036163565641882695
8913	0.03692357870430119
5001	0.03713293619610791
3963	0.03759694675458644
5393	0.03776361897699385
9068	0.038114298560114994
2059	0.03820231008377761
11312	0.03899031426215312
546	0.03925865545366706
3678	0.0393970067565865
7040	0.03946367564554948
7341	0.039981357254608954
10447	0.040104275541912156
2305	0.04031581766253427
6143	0.04096773314360955
7957	0.041337083697168105
2122	0.04134806947834975
107	0.04166805560185339
3454	0.0419237453765236
688	0.042414756362058076
3394	0.04279712009369774
6369	0.04279712009369774
1157	0.042797120093697745
1323	0.042797120093697745
3227	0.042797120093697745
10566	0.042797120093697745
12418	0.042797120093697745
4978	0.04279979175795999
2403	0.042808435678410334
3339	0.04283045453817923
