9221	0.0
10740	0.0
3044	0.0026000866695556515
14	0.003300110003666789
74	0.003300110003666789
123	0.003300110003666789
278	0.003300110003666789
283	0.003300110003666789
288	0.003300110003666789
329	0.003300110003666789
344	0.003300110003666789
385	0.003300110003666789
443	0.003300110003666789
486	0.003300110003666789
489	0.003300110003666789
567	0.003300110003666789
593	0.003300110003666789
653	0.003300110003666789
779	0.003300110003666789
782	0.003300110003666789
859	0.003300110003666789
903	0.003300110003666789
935	0.003300110003666789
1018	0.003300110003666789
1049	0.003300110003666789
1138	0.003300110003666789
1279	0.003300110003666789
1368	0.003300110003666789
1465	0.003300110003666789
1479	0.003300110003666789
1489	0.003300110003666789
1490	0.003300110003666789
1491	0.003300110003666789
1497	0.003300110003666789
1518	0.003300110003666789
1520	0.003300110003666789
1569	0.003300110003666789
1624	0.003300110003666789
1633	0.003300110003666789
1721	0.003300110003666789
1782	0.003300110003666789
1788	0.003300110003666789
1848	0.003300110003666789
1873	0.003300110003666789
1901	0.003300110003666789
1933	0.003300110003666789
1941	0.003300110003666789
1955	0.003300110003666789
1957	0.003300110003666789
1993	0.003300110003666789
1997	0.003300110003666789
1998	0.003300110003666789
2030	0.003300110003666789
2073	0.003300110003666789
2075	0.003300110003666789
2210	0.003300110003666789
2234	0.003300110003666789
2287	0.003300110003666789
2340	0.003300110003666789
2342	0.003300110003666789
2368	0.003300110003666789
2393	0.003300110003666789
2438	0.003300110003666789
2461	0.003300110003666789
2474	0.003300110003666789
2500	0.003300110003666789
2570	0.003300110003666789
2581	0.003300110003666789
2590	0.003300110003666789
2703	0.003300110003666789
2768	0.003300110003666789
2791	0.003300110003666789
2817	0.003300110003666789
2819	0.003300110003666789
2849	0.003300110003666789
2872	0.003300110003666789
2916	0.003300110003666789
2917	0.003300110003666789
2947	0.003300110003666789
3015	0.003300110003666789
3031	0.003300110003666789
3037	0.003300110003666789
3045	0.003300110003666789
3057	0.003300110003666789
3068	0.003300110003666789
3182	0.003300110003666789
3201	0.003300110003666789
3202	0.003300110003666789
3206	0.003300110003666789
3210	0.003300110003666789
3257	0.003300110003666789
3278	0.003300110003666789
3290	0.003300110003666789
3298	0.003300110003666789
3299	0.003300110003666789
3375	0.003300110003666789
3473	0.003300110003666789
3509	0.003300110003666789
3517	0.003300110003666789
3530	0.003300110003666789
