10864	0.0026667555585186166
13525	0.002700090003000099
12935	0.0036667888929630982
4201	0.005166838894629818
11655	0.006733557785259506
4258	0.010667022234074468
9151	0.011467048901630056
203	0.011833727790926363
419	0.011833727790926363
3508	0.011833727790926363
4652	0.011833727790926363
4735	0.011833727790926363
5503	0.011833727790926363
6781	0.011833727790926363
6788	0.011833727790926363
7655	0.011833727790926363
7863	0.011833727790926363
9048	0.011833727790926363
9649	0.011833727790926363
10767	0.011833727790926363
11176	0.011833727790926363
11833	0.011833727790926363
13276	0.011833727790926363
5018	0.011867062235407844
821	0.011900396679889328
5054	0.011967065568852292
6662	0.011967065568852292
13204	0.011967065568852292
1638	0.012033734457815257
5349	0.012100403346778225
3009	0.012867095569852327
7194	0.013433781126037535
5290	0.013467115570519017
7454	0.013467115570519017
9025	0.013467115570519017
11202	0.013467115570519017
5304	0.0135004500150005
7955	0.0135004500150005
8864	0.0135004500150005
11753	0.0135004500150005
304	0.013533784459481982
1046	0.013533784459481982
1430	0.013533784459481982
1610	0.013533784459481982
2287	0.013533784459481982
2541	0.013533784459481982
2605	0.013533784459481982
3276	0.013533784459481982
3629	0.013533784459481982
3741	0.013533784459481982
3811	0.013533784459481982
4020	0.013533784459481982
4442	0.013533784459481982
4580	0.013533784459481982
4828	0.013533784459481982
5473	0.013533784459481982
5554	0.013533784459481982
5630	0.013533784459481982
6757	0.013533784459481982
7065	0.013533784459481982
7099	0.013533784459481982
7331	0.013533784459481982
7402	0.013533784459481982
7844	0.013533784459481982
8480	0.013533784459481982
8848	0.013533784459481982
9353	0.013533784459481982
9449	0.013533784459481982
9517	0.013533784459481982
9968	0.013533784459481982
10559	0.013533784459481982
11591	0.013533784459481982
12858	0.013533784459481982
13049	0.013533784459481982
13338	0.013533784459481982
5138	0.013567118903963463
7712	0.014333811127037566
7061	0.01436714557151905
1761	0.014500483349444983
3193	0.014667155571852395
10504	0.014800493349778331
7033	0.01483382779425981
2226	0.014900496683222776
8313	0.014967165572185739
7339	0.015033834461148704
10164	0.015033834461148704
11730	0.015033834461148704
3005	0.015100503350111672
145	0.01513383779459315
3569	0.01513383779459315
5131	0.01513383779459315
6068	0.01513383779459315
6535	0.01513383779459315
6994	0.01513383779459315
8087	0.01513383779459315
8299	0.01513383779459315
9875	0.01513383779459315
10710	0.01513383779459315
12225	0.01513383779459315
630	0.015167172239074633
