4702	0.0008333611120370683
11704	0.0010000333344444834
5604	0.0024667488916297227
2502	0.002500083336111205
10480	0.002500083336111205
2581	0.0025334177805926873
3719	0.0025334177805926873
5060	0.0025334177805926873
11718	0.0025334177805926873
6935	0.0025667522250741696
6485	0.002633421114037141
1111	0.004133471115703859
3157	0.004133471115703859
3640	0.004133471115703859
5933	0.004133471115703859
8920	0.004133471115703859
13436	0.004133471115703859
7179	0.004166805560185342
7699	0.004166805560185342
11715	0.004166805560185342
5486	0.004266808893629796
8971	0.004266808893629796
5010	0.004300143338111278
9948	0.004300143338111278
1219	0.005833527784259478
4008	0.005833527784259478
10877	0.005833527784259478
455	0.005866862228740957
4007	0.005866862228740957
6347	0.005866862228740957
11032	0.005866862228740957
11629	0.005866862228740957
7673	0.0059001966732224395
5009	0.0059668655621854146
3756	0.009166972232407748
10461	0.009166972232407748
11505	0.009166972232407748
38	0.00920030667688923
1184	0.00920030667688923
2229	0.00920030667688923
2668	0.00920030667688923
6146	0.00920030667688923
10222	0.00920030667688923
10597	0.00920030667688923
9696	0.00933364445481516
5605	0.009333644454815167
9419	0.009333644454815167
7802	0.009500316677222575
10679	0.009566985566185533
2368	0.010700356678555945
12485	0.010700356678555945
291	0.010833694456481885
13599	0.010833694456481885
11324	0.011700390013000436
8585	0.0117670589019634
3929	0.012100403346778227
289	0.012367078902630082
1279	0.012500416680556018
1668	0.012500416680556018
3128	0.012500416680556018
3969	0.012500416680556018
5102	0.012500416680556018
5617	0.012500416680556018
9929	0.012500416680556018
13228	0.012500416680556018
13339	0.012500416680556018
5967	0.012500416680556025
1563	0.0125337511250375
2997	0.0125337511250375
3277	0.0125337511250375
4200	0.0125337511250375
4370	0.0125337511250375
6403	0.0125337511250375
7171	0.0125337511250375
8836	0.0125337511250375
10460	0.0125337511250375
11714	0.0125337511250375
152	0.012633754458481954
1929	0.012633754458481954
7015	0.012633754458481954
8321	0.012633754458481954
2053	0.012667088902963433
1134	0.012667088902963437
2094	0.012667088902963437
11360	0.012667088902963437
12490	0.012667088902963437
13443	0.013200440014667164
7362	0.01333377779259309
13314	0.014033801126704219
74	0.014133804460148672
12471	0.014133804460148672
11418	0.014167138904630151
5138	0.014167138904630158
1145	0.014367145571519049
12729	0.01436714557151905
8138	0.01496716557218574
5728	0.015033834461148705
6472	0.01513383779459316
1761	0.015200506683556119
8171	0.015600520017333912
