5061	0.0003730077992539771
10531	0.0003730077992539771
2944	0.0037978975924042035
8790	0.0037978975924042035
8794	0.0037978975924042035
8220	0.006375042387249896
13415	0.006375042387249924
7040	0.009393014581213999
8770	0.013190912173618174
1139	0.015666327568667343
1116	0.01620888436758225
10376	0.01654798236690405
7092	0.016581892166836226
7634	0.016581892166836226
12121	0.016581892166836226
218	0.01732790776534418
1128	0.01732790776534418
2015	0.01732790776534418
4005	0.01732790776534418
7581	0.01732790776534418
7594	0.01732790776534418
11254	0.01732790776534418
12051	0.01732790776534418
12058	0.01732790776534418
13284	0.01732790776534418
4071	0.017361817565276355
25	0.017395727365208558
9712	0.02075279755849438
7413	0.02414377755171243
7144	0.02502543234994914
8036	0.02502543234994914
688	0.026754832146490326
7199	0.026754832146490354
3111	0.027534757544930483
5902	0.033536792132926416
10350	0.033536792132926416
4900	0.034282807731434384
5973	0.034282807731434384
11332	0.034282807731434384
12061	0.034282807731434384
4488	0.03431671753136656
11429	0.03431671753136656
5302	0.03530010172939982
12053	0.03577483892845035
6541	0.039437097321125825
6635	0.04028484231943033
7766	0.04028484231943033
10538	0.041098677517802634
13025	0.04198033231603934
420	0.050457782299084444
754	0.050457782299084444
8919	0.050457782299084444
8877	0.05049169209901663
10453	0.05049169209901663
12916	0.05049169209901663
8351	0.05123770769752459
8685	0.05123770769752459
11402	0.05537470328925061
9699	0.05713801288572398
2040	0.05727365208545271
11540	0.05808748728382504
9926	0.058765683282468645
900	0.06144455747711089
12083	0.062258392675483235
1131	0.06402170227195661
9577	0.06402170227195661
10346	0.06575110206849781
4123	0.06741268226517465
320	0.06744659206510684
2427	0.06744659206510684
3095	0.06758223126483555
5992	0.06758223126483555
10518	0.06819260766361476
12961	0.06826042726347915
1290	0.06910817226178367
1521	0.06910817226178367
2435	0.06910817226178367
5715	0.06910817226178367
11175	0.06910817226178367
11338	0.06910817226178367
12643	0.06910817226178367
11059	0.07249915225500171
8025	0.0725330620549339
11252	0.07426246185147509
551	0.07589013224821975
10005	0.07589013224821975
10626	0.07589013224821975
1508	0.07660223804679554
1181	0.07928111224143779
6057	0.07928111224143779
2383	0.08179043743641912
12108	0.08179043743641912
3077	0.08236690403526621
10682	0.08243472363513056
374	0.08436758223126485
1352	0.08440149203119704
7096	0.08440149203119704
7684	0.08440149203119704
9753	0.08440149203119704
11140	0.08440149203119704
