9538	0.0
13197	0.0
1157	3.333444448147538e-05
10400	3.333444448147538e-05
13025	3.333444448147538e-05
2403	0.00013333777792592927
6598	0.003366778892629735
8699	0.006566885562852093
1239	0.006666888896296547
9033	0.006666888896296547
7600	0.006700223340778022
13122	0.00996699889996333
11378	0.010600353345111502
246	0.013300443348111618
887	0.013300443348111618
1299	0.013300443348111618
4790	0.013300443348111618
9589	0.013300443348111618
13220	0.013300443348111618
11466	0.013367112237074569
10429	0.015067168905630174
8872	0.016533884462815424
420	0.016633887796259877
710	0.016633887796259877
736	0.016633887796259877
1343	0.016633887796259877
2910	0.016633887796259877
3187	0.016633887796259877
5081	0.016633887796259877
6094	0.016633887796259877
6934	0.016633887796259877
7078	0.016633887796259877
7736	0.016633887796259877
7810	0.016633887796259877
11573	0.016633887796259877
12984	0.016633887796259877
82	0.016667222240741353
151	0.016667222240741353
248	0.016667222240741353
805	0.016667222240741353
829	0.016667222240741353
856	0.016667222240741353
1129	0.016667222240741353
1135	0.016667222240741353
2314	0.016667222240741353
2883	0.016667222240741353
3233	0.016667222240741353
3248	0.016667222240741353
3267	0.016667222240741353
3619	0.016667222240741353
4468	0.016667222240741353
4908	0.016667222240741353
5055	0.016667222240741353
5146	0.016667222240741353
5302	0.016667222240741353
5946	0.016667222240741353
7064	0.016667222240741353
7120	0.016667222240741353
7186	0.016667222240741353
7610	0.016667222240741353
7706	0.016667222240741353
8028	0.016667222240741353
8731	0.016667222240741353
9567	0.016667222240741353
9638	0.016667222240741353
10502	0.016667222240741353
10558	0.016667222240741353
10629	0.016667222240741353
11604	0.016667222240741353
12048	0.016667222240741353
12086	0.016667222240741353
12312	0.016667222240741353
13284	0.016667222240741353
3956	0.016700556685222828
12996	0.016700556685222828
4087	0.016800560018667282
4949	0.016800560018667282
9552	0.016800560018667282
12075	0.016800560018667282
10397	0.019967332244408165
11221	0.019967332244408165
4932	0.020034001133371115
13278	0.020034001133371115
6955	0.023300776692556424
251	0.023367445581519375
5337	0.02353411780392678
10401	0.02536751225040834
2142	0.02666755558518616
5973	0.028100936697889933
5097	0.029934331144371495
10449	0.02996766558885297
4629	0.030001000033334446
2253	0.03183439447981601
11894	0.03183439447981601
85	0.03330111003700123
2424	0.03330111003700123
4936	0.03330111003700123
8169	0.03330111003700123
9030	0.03330111003700123
9814	0.03330111003700123
