7850	0.0
6378	3.333444448148232e-05
9379	3.333444448148232e-05
11502	3.333444448148232e-05
2471	3.333444448148405e-05
3567	3.333444448148405e-05
817	0.000133337777925931
1058	0.000133337777925931
5994	0.000133337777925931
10984	0.000133337777925931
644	0.000266675555851862
9267	0.000266675555851862
1549	0.00030001000033334606
100	0.0003333444448148284
1538	0.0003333444448148284
1711	0.0003333444448148284
2558	0.0003333444448148284
3331	0.0003333444448148284
4263	0.0003333444448148284
4387	0.0003333444448148284
4610	0.0003333444448148284
4704	0.0003333444448148284
4836	0.0003333444448148284
5573	0.0003333444448148284
6627	0.0003333444448148284
7607	0.0003333444448148284
7746	0.0003333444448148284
7811	0.0003333444448148284
7982	0.0003333444448148284
8744	0.0003333444448148284
9873	0.0003333444448148284
10914	0.0003333444448148284
11583	0.0003333444448148284
13328	0.0003333444448148284
13587	0.0003333444448148284
10920	0.0003666788892963107
11004	0.00050001666722224
13200	0.0005666855561852081
168	0.0006333544451481727
1410	0.0006333544451481727
1455	0.0006333544451481727
1533	0.0006333544451481727
1676	0.0006333544451481727
2579	0.0006333544451481727
2623	0.0006333544451481727
3029	0.0006333544451481727
3033	0.0006333544451481727
3253	0.0006333544451481727
3306	0.0006333544451481727
3692	0.0006333544451481727
3748	0.0006333544451481727
3793	0.0006333544451481727
4140	0.0006333544451481727
4835	0.0006333544451481727
4937	0.0006333544451481727
5166	0.0006333544451481727
5529	0.0006333544451481727
5531	0.0006333544451481727
5748	0.0006333544451481727
6195	0.0006333544451481727
6421	0.0006333544451481727
6423	0.0006333544451481727
6750	0.0006333544451481727
6993	0.0006333544451481727
7356	0.0006333544451481727
7429	0.0006333544451481727
8011	0.0006333544451481727
8096	0.0006333544451481727
8157	0.0006333544451481727
9338	0.0006333544451481727
9489	0.0006333544451481727
9800	0.0006333544451481727
9834	0.0006333544451481727
9852	0.0006333544451481727
9916	0.0006333544451481727
10576	0.0006333544451481727
10589	0.0006333544451481727
10942	0.0006333544451481727
11096	0.0006333544451481727
11472	0.0006333544451481727
11640	0.0006333544451481727
11678	0.0006333544451481727
11818	0.0006333544451481727
11923	0.0006333544451481727
12148	0.0006333544451481727
12372	0.0006333544451481727
12648	0.0006333544451481727
12678	0.0006333544451481727
13151	0.0006333544451481727
13242	0.0006333544451481727
13288	0.0006333544451481727
1327	0.000666688889629655
13282	0.000666688889629655
13609	0.000666688889629655
6427	0.0007000233341111373
6513	0.0007000233341111373
8866	0.0007000233341111373
9408	0.0007333577785926196
10731	0.0007333577785926196
7520	0.0007666922230741037
