7146	0.1236041201373379
11331	0.12407080236007864
1256	0.12723757458581952
11808	0.1294043134771159
13082	0.1337044568152272
4316	0.13393779792659752
12193	0.13560452015067165
5570	0.142738091269709
11396	0.14393813127104235
7384	0.14940498016600554
7187	0.1507716923897463
260	0.15267175572519082
12478	0.1527717590586353
12282	0.1538384612820427
5385	0.15650521684056135
2893	0.157171905730191
3639	0.15757191906396878
702	0.16060535351178373
7111	0.16387212907096899
4181	0.16430547684922833
7592	0.16433881129370978
11480	0.16647221574052465
8122	0.16710557018567287
12256	0.1672055735191173
1254	0.16767225574185807
9532	0.17057235241174706
4242	0.1760725357511917
10578	0.17920597353245107
9575	0.18063935464515482
1298	0.1810393679789326
324	0.18387279575985865
3301	0.1839061302043401
2380	0.1839394646488216
1338	0.18553951798393278
12920	0.18610620354011798
11534	0.18640621354045134
1612	0.18710623687456246
9945	0.18727290909696986
8444	0.18733957798593284
2894	0.18773959131971063
12523	0.1877729257641921
10532	0.18780626020867364
13162	0.1895729857661922
6784	0.18983966132204408
6165	0.19043968132271075
2858	0.1905396846561552
270	0.1905730191006367
370	0.19063968798959963
12975	0.19107303576785895
3974	0.19113970465682187
8733	0.19267308910297012
4907	0.19467315577185906
11528	0.19603986799559983
5431	0.19610653688456284
320	0.19620654021800724
2077	0.19717323910797027
826	0.19753991799726658
11429	0.19803993466448883
13453	0.19933997799926664
2892	0.1994066468882296
1482	0.19943998133271112
7613	0.20050668355611853
713	0.20054001800059998
3648	0.20057335244508145
7626	0.20057335244508148
8714	0.20060668688956296
13383	0.2011067035567852
7055	0.20224007466915564
2992	0.2027067568918964
10030	0.2027067568918964
8702	0.20310677022567417
11079	0.20334011133704458
7002	0.2038734624487483
7173	0.20394013133771124
694	0.20394013133771127
3024	0.20434014467148906
5631	0.20437347911597054
13439	0.20554018467282242
5422	0.20604020134004467
6986	0.20604020134004467
8825	0.20604020134004467
12933	0.2060402013400447
9288	0.20610687022900762
269	0.2069402313410447
2013	0.20720690689689655
5169	0.20837361245374847
10417	0.20864028800960033
11486	0.20890696356545216
2232	0.20930697689922997
12407	0.20934031134371148
5295	0.20937364578819295
306	0.2094403146771559
3161	0.2102403413447115
879	0.21057368578952632
2019	0.21060702023400776
534	0.21227374245808192
7004	0.21244041468048935
378	0.21264042134737823
5837	0.21264042134737823
7518	0.21264042134737823
