12125	0.020134004466815583
1207	0.026667555585186194
1925	0.06666888896296541
9523	0.0800026667555585
5921	0.08333611120370676
10441	0.08336944564818824
679	0.08836961232041067
10421	0.0900363345444848
10370	0.10003666788892962
3316	0.10330344344811496
1273	0.10670355678522617
13124	0.10670355678522617
844	0.11330377679255973
7633	0.11593719790659687
1141	0.11670389012967097
4960	0.12540418013933796
7102	0.13003766792226407
7906	0.13337111237041233
7092	0.13337111237041235
4081	0.13687122904096805
10397	0.13803793459781993
3282	0.13893796459881996
4974	0.1400046668222274
3223	0.14303810127004235
3988	0.14337144571485716
8931	0.14653821794059801
11423	0.14833827794259807
7197	0.1500383346111537
7069	0.1502050068335611
9187	0.15020500683356114
8707	0.15337177905930194
3956	0.1567052235074502
9532	0.15670522350745023
2300	0.15760525350845028
45	0.16117203906796895
2937	0.16670555685189503
8725	0.16670555685189503
9135	0.16670555685189503
9742	0.16670555685189503
9947	0.16670555685189503
10400	0.16670555685189503
1360	0.16670555685189506
10551	0.16670555685189506
9015	0.16903896796559886
1202	0.1704056801893396
11385	0.17170572352411745
13109	0.17340578019267308
2330	0.1735724524150805
7186	0.17497249908330276
10046	0.17500583352778423
8072	0.17670589019633987
8796	0.17677255908530282
740	0.1768725624187473
1140	0.1804393479782659
3334	0.1818393946464882
4450	0.1831727724257475
4900	0.18333944464815494
7164	0.1833727790926364
7817	0.1833727790926364
8780	0.1833727790926364
13104	0.1833727790926364
367	0.1834061135371179
12312	0.1834061135371179
12430	0.1855061835394513
5004	0.1868728957631921
9814	0.18827294243141438
20	0.1884062802093403
10380	0.19000633354445148
1868	0.19003966798893296
6969	0.19003966798893296
1335	0.19467315577185904
1151	0.19500650021667387
134	0.19667322244074803
10644	0.1967065568852295
10398	0.19833994466482213
3190	0.2000066668888963
1338	0.20004000133337774
2460	0.20004000133337774
269	0.20004000133337776
3211	0.20004000133337776
3931	0.20004000133337776
2293	0.20007333577785924
694	0.2017067235574519
3301	0.20330677689256305
1235	0.20334011133704455
9553	0.20337344578152605
10676	0.20587352911763723
7745	0.2065402180072669
2890	0.20810693689789658
9724	0.20810693689789658
4950	0.20834027800926697
6311	0.20840694689822992
6974	0.20870695689856328
43	0.2109736991233041
10379	0.21170705690189673
4161	0.21337377912597083
9866	0.215040501350045
12247	0.21590719690656354
33	0.21667388912963764
35	0.21667388912963764
