838	0.0
2344	0.0
3682	0.0
4099	0.0
7427	0.0
7620	0.0
9178	0.0
11514	0.0
13085	0.0
522	3.333444448148232e-05
527	3.333444448148232e-05
1416	3.333444448148232e-05
1787	3.333444448148232e-05
2600	3.333444448148232e-05
6008	3.333444448148232e-05
8724	3.333444448148232e-05
8906	3.333444448148232e-05
9831	3.333444448148232e-05
9912	3.333444448148232e-05
12170	3.333444448148232e-05
12217	3.333444448148232e-05
5702	6.666888896296463e-05
8739	6.666888896296463e-05
7037	0.00013333777792593274
9214	0.00013333777792593274
12359	0.00013333777792593274
12629	0.00013333777792593274
429	0.0006666888896296568
12392	0.0016333877795926544
5353	0.0017333911130370978
10613	0.0017333911130370978
9503	0.002066735557851928
734	0.0023334111137037917
5684	0.0024667488916297227
4079	0.002566752225074166
13063	0.003000100003333445
7945	0.0030001000033334467
11661	0.003033434447814929
12532	0.0031334377812593777
10209	0.0032001066702223406
1605	0.0032667755591853087
3488	0.003300110003666791
1266	0.00333344444814827
1546	0.00333344444814827
2435	0.00333344444814827
2574	0.00333344444814827
2946	0.00333344444814827
3658	0.00333344444814827
4342	0.00333344444814827
4591	0.00333344444814827
5258	0.00333344444814827
5419	0.00333344444814827
6305	0.00333344444814827
7240	0.00333344444814827
7933	0.00333344444814827
10916	0.00333344444814827
12200	0.00333344444814827
2976	0.0033334444481482733
4567	0.0033334444481482733
6656	0.0033334444481482733
7922	0.0033334444481482733
8939	0.0033334444481482733
12249	0.0033334444481482733
12397	0.0033334444481482733
2382	0.003366778892629752
2870	0.003366778892629752
3366	0.003366778892629752
5241	0.003366778892629752
7625	0.003366778892629752
11568	0.003366778892629752
12559	0.003366778892629752
364	0.0033667788926297557
5930	0.0033667788926297557
7797	0.0033667788926297557
11521	0.0033667788926297557
13353	0.0033667788926297557
4997	0.0034334477815927134
4331	0.0034667822260742043
6930	0.0034667822260742043
4012	0.003466782226074206
8860	0.003466782226074206
2165	0.003966798893296446
3161	0.004100136671222374
41	0.004166805560185342
5234	0.004266808893629792
2104	0.0043001433381112675
1257	0.00433347778259275
7371	0.004633487782926094
6032	0.004633487782926098
1114	0.004966832227740928
1277	0.004966832227740928
3817	0.004966832227740928
7733	0.004966832227740928
8032	0.004966832227740928
8847	0.004966832227740928
12827	0.004966832227740928
13111	0.004966832227740928
12223	0.0050001666722224065
8883	0.005000166672222408
9811	0.005000166672222408
