7900	3.3334444481489256e-05
879	0.0017000566685556186
1629	0.0017000566685556186
6537	0.0017000566685556186
8936	0.0017000566685556186
10685	0.0017000566685556186
786	0.001700056668555625
2335	0.0017333911130371078
3418	0.0017333911130371078
11766	0.0017333911130371078
9543	0.002500083336111204
966	0.0025334177805926834
4126	0.0026334211140371343
12197	0.003133437781259375
606	0.00330011000366679
7160	0.00330011000366679
13105	0.003766792226407553
2080	0.004966832227740925
5014	0.004966832227740925
7772	0.004966832227740925
11781	0.004966832227740925
13322	0.004966832227740925
4760	0.005000166672222407
8118	0.005000166672222407
11321	0.005000166672222407
12987	0.005000166672222407
2967	0.005000166672222414
761	0.005033501116703897
4468	0.005033501116703897
10135	0.005033501116703897
10184	0.005033501116703897
10565	0.005033501116703897
10704	0.005033501116703897
11806	0.005033501116703897
178	0.005833527784259476
9690	0.0066335544518150635
679	0.006666888896296551
10640	0.006666888896296551
12187	0.006666888896296551
7898	0.006700223340778032
5135	0.007800260008666959
7253	0.00830027667588919
9766	0.008300276675889198
105	0.008300276675889201
9416	0.00833361112037068
2441	0.008333611120370687
7205	0.008333611120370687
6022	0.00836694556485217
9138	0.008433614453815127
7945	0.008633621120704024
9015	0.009300310010333677
4346	0.009533651121704071
9123	0.009966998899963324
182	0.009966998899963338
10814	0.011133704456815222
3004	0.011500383346111542
10548	0.011533717790593031
453	0.011633721124037471
1367	0.011633721124037471
5191	0.011633721124037471
5305	0.011633721124037471
7620	0.011633721124037471
11514	0.011633721124037471
428	0.011667055568518953
5244	0.011667055568518953
7631	0.011667055568518953
10386	0.011667055568518953
10596	0.011667055568518953
11521	0.011667055568518953
12162	0.011667055568518953
12278	0.011667055568518953
621	0.01166705556851896
1405	0.01166705556851896
2868	0.01166705556851896
6479	0.01166705556851896
8444	0.01166705556851896
10716	0.011700390013000442
11230	0.011833727790926368
5080	0.0133004433481116
2220	0.014833827794259812
10400	0.01496716557218574
2329	0.014967165572185744
2913	0.014967165572185744
10063	0.014967165572185744
725	0.015000500016667223
6103	0.015000500016667223
195	0.015000500016667227
9558	0.015033834461148702
2647	0.015067168905630195
3524	0.016633887796259864
9674	0.016633887796259874
10061	0.016667222240741353
3019	0.01666722224074136
7836	0.016700556685222835
3081	0.016733891129704324
2072	0.016800560018667282
1330	0.01750058335277842
6173	0.01750058335277842
9630	0.01750058335277842
13395	0.017500583352778428
