3561	0.0033334444481482733
743	0.0035001166705556884
3689	0.008259986592641159
11570	0.008600728162510663
7589	0.009022263952834106
2041	0.009900440382572394
4387	0.01010033667788926
3444	0.013200440014667152
6547	0.016934339282881346
59	0.018500616687222908
1187	0.0198894032253695
8750	0.01993410817149869
11583	0.020167338911297045
12242	0.020200673355778524
7031	0.022345114959796332
6157	0.02320077335911197
13081	0.02423391816516516
13023	0.025022684702645046
10983	0.025222691369533947
8677	0.026889413593608084
13112	0.02696778409893485
12159	0.027792202883908847
2881	0.02855028389463596
7051	0.028560440308991346
11502	0.028916962783932264
8668	0.029000966698889963
556	0.030178263467199186
8698	0.03018996508356299
454	0.030311824217997902
9102	0.030324075462493126
7129	0.030445603482211956
5273	0.03084561681598975
6091	0.03104507162501849
2130	0.0314343811460382
1251	0.03182291137686752
1450	0.03233441114703823
8485	0.0332229580450898
1727	0.033234218175165496
2476	0.03325629248957128
11464	0.03325629248957128
3729	0.033301551523289355
13180	0.03343444781492716
8850	0.033467782259408635
1203	0.03346778225940865
7931	0.03346778225940865
1334	0.03352329916013923
6580	0.033534561519943634
4610	0.03356733964710753
4049	0.033611488275919116
4072	0.03365630582334907
8892	0.03489420550361712
10754	0.03491175458356974
4431	0.03550901975439315
8897	0.03636577740997164
11291	0.036545142363162385
12093	0.03654536533603517
10913	0.03655640249323806
11247	0.03666788892963098
1410	0.03670121891465501
3926	0.036756409160126964
8824	0.03678996657748124
2897	0.03685641249357141
5982	0.03693456448548285
7704	0.03702263877023325
8450	0.03814530829957431
12239	0.03822301434574018
811	0.03997836717188231
3165	0.03998985027483078
5567	0.040111704949808244
1639	0.04013467115570519
10917	0.04085698731763746
5223	0.0415566795370325
2328	0.04181176161836386
7670	0.04181176161836386
9145	0.042798991850452994
11470	0.043234884864055106
2932	0.043278477175549106
2214	0.04332284877723349
542	0.04332318212167831
3171	0.043379367941027244
1270	0.04357848717588246
2118	0.04357871014875524
756	0.043611598647491145
2425	0.04402607734639093
11587	0.044359421791205764
3096	0.04486771632633016
732	0.04519543182097152
7156	0.04520713566706404
1364	0.045256246557159485
5994	0.0455792183039323
995	0.04634524606784552
12329	0.04638995324370344
3033	0.04664525606817886
3275	0.04664525606817886
3348	0.04664525606817886
11513	0.04677859384610479
7232	0.04687882015242202
2083	0.046978600512993685
644	0.047011934957475174
6988	0.04711193829091962
