10385	0.09320354825651386
4373	0.20124048282099927
7616	0.24649673383761617
7927	0.3537455663237827
10583	0.36358948977229
1402	0.36392149415013963
9098	0.36527884262808763
2265	0.41344722527540223
5082	0.4220360288486762
9155	0.42442451537682246
1236	0.4334123277910824
6985	0.43395716200573464
2140	0.43713608625304234
10396	0.4394697225693477
2032	0.45143700888134397
8259	0.4533795496639186
3165	0.4768377452046617
1449	0.4868828960965365
8873	0.48721479010281393
8756	0.4903933810056767
2271	0.49549132128261575
7869	0.4957136252367833
13125	0.4959455159096162
7051	0.4989761208316755
8800	0.5016270887959365
1203	0.5036501216707223
8984	0.5104274925106199
2933	0.5180726760011287
12153	0.518264060307027
6157	0.5202506750225008
7910	0.5214610832624186
12347	0.5278422045506311
10575	0.5304847909646041
6918	0.5339489019756624
2249	0.5339495686645519
11694	0.5340729863793676
4189	0.5405846816967478
6929	0.5416365606835725
11276	0.5419954344074568
4910	0.543706751206088
6184	0.5506035262490913
6923	0.553728935892066
7530	0.5685667303737325
840	0.5705727526480537
8666	0.5765688287714383
3848	0.5769744164270358
1417	0.5833068460141537
13202	0.583565585965463
417	0.5838068626813759
9002	0.5853083608918513
4063	0.5870632700019767
12416	0.587239974888795
4136	0.603708640901185
8965	0.603774084554212
9226	0.6038407534431749
2481	0.6049086809025184
10659	0.6074720885345007
8895	0.6105077527110436
5363	0.613141842743699
10648	0.6155871862395412
7694	0.6169424153603338
12553	0.6203310455944964
9029	0.6237530102731407
2243	0.6244928331501798
5116	0.6296975785480474
5228	0.6303313789389412
2606	0.6403433057579064
10776	0.6408283843575165
9016	0.6470968318787883
8690	0.652138070154178
8961	0.6535988211870161
1173	0.6555391300111342
13181	0.660564605219282
12929	0.6642407578580378
9798	0.6666189865191717
9554	0.673355778525951
9851	0.675366436406297
7718	0.6768558951965066
7972	0.6786100227867127
7270	0.6898726055639981
4222	0.6899603007948649
3689	0.6918161051299256
8450	0.6919004334704134
2881	0.6920057324095864
2106	0.7003451954530033
3926	0.7004785332309293
5205	0.7013190439681323
3054	0.7038443076307672
7715	0.7046607595949965
12242	0.7085236174539151
12463	0.7121012171977639
9701	0.7130348046161182
7916	0.7130456188004483
11829	0.713844420232068
6276	0.714896405131007
6262	0.7164342490346111
2128	0.7202125243639672
3472	0.7204780850554551
2083	0.7237011579315742
2056	0.723733154538819
