10424	0.028367612253741802
4947	0.03666788892963101
4134	0.046834894496483204
6971	0.04993499783326111
11420	0.0532684422814094
5172	0.0534351145038168
10427	0.05700190006333547
723	0.05833527784259478
178	0.06246874895829862
7408	0.07316910563685457
8444	0.07333577785926199
2858	0.0766025534184473
694	0.07666922230741027
9593	0.07670255675189175
7713	0.07980266008866962
2244	0.07993599786659555
13139	0.08313610453681794
2647	0.0833361112037068
3161	0.08423614120470684
3967	0.08676955898529952
4909	0.08833627787592924
5980	0.0898696623220774
370	0.08996966565552189
7055	0.09170305676855897
2230	0.09323644121470717
3648	0.09336977899263309
9581	0.09346978232607753
10820	0.09486982899429981
2597	0.09643654788492946
6118	0.09673655788526285
3024	0.09840328010933701
9011	0.09840328010933702
8052	0.10147004900163342
1416	0.10310343678122605
9394	0.1034034467815594
1151	0.10660355345178175
12920	0.1067035567852262
10880	0.10673689122970767
7626	0.10677022567418916
4179	0.11003700123337444
9748	0.11007033567785593
9945	0.11327044234807829
8714	0.11333711123704125
3974	0.1150038334611154
5631	0.11503716790559687
1525	0.11513717123904127
306	0.11677055901863397
1235	0.11993733124437483
3920	0.11997066568885631
6074	0.12000400013333776
8796	0.12167072235741191
1180	0.12230407680256009
3301	0.1233041101370046
7314	0.12333744458148604
79	0.12663755458515286
2892	0.12667088902963433
2156	0.12667088902963436
13227	0.1283376112537085
3538	0.12980432681089374
4680	0.12987099569985663
879	0.1300376679222641
5283	0.13007100236674557
273	0.13310443681456047
6259	0.13340444681489383
10972	0.1342044734824494
9400	0.13670455681856064
1338	0.1383379445981533
7004	0.13970465682189406
12410	0.1399713323777459
1256	0.13997133237774598
2890	0.14203806793559787
6407	0.1431381046034868
1166	0.1434381146038201
13057	0.1449714990499683
717	0.14503816793893132
6996	0.14663822127404247
9759	0.14690489682989435
7690	0.14747158238607955
7629	0.1483382779425981
5629	0.14993833127770928
9187	0.14997166572219073
3265	0.15000500016667223
10409	0.15000500016667226
1233	0.1500383346111537
2168	0.1500383346111537
9998	0.1500383346111537
10907	0.1500383346111537
10551	0.15003833461115373
11568	0.15003833461115373
631	0.1500716690556352
4591	0.1500716690556352
12559	0.15007166905563524
12591	0.15170505683522784
2104	0.15240508016933899
2435	0.1532384412813761
9021	0.15327177572585754
12062	0.15327177572585757
2021	0.15330511017033904
8739	0.15333844461482052
106	0.153371779059302
