3060	0.895598811741647
4270	0.9120791213415522
2076	0.9922301271251159
12328	1.0232494936872971
1415	1.0584981726851324
1472	1.0797822879926011
6153	1.0951278854408166
9597	1.109566538297153
3949	1.1117524437856336
3483	1.1217738587506816
13013	1.1240360848548518
9535	1.1256886601137674
4392	1.141820112707931
8716	1.1468536138246348
1401	1.1581415162935014
8693	1.1887883449823402
559	1.1982136179794232
4223	1.2017887783301184
1253	1.2022221261083779
5910	1.2029722517414962
46	1.2192431815663918
8703	1.2448553185939288
1107	1.2452568939339717
6026	1.2503074798077103
8671	1.2749245495224915
5962	1.2785913384154546
5984	1.3188260129046045
1248	1.320024480526481
12155	1.329414102292834
11716	1.3342931951440122
13323	1.3650942218449023
3079	1.3666921083327799
6096	1.3735991133077416
5919	1.3738932650838405
8959	1.3745278696331618
2044	1.3754388014650614
12981	1.3799882302621849
1	1.380894748529125
6967	1.3862244838389604
1177	1.3953952318785703
1820	1.4166292730132746
1258	1.4184293330152746
558	1.4326275825891384
4003	1.4438785154047251
9040	1.4457741736510736
5103	1.4498809837243136
7088	1.4509460010167468
10473	1.462002691120922
9541	1.4632027311222557
1123	1.4792413181527246
9863	1.482958580426247
818	1.5034874081115301
5225	1.503985341271797
1132	1.5070989553360188
4045	1.5111986203012662
13432	1.5137800154132233
1225	1.5170326197915003
5296	1.522771383410665
8922	1.5354576524130916
6436	1.5394825355803994
8143	1.5462160933656592
256	1.546764380722025
2872	1.547620965834451
12154	1.5501670576060942
863	1.551779142788808
4036	1.5584006653930205
355	1.5622341265083912
3939	1.5623306681804137
7674	1.5630341531759466
9872	1.5642989035697048
3965	1.5695343698498356
2060	1.571334429851836
7605	1.577606544582704
3102	1.5786680076377617
4933	1.578815513262985
155	1.5824855332114658
878	1.5909403223752974
2033	1.5975434716183434
60	1.6004020654396889
5002	1.6052688943339852
12178	1.6084690010042073
716	1.6100679216821443
10391	1.617588711363299
4902	1.6267851956565682
6095	1.628803012137912
13183	1.631869781030208
1122	1.6322697943639861
2358	1.6367699443689863
9571	1.6384366665930603
12262	1.6395700377054307
7118	1.6419282882215382
4916	1.6452035588228013
250	1.6522423657767442
12316	1.665187475782575
2068	1.667604305514358
9013	1.6695710377387654
2320	1.6726580503831017
21	1.68497815927594
10912	1.6852085568929676
8680	1.6906436458194118
