8895	0.11300740136243674
7927	0.12069630485041791
7465	0.13664584936567892
811	0.13903123426389022
12966	0.14034426471579042
9029	0.14493464293861968
348	0.1449784559932577
2095	0.1451668691856261
7972	0.1516618331442573
1334	0.15844624271212382
7915	0.165123830961721
2023	0.1674343884708286
10664	0.17387930675740249
12971	0.1743051604174074
7163	0.17852427764327705
12992	0.18307333057290293
4373	0.18833652891006952
8850	0.1884027563127444
2140	0.19495894029256713
3165	0.19826519644107932
6993	0.1985467956736997
12464	0.20074617207395817
8984	0.2015814575871793
2280	0.20186809033000985
1331	0.20976406032945577
9957	0.21080394449058892
13364	0.212539097089321
3456	0.21380360523736297
11548	0.21470374560993502
5755	0.21518068346995955
5116	0.21558136795208444
9941	0.21636373739784415
11276	0.21725968365067905
7740	0.21821534538343917
9775	0.2186243891185648
10583	0.21908114904846662
8696	0.22164868056373116
4136	0.22168201500821266
2881	0.22258606175533335
2864	0.22306082969971563
5074	0.22489876994798152
13180	0.2267373674664495
7530	0.22981969875040203
7910	0.2305823139144972
4241	0.23167011058966142
7869	0.23281100655963272
2510	0.23351462793477507
11570	0.23353803562696013
7156	0.2341597619258762
8129	0.2349823479847522
2933	0.23682644401426312
11220	0.23696101578588663
3096	0.23804115544096732
2257	0.23913007139191733
9701	0.2408378942385401
3472	0.2423597410550452
2265	0.2438378271138781
2413	0.2440046119375863
6923	0.24488290096862533
1230	0.24558281393116446
4222	0.24647532751662293
3689	0.24659774073864665
542	0.24824967986125512
12231	0.24892187780987324
8957	0.24892207117971327
8873	0.24897110859115368
11263	0.24897133156402648
8979	0.24903811082456145
732	0.25009873815204986
4475	0.2517490150118917
7918	0.2519152412885535
11457	0.2522497005977323
2692	0.2522830350422138
12463	0.2542490983480029
7931	0.25503831083122835
3561	0.25523831749811726
4072	0.2553831383789917
7639	0.25573833416533953
2953	0.2564484747911603
9544	0.25647169417366084
11460	0.2567689969912671
7143	0.257810374247835
11464	0.2583165694933621
1292	0.2583497935662716
1203	0.2584384241683396
3921	0.2585717619462656
3054	0.25899373922287705
8800	0.2602833039474983
8897	0.2613364193189026
901	0.26160519862380915
147	0.26161679209832966
12497	0.2616292507075966
12242	0.26170519972752493
743	0.2617385341720064
8824	0.2617606084864122
5982	0.2619052063944138
5223	0.26321662246056804
3046	0.26353207333234185
2118	0.26514923872057494
59	0.2667387008442288
