4971	0.02903591429238117
5361	0.029343413828079985
346	0.029702603182010828
1242	0.02970260318201083
2175	0.029935944293381204
12052	0.030569298738529378
6028	0.03140265985056644
9819	0.031702669850899784
773	0.03280270651878872
1485	0.03290270985223316
7219	0.03296937874119613
7949	0.03296937874119613
8741	0.03296937874119613
11802	0.03296937874119613
6066	0.033002713185677615
4291	0.0330360476301591
5149	0.033036047630159104
7338	0.033036047630159104
8347	0.033036047630159104
10544	0.034702769854233234
10984	0.03560279985523327
8783	0.03597696827989505
11412	0.036236154300381435
4992	0.03633615763382589
5398	0.03633615763382589
10680	0.03633615763382589
1922	0.03636949207830737
10498	0.03636949207830737
13151	0.03636949207830737
12166	0.037036180967937024
5924	0.03716951874586296
9386	0.03970293652645564
249	0.03983671579066969
3089	0.04166966875086312
12257	0.041753884490049964
4618	0.0426807392425105
6993	0.04303638097460392
4305	0.04304741813180682
12946	0.044403093198344706
6250	0.046236487644826255
603	0.04633649097827071
2998	0.04633649097827071
3080	0.04633649097827071
3409	0.04633649097827071
4246	0.04633649097827071
4794	0.04633649097827071
5485	0.04633649097827071
5797	0.04633649097827071
5979	0.04633649097827071
7185	0.04633649097827071
7669	0.04633649097827071
8317	0.04633649097827071
9210	0.04633649097827071
9263	0.04633649097827071
9270	0.04633649097827071
10051	0.04633649097827071
10095	0.04633649097827071
10361	0.04633649097827071
10390	0.04633649097827071
11345	0.04633649097827071
12175	0.04633649097827071
12459	0.04633649097827071
12468	0.04633649097827071
13446	0.04633649097827071
8166	0.04636982542275219
11344	0.04636982542275219
8091	0.04636993579432422
3970	0.04639189973715799
7978	0.04639189973715799
13282	0.04641419702443657
6108	0.046436494311715155
3680	0.04647027024248475
9683	0.04651420035788102
8158	0.04666983542308553
12982	0.04666983542308553
10075	0.04707227693144797
4069	0.047203186534789256
12215	0.047203186534789256
7296	0.04726985542375221
7452	0.04800321320234484
659	0.04833655764715967
2057	0.04833655764715967
7750	0.048414040720452745
12068	0.049103249870233776
4459	0.049336590981604145
4280	0.049536597648493046
10650	0.04959134194821942
7416	0.04960260207829511
1011	0.04963660098193749
1066	0.04963660098193749
1091	0.04963660098193749
1095	0.04963660098193749
2482	0.04963660098193749
2593	0.04963660098193749
4414	0.04963660098193749
4506	0.04963660098193749
4582	0.04963660098193749
4648	0.04963660098193749
5803	0.04963660098193749
6811	0.04963660098193749
