11418	0.008400280009333651
2458	0.04190139671322381
11324	0.042501416713890454
7	0.050135004500149995
12113	0.05656855228507619
11419	0.06006866895563187
4038	0.06663555451848396
4290	0.06826894229807663
13054	0.07666922230741027
2398	0.07996933231107707
197	0.08010267008900299
12485	0.08250275009166969
2226	0.09430314343811456
6087	0.0950365012167072
836	0.09993666455548515
278	0.10163672122404079
497	0.10320344011467047
5099	0.106070202340078
487	0.10750358345278177
2490	0.11697056568552286
4509	0.12493749791659722
13443	0.12587086236207876
7788	0.13000433347778256
419	0.1300043334777826
7379	0.13007100236674554
408	0.13993799793326442
2923	0.13997133237774595
3194	0.140804693489783
2079	0.14767158905296843
7724	0.14983832794426485
9624	0.1599386646221541
12198	0.1600386679555985
173	0.1631721057368579
922	0.16333877795926535
9774	0.16660555351845063
7908	0.1666722224074136
2526	0.16670555685189506
5176	0.16673889129637656
10982	0.16823894129804326
5224	0.1682722757425248
6316	0.16910563685456184
1250	0.1702390079669322
4769	0.17330577685922868
2202	0.17333911130371016
12852	0.1736391213040435
11902	0.17657255241841396
7723	0.17833927797593252
12389	0.17993933131104373
8890	0.18000600020000665
2342	0.18310610353678455
8086	0.18313943798126608
739	0.18330611020367346
12474	0.18337277909263638
7200	0.1835727857595253
414	0.18640621354045137
8124	0.18680622687422915
12935	0.18830627687589585
2278	0.1884062802093403
1133	0.18897296576552552
7403	0.18920630687689588
9134	0.18993966465548848
5000	0.19010633687789594
3150	0.19317310577019237
5572	0.19330644354811827
1247	0.19340644688156275
13030	0.19353978465948868
4696	0.19657321910730358
1458	0.19660655355178508
10813	0.19717323910797022
2240	0.19833994466482213
2642	0.19990666355545186
3620	0.19993999799993337
5162	0.20004000133337776
2047	0.20324010800360015
10608	0.2051735057835261
10460	0.20687356245208174
402	0.20877362578752626
4940	0.20984032801093366
6105	0.2100070002333411
11279	0.2102736757891929
6117	0.21304043468115605
10693	0.21320710690356343
7397	0.21327377579252643
12258	0.2146738224607487
9221	0.21497383246108204
9546	0.21534051135037832
6411	0.21657388579619322
6448	0.21657388579619322
5192	0.21664055468515614
11292	0.2166405546851562
8874	0.21697389912997098
708	0.21824060802026732
10372	0.21824060802026735
12384	0.2199073302443415
8038	0.22187406246874897
12214	0.2225074169138971
11492	0.22327410913697124
6398	0.22330744358145269
6048	0.2233741124704157
8967	0.22420747358245277
