2329	0.003233441114703823
6061	0.005366845561518724
3004	0.006666888896296545
5013	0.006800226674222464
4108	0.007466915563852124
8958	0.00850028334277809
10545	0.009866995566518873
35	0.010133671122370737
7871	0.010133671122370737
13100	0.010133671122370737
1579	0.01016700556685222
2082	0.011367045568185604
7898	0.011467048901630054
10640	0.011500383346111535
3920	0.011867062235407845
178	0.01233374445814861
9558	0.013200440014667148
2080	0.01320044001466716
8272	0.013233774459148629
621	0.013433781126037535
1405	0.013433781126037535
2868	0.013433781126037535
6479	0.013433781126037535
8444	0.013433781126037535
10596	0.013500450015000507
681	0.013633787792926432
9015	0.01610053668455616
948	0.016400546684889487
10551	0.016800560018667282
10907	0.016800560018667282
10565	0.016800560018667286
10409	0.016833894463148764
5014	0.019867328910963707
106	0.020200673355778527
12547	0.021867395579852657
8118	0.023167438914630495
163	0.023467448914963836
6110	0.023467448914963836
2976	0.02350078335944531
12559	0.02350078335944531
468	0.023500783359445318
7631	0.023500783359445318
11568	0.0235341178039268
11806	0.0248674955831861
606	0.024867495583186114
9578	0.026367545584852832
725	0.026534217807260237
2441	0.026634221140704684
1268	0.026667555585186166
7713	0.026667555585186166
2412	0.026800893363112095
9776	0.026800893363112095
10962	0.026800893363112102
10373	0.02680089336311211
2955	0.026834227807593578
8739	0.026834227807593584
7004	0.027100903363445443
7945	0.02713423780792694
195	0.028100936697889933
809	0.02820094003133438
144	0.028500950031667728
2446	0.028500950031667728
5446	0.02900096669888996
9543	0.029000966698889973
12107	0.029834327810927024
7772	0.029867662255408513
879	0.029867662255408517
5949	0.029867662255408517
13322	0.02986766225540852
11230	0.030034334477815935
3101	0.030101003366778893
7677	0.030101003366778893
11245	0.030101003366778893
1181	0.03013433781126036
2913	0.030134337811260382
7620	0.030134337811260382
9890	0.030134337811260382
11514	0.030134337811260382
370	0.030167672255741858
4551	0.030167672255741858
4591	0.030167672255741858
12575	0.030434347811593713
12221	0.030867695589852997
10663	0.03153438447948265
11274	0.03153438447948265
12197	0.03170105670189007
10424	0.031767725590853016
9011	0.03186772892429746
12591	0.03186772892429747
4960	0.032201073369112286
7069	0.03236774559151971
1257	0.032534417813927144
7253	0.0331677722590753
7980	0.0331677722590753
11766	0.0331677722590753
9759	0.03333444448148271
11227	0.033401113370445684
10445	0.03343444781492716
2244	0.03346778225940865
3648	0.03346778225940865
