7004	0.05186034654538375
10676	0.08699485102886657
1439	0.09782854548534843
6311	0.09876190993082995
5283	0.10672884216190431
3487	0.10882891216423772
1535	0.10886224660871922
9890	0.12996294996549773
9015	0.13099631774442372
8700	0.13379641108086826
9776	0.1354631333049424
12920	0.1354631333049424
10716	0.13546313330494242
7626	0.13879657775309068
3648	0.13886324664205363
5340	0.1412299922002389
7871	0.1412299922002389
428	0.14209668775675746
2890	0.14346339998049826
7629	0.1437634099808316
10409	0.14879691109753548
6118	0.15049696776609112
10417	0.1510636533222763
5527	0.15213035554568377
370	0.15219702443464672
12914	0.15376374332527643
9709	0.15536379666038758
2892	0.15543046554935053
306	0.15546379999383203
13131	0.15583047888312834
6042	0.15623049221690613
3161	0.1562638266613876
5013	0.1588305788864618
9594	0.1588639133309433
3685	0.1589639166643877
3024	0.16036396333261
879	0.16219735777909156
12224	0.16349740111386937
2391	0.16446410000383235
2858	0.1654974677827583
7173	0.16553080222723981
6221	0.16709752111786946
723	0.16716419000683247
9023	0.16736419667372138
9630	0.1692642600091659
839	0.17199768445664743
683	0.17213102223457338
8444	0.17223102556801784
2962	0.17226436001249934
12229	0.17323105890246232
5631	0.1733391113037101
7055	0.17379774445864754
1509	0.17436443001483273
4297	0.17489778112653642
7979	0.1753977977937587
6323	0.17546446668272164
9394	0.17549780112720315
9532	0.17556447001616615
8714	0.17559780446064757
1416	0.1757978111275365
12356	0.17613115557235132
948	0.17643116557268465
8052	0.17703118557335135
10880	0.17876457668638845
8899	0.1787979111308699
1326	0.17879791113086993
2297	0.17879791113086993
3920	0.17879791113086993
5351	0.17879791113086996
9788	0.17883124557535143
7210	0.18046463335494406
4166	0.18049796779942556
8125	0.18113132224457373
6193	0.1812313255780182
10658	0.18203135224557376
4934	0.18209802113453671
362	0.18213135557901822
6167	0.18213135557901822
10778	0.18213135557901822
9135	0.1821646900234997
4093	0.18219802446798117
7021	0.18223135891246264
2489	0.1823313622459071
1869	0.18359807113620347
180	0.18376474335861087
174	0.18393141558101828
6120	0.184464766692722
3065	0.18533146224924052
4427	0.18539813113820353
3314	0.18543146558268497
8982	0.18543146558268497
10419	0.18543146558268497
9751	0.18546480002716648
6585	0.18546480002716653
10445	0.18549813447164798
9742	0.185498134471648
3004	0.18563147224957388
6173	0.1861648233612776
1190	0.18689818113987025
5125	0.18693151558435173
