2160	0.03549430903816758
8692	0.03642767348364911
3993	0.04228316298101362
12497	0.04641432075316232
8039	0.04966144794279773
10768	0.05226153461235338
5186	0.05229486905683487
13160	0.0562723717628894
6523	0.05890579287692654
12192	0.06226186795679821
1499	0.06262854684609452
321	0.06305902496348105
4222	0.0643016683916176
2247	0.06472861684842793
9155	0.06522863351565017
2684	0.06724007068618683
6536	0.06810422769654871
507	0.06882875351965029
12959	0.06890668253868895
7918	0.06896209129757622
3708	0.06922976019757635
9957	0.07053873694050233
1164	0.07120620289059365
369	0.07141515411427435
135	0.07187344809754091
4473	0.07199430942837012
32	0.07201693560063605
6988	0.0720955290788356
2083	0.07222886685676153
12372	0.0722955357457245
7232	0.0723286472173332
4373	0.07300548583213207
732	0.0740120355487837
6418	0.07476228463735421
2128	0.07555082820196135
756	0.07559586872226406
9775	0.07560634956214937
2118	0.07562875722099999
11761	0.07562898019387276
4176	0.07648463859318841
6925	0.07729093001296716
11664	0.07731811007679754
5965	0.07815996979988082
2510	0.07892909019753955
9545	0.07892909019753955
11270	0.08019579908783592
3046	0.08061270150186285
5994	0.08102849574071208
7704	0.08218482859952198
12502	0.08226253464568783
11263	0.08233968214480736
10407	0.08242920686809524
3926	0.08245105820962825
8897	0.08284168995978358
11460	0.08332353570189066
12463	0.08412881759090529
8892	0.0843132618661381
4049	0.0855959790938361
8428	0.0855959790938361
9392	0.0856066829065942
9037	0.08560734959548381
4475	0.08562886759257202
7718	0.08567301622138362
8696	0.08572820200739809
7931	0.08573968511034658
7811	0.08594002735140902
11456	0.08726270131791025
2933	0.08841770079894087
11247	0.08887312289160595
4718	0.08887345846577949
9283	0.08887345846577949
4077	0.08894012735474247
2214	0.08895172082926295
6607	0.08932943687576217
454	0.08936232537449808
1364	0.09055177416437413
287	0.09056281132157701
1201	0.09056281132157704
13064	0.09084019069018698
1473	0.09227357180289072
13304	0.0923069062473722
4973	0.09230690624737223
10583	0.09232920130492209
8850	0.09233990511768014
6580	0.09240668437821514
9332	0.09240690958081667
5567	0.09242954021254005
7927	0.09299075700674089
12992	0.09384917246562854
10697	0.09395144155573981
9851	0.09396270168581548
10983	0.09398477600022129
2328	0.09412959688109568
7670	0.09412959688109568
13023	0.09418478266711017
11587	0.0948487122674391
2932	0.0955963124382809
1270	0.0956296468827624
4241	0.09574963203332833
9623	0.0963853019486336
