15	0.00016667222240742026
2170	0.0017667255575185906
12445	0.0033001100036667893
10708	0.0033334444481482716
11295	0.0033334444481482716
8109	0.0033334444481482785
11759	0.0033334444481482785
4818	0.003366778892629761
5427	0.003366778892629761
5627	0.003366778892629761
11681	0.003366778892629761
961	0.0034001133371112362
4386	0.00350011667055569
13297	0.00350011667055569
7019	0.004933497783259449
9982	0.005900196673222431
968	0.006033534451148364
5580	0.006566885562852091
10492	0.006666888896296545
12320	0.006666888896296545
2060	0.00673355778525951
212	0.008333611120370675
7489	0.008333611120370676
11885	0.008433614453815129
10214	0.0098336611220374
6732	0.009966998899963329
4957	0.009966998899963334
6624	0.010000333344444813
9039	0.010000333344444818
1851	0.010000333344444822
3359	0.010000333344444822
500	0.010033667788926308
7444	0.010033667788926308
4543	0.010767025567518919
3965	0.010867028900963372
724	0.011667055568518948
2159	0.011667055568518948
12688	0.013200440014667162
12295	0.013333777792593088
2752	0.013333777792593092
10612	0.013367112237074577
12038	0.013367112237074581
11535	0.013600453348444954
1386	0.015067168905630195
9505	0.016500550018333948
10317	0.016633887796259864
423	0.016667222240741367
5451	0.016667222240741367
9262	0.016700556685222835
4963	0.016733891129704324
10873	0.016733891129704324
12198	0.016733891129704324
13034	0.016733891129704324
7301	0.01683389446314878
11327	0.018300610020334
12467	0.018300610020334007
9221	0.01830061002033401
9568	0.01830061002033402
3925	0.018333944464815496
1746	0.01836727890929698
11839	0.018367278909296986
10669	0.018667288909630327
3112	0.019933997799926655
1372	0.019967332244408137
2027	0.019967332244408137
3699	0.019967332244408137
6892	0.019967332244408137
11204	0.019967332244408137
12244	0.019967332244408137
438	0.019967332244408144
196	0.020000666688889626
3976	0.020000666688889626
5986	0.020000666688889626
7497	0.020000666688889626
8596	0.020000666688889626
11864	0.020000666688889626
11545	0.020000666688889633
13054	0.02000066668888964
310	0.020034001133371115
2202	0.020034001133371115
4395	0.020034001133371115
5162	0.020034001133371115
6081	0.020034001133371115
6158	0.020034001133371115
7200	0.020034001133371115
7566	0.020034001133371115
7567	0.020034001133371115
8197	0.020034001133371115
8445	0.020034001133371115
8591	0.020034001133371115
9276	0.020034001133371115
9307	0.020034001133371115
11530	0.020034001133371115
13614	0.020034001133371115
13756	0.020034001133371115
3599	0.020134004466815562
9905	0.020134004466815562
12111	0.02016733891129704
2269	0.020167338911297045
3877	0.020167338911297045
