1680	0.005833527784259477
5354	0.01336711223707457
9127	0.01354482161668488
303	0.016666999267868573
4063	0.016755742471237334
3906	0.016789076915718817
6607	0.017078272731722053
10664	0.018022451361533676
4906	0.01868869876487522
574	0.01925582580734854
9037	0.02006722297655184
3253	0.02012252136386709
1364	0.021744871986256846
9784	0.02185580210533216
11790	0.023367445581519382
756	0.023389519895925182
1270	0.023422631367533874
2201	0.023422631367533878
11682	0.02345596581201536
6201	0.023467336313663073
12919	0.025122688036089497
13205	0.02658929322170271
12272	0.026669981530042082
3033	0.026756075815682148
6243	0.02675607581568215
1183	0.02678952063173566
3774	0.02702275137153401
644	0.027122754704978456
10552	0.028389463595274805
3046	0.028406352675523966
1201	0.028422798039756284
2303	0.02925604878022132
13328	0.029922737669850985
3690	0.030045371635018834
9107	0.030056075447776907
11678	0.03005607544777691
4937	0.03006744594942462
12959	0.030078706079500306
6421	0.03008952026383042
11491	0.030089520263830424
7704	0.030178486440071962
9858	0.03028941655914729
209	0.03042275433707322
4459	0.03045619915312673
2124	0.030856102115332497
11456	0.031722908043423065
7296	0.032522934710978654
9683	0.03327858977684986
11513	0.03328962693405277
9226	0.03332285100696222
549	0.0333561854514437
1087	0.0333561854514437
1898	0.0333561854514437
5158	0.0333561854514437
6108	0.03335629582301572
13282	0.033378593110294306
10792	0.033389519895925174
181	0.03338951989592519
5536	0.03338951989592519
4049	0.03338963026749721
8428	0.03338963026749721
3970	0.033400890397572894
8166	0.033422964711978684
8783	0.033422964711978684
11344	0.033422964711978684
135	0.03373423484238772
382	0.034322884341406706
8713	0.034889569897591906
11664	0.03504542570594048
1251	0.03517820716654881
4176	0.03583452781759393
8055	0.03587867644640551
4954	0.036378580512327
5229	0.036555961006949945
8866	0.03665629545511048
8123	0.03668985287246475
1410	0.036700112969206
2618	0.03672296434407345
2897	0.036744926057178495
4305	0.03674537200292406
2214	0.03674537200292407
5202	0.03675640916012696
6993	0.03675640916012696
275	0.036789079145447545
13200	0.03678963323303641
7129	0.03682219061705624
8900	0.03685630212199939
1651	0.03692308138253437
2558	0.0370229743444068
3708	0.037046598320278464
4618	0.037112050892220375
4149	0.03751206422599816
13073	0.03838968656814759
7264	0.03852302434607352
223	0.038989152481225406
2587	0.039153842474793754
5965	0.03935406765509797
12159	0.03967559788224824
5567	0.039956515830349315
13065	0.039989739903258756
