3969	0.00676689222974099
11418	0.008466948898296599
1111	0.010167005566852221
3640	0.010167005566852221
285	0.010733691123037441
11324	0.016033867795593185
7389	0.016833894463148757
13443	0.01906730224340812
88	0.019867328910963697
6146	0.019867328910963725
7015	0.019933997799926686
6935	0.02016733891129702
13436	0.023167438914630505
2094	0.02333411113703793
110	0.02343411447048235
11686	0.02350078335944531
6512	0.02383412780426017
7941	0.025134171139037955
4022	0.02563418780626022
12214	0.026900896696556542
7735	0.028134271142371433
4290	0.028167605586852912
5278	0.029800993366445556
6205	0.03010100336677887
2073	0.030134337811260365
10590	0.030134337811260382
10567	0.031834394479815994
2038	0.03320110670355681
11793	0.03680122670755691
3189	0.0397346578219274
6182	0.039834661155371875
7908	0.039834661155371875
9835	0.039834661155371875
1563	0.03986799559985335
2458	0.03986799559985335
11618	0.03996799893329775
1589	0.04003466782226074
11704	0.04033467782259409
8754	0.04146804893496451
6117	0.04290143004766826
5961	0.043101436714557156
10822	0.043301443381446036
278	0.04346811560385344
7830	0.04346811560385344
520	0.04346811560385347
444	0.043834794493149754
5224	0.044768158938631314
1474	0.04506816893896463
8071	0.0451015033834461
6341	0.04510150338344611
10679	0.04523484116137204
9810	0.045601520050668365
5099	0.045834861162038734
9088	0.04633487782926099
12082	0.046401546718223954
8360	0.04643488116270546
12434	0.0465015500516684
11668	0.04653488449614989
12113	0.0466682222740758
10240	0.04676822560752023
6043	0.04700156671889064
3655	0.04850161672055732
10696	0.04930164338811294
3977	0.04980166005533519
7315	0.0498016600553352
12122	0.049834994499816654
145	0.05006833561118705
13054	0.050135004500149995
4419	0.05016833894463146
2240	0.05016833894463147
4585	0.050168338944631484
4933	0.05026834227807594
10170	0.05063502116737226
8986	0.0515350511683723
5968	0.05296843228107605
1914	0.05313510450348347
8579	0.05316843894796495
8609	0.05320177339244644
9657	0.05320177339244644
12167	0.05320177339244644
4094	0.0532684422814094
7434	0.05333511117037232
557	0.053335111170372346
12485	0.05336844561485381
4170	0.053368445614853814
13363	0.053468448948298275
11771	0.05363512117070567
8130	0.054168472282409424
12205	0.055068502283409426
1279	0.056468548951631725
6994	0.05646854895163174
7	0.05650188339611323
555	0.05650188339611323
4009	0.05650188339611323
4201	0.056501883396113235
8045	0.05653521784059471
4203	0.056601886729557654
7184	0.05663522117403913
13086	0.05663522117403916
1979	0.056735224507483584
