250	0.030501016700556688
1123	0.04123942705847012
5087	0.04316810560352011
3436	0.043201440048001596
299	0.04320144004800161
1514	0.05366845561518717
2098	0.05883529450981699
11433	0.06303543451448383
2337	0.069165510967766
12067	0.06957642613244341
13367	0.07171454981413428
7094	0.0745663199255489
8938	0.07583062202702358
12155	0.07623587452915098
13264	0.0766025534184473
476	0.07672498936547359
3483	0.077870520212309
12930	0.07950265008833628
3520	0.08094441512830303
558	0.08107806738212031
11553	0.08316419981294974
10528	0.08463615453848461
3075	0.08536667993754929
13157	0.08646430981661656
12293	0.08650288342944765
12104	0.08696956565218843
13014	0.08748026192068037
9863	0.0885248082692903
2945	0.08933107204202405
716	0.0895475341840535
155	0.09118186539132014
695	0.09320310677022567
5296	0.09320310677022568
2026	0.0952704712798603
9526	0.1004336454821031
5984	0.10069811761020966
1161	0.10299819427943199
12144	0.10343678122604087
3174	0.10383679455981866
12981	0.10389381952144736
9040	0.10787770284166703
9664	0.10798242540998748
5175	0.10970365678855963
3028	0.1097582938299201
13177	0.10999842762054332
3941	0.1144493076393951
130	0.11470382346078203
10798	0.11479766306675633
6095	0.11603196207169171
66	0.11626676654420975
12543	0.11649864429443249
5940	0.11713723790793026
2879	0.1180039334644488
1401	0.1180195545302244
1453	0.11979875429809927
5953	0.12234516622252188
7001	0.12253217874558082
227	0.1226707556918564
7262	0.12459891430343278
11218	0.12466171513893232
5225	0.12620420680689357
9190	0.126370879029301
11302	0.12640421347378247
10391	0.12783759458648622
109	0.128065696529507
12480	0.12967098903296775
7954	0.13265735482587365
12207	0.133004433481116
2076	0.13316586653517382
7088	0.13329920431309977
10905	0.13329920431309977
1433	0.13333253875758125
4902	0.13333253875758125
4057	0.13360634033713073
7605	0.13393779792659755
2320	0.13637121237374578
10813	0.13753445659928706
6175	0.13867062235407848
5041	0.1388379612653755
189	0.13919940098632222
4003	0.1392327354308037
6946	0.1396713223774126
11279	0.13970465682189404
561	0.14236617321206307
13397	0.14300476682556085
46	0.14303810127004235
1262	0.1430487431342051
10457	0.14307143571452383
21	0.14393950028942265
361	0.14539834975631266
10966	0.14589962432710024
7135	0.1461503643412852
1248	0.1486981452840881
5444	0.14938263979868516
3150	0.14970499016633887
6215	0.14970499016633887
4923	0.15137171239041303
13134	0.1517838854586558
2068	0.15329987100198939
3044	0.15380512683756126
