3963	0.08377613814262165
2116	0.09320310677022568
11402	0.0958858923143177
12965	0.10201007927399271
6996	0.10267676816362235
7199	0.10817027234241142
8025	0.10894364372614111
7040	0.10901031261510409
839	0.10951032928232632
13053	0.11088238483459156
435	0.11267710150806717
9768	0.11395215519468115
2921	0.11515052956035249
10538	0.11568554630771828
7020	0.11601054595621546
3097	0.11813727124237475
533	0.12097737818395637
2146	0.12149884742038858
13011	0.12234409040769716
3931	0.12291077596388236
9584	0.12407748152073428
10512	0.12473992642694258
883	0.12478418401550098
11404	0.12561086596688248
1399	0.1266135709655892
3003	0.1271201415192576
10736	0.12731092263543808
3310	0.12744426041336404
3227	0.1276776015247344
12457	0.12767793132826535
13163	0.12885265187790393
9631	0.1289726313345187
9844	0.12901097930399372
1400	0.1290443137484752
11352	0.1290443137484752
7729	0.1292523354081508
6555	0.1296443337491419
3008	0.12972748897972686
1276	0.12987099569985666
4297	0.12987767486051227
8893	0.13061904763189158
4214	0.13065271187990402
6075	0.13108605965816328
10806	0.1314623884965101
336	0.13164440041803085
10447	0.13192968430721538
9639	0.1331044368145605
8916	0.13381915430211394
11216	0.13567786820029026
10379	0.13601121264510507
8913	0.13643788126270875
3668	0.13676023992634193
3957	0.13711959410931165
4257	0.13738593986163256
4409	0.13871798180876077
7155	0.1388062924565561
9561	0.13897797820395702
4982	0.1399996213395274
2331	0.14010630383362743
7442	0.1401233718055075
4123	0.1404863730019414
7804	0.14074971728646912
1290	0.14131138931766085
7766	0.14144472709558675
1190	0.14150471682389415
11252	0.14201942764455866
3325	0.14231142265210533
2096	0.14234475709658678
8993	0.14244476043003124
1677	0.14251977411531186
3663	0.1425864430042748
11429	0.1430097803505544
1180	0.14317811820862386
9453	0.14349015069813725
9796	0.14364480043136463
3678	0.14384480709825354
12171	0.1440114793206609
7870	0.14401982411697856
11511	0.1440885677002466
8700	0.14431148932099427
12246	0.14437815820995725
4053	0.14451149598788318
4797	0.14523980828377575
12158	0.14528620320374397
12097	0.1456448671002536
12515	0.1456448671002536
10614	0.14567820154473507
12341	0.14568654634105271
565	0.14571153598921657
9711	0.145811539322661
9636	0.14584487376714247
11643	0.1458448737671425
3915	0.14685692959076702
10345	0.14701959431678108
2283	0.1472532652316824
12323	0.14748660634305277
13101	0.14801161265843887
8828	0.14817003340103158
187	0.1483183018194278
2984	0.1483183018194278
