5002	0.319877329244308
1258	0.3199439981332711
4902	0.4500150005000167
6234	0.48981632721090707
4223	0.4966832227740924
256	0.5379179305976867
6912	0.538351278375946
9535	0.6448214940498017
8671	0.6505550185006166
13240	0.6686889562985434
12154	0.6850561685389512
5225	0.6866228874295809
4392	0.6983899463315443
3943	0.74145804860162
6967	0.7476582552751758
5919	0.7504583486116204
1248	0.7616920564018799
7088	0.7741591386379546
12264	0.7783259441981399
8143	0.7843594786492883
12155	0.7939264642154739
12981	0.7951598386612887
6096	0.7999933331111035
355	0.8100603353445114
5984	0.8117270575685855
4270	0.8166938897963264
1472	0.8266942231407712
5910	0.8346944898163272
863	0.8352278409280308
6095	0.8363945464848829
8693	0.8366612220407346
12328	0.841594719823994
4916	0.8699956665222174
2872	0.8867628920964034
46	0.891729724324144
1177	0.9032967765592185
878	0.9053968465615521
9597	0.9076635887862928
5103	0.9082302743424782
8716	0.9083636121204041
3614	0.9165638854628488
13183	0.933431114370479
10473	0.9346311543718124
155	0.9373312443748124
2358	0.93839794659822
5962	0.9531984399479981
3483	0.956365212173739
1401	0.9590319677322576
4003	0.9616987232907763
3084	0.9617653921797394
6153	0.9628320944031468
1415	0.9768325610853695
8959	0.9794659821994067
1132	0.9817327244241476
1253	0.983432781092703
2068	0.985499516650555
8703	0.9869995666522218
727	0.9870995699856662
716	0.9898663288776293
2044	0.9899663322110737
8922	0.9902330077669254
1225	0.9919330644354811
13432	1.001733391113037
7605	1.0064335477849262
10391	1.0084669488982965
693	1.0099669988999633
2024	1.0114670489016302
21	1.0150338344611487
2076	1.0166672222407414
3060	1.0166672222407414
3028	1.0213007100236675
1820	1.028034267808927
10709	1.0285342844761491
5296	1.0300676689222972
1122	1.0467348911630387
2033	1.0495349844994832
11218	1.0677022567418915
5940	1.0680356011867063
7628	1.0700023334111137
3949	1.0700690023000767
3079	1.0734024467482248
9013	1.0774025800860028
7904	1.0781359378645954
1123	1.0818360612020401
559	1.0824027467582251
4115	1.0865695523184107
3102	1.0868695623187439
4057	1.0917363912130404
4981	1.092203073435781
7595	1.0934697823260775
2320	1.1001366712223741
4921	1.1034034467815594
10375	1.1109703656788559
5914	1.1133704456815225
1107	1.1134037801260042
2065	1.1233041101370045
3965	1.1277042568085602
8680	1.128304276809227
1262	1.1300710023667453
561	1.1333377779259308
