4081	0.0
4974	0.0
5231	0.0
5909	0.0
7049	0.0
7580	0.0
1126	3.3334444481503134e-05
1232	3.3334444481503134e-05
2375	3.3334444481503134e-05
8160	3.3334444481503134e-05
11269	3.3334444481503134e-05
12058	3.3334444481503134e-05
12984	3.3334444481503134e-05
1545	0.0033001100036667563
2853	0.0066668888962965744
4979	0.00836694556485218
6934	0.00836694556485218
3094	0.01330044334811159
805	0.018367278909297013
415	0.025034167805593532
7092	0.029967665588852943
8712	0.029967665588852943
5937	0.03170105670189005
5316	0.0333011100370012
151	0.033334444481482706
816	0.033334444481482706
1154	0.033334444481482706
2046	0.033334444481482706
3924	0.033334444481482706
5337	0.033334444481482706
5992	0.033334444481482706
8136	0.033334444481482706
7581	0.03663455448514952
12121	0.03663455448514952
9604	0.04000133337777928
10485	0.04830161005366845
1318	0.049968332277742555
12048	0.049968332277742555
13284	0.049968332277742555
2989	0.05003500116670556
5055	0.05003500116670556
5908	0.05006833561118701
3940	0.05330177672589087
1530	0.05663522117403913
3688	0.05860195339844659
11236	0.05920197339911332
7577	0.06000200006666889
1186	0.06663555451848391
3027	0.06663555451848391
8670	0.06663555451848391
1141	0.06666888896296541
1176	0.06666888896296541
6958	0.06666888896296541
7255	0.06666888896296541
7576	0.06666888896296541
8699	0.06666888896296541
9824	0.06666888896296541
12489	0.06666888896296541
85	0.06670222340744691
7044	0.06670222340744691
9931	0.06670222340744691
4005	0.07020234007800258
720	0.07333577785926199
8726	0.07500250008333609
719	0.079969332311077
5040	0.079969332311077
8882	0.079969332311077
177	0.0800026667555585
12275	0.0800026667555585
420	0.08093603120104004
710	0.08330277675922532
8872	0.08330277675922532
9708	0.08330277675922532
10363	0.08330277675922532
12417	0.08330277675922532
13056	0.08330277675922532
8	0.08333611120370676
754	0.08333611120370676
5943	0.08333611120370676
7120	0.08336944564818827
10421	0.08336944564818827
715	0.08663622120737358
5004	0.08663622120737358
9008	0.09093636454548484
4964	0.09170305676855894
2040	0.09660322010733688
3938	0.09660322010733688
9523	0.09663655455181838
1113	0.09666988899629989
2383	0.09666988899629989
2015	0.09670322344078136
12961	0.09670322344078136
2424	0.09986999566652222
13094	0.09986999566652222
239	0.10000333344444814
2878	0.10000333344444814
5481	0.10000333344444814
10370	0.10000333344444814
13113	0.10000333344444814
7575	0.10000333344444817
