10363	0.18837294576485875
1335	0.19193973132437742
3938	0.20677355911863732
286	0.21370712357078567
2878	0.22670755691856395
5947	0.2398413280442681
7883	0.2500416680556018
177	0.2500416680556019
1141	0.2516083869462315
4950	0.2617087236241208
4729	0.26357545251508385
7880	0.2662422080736025
3223	0.26627554251808394
9814	0.2733424447481583
13113	0.2832761092036401
702	0.2833761125370845
1154	0.29167638921297373
3255	0.3033101103370112
10485	0.3051435047834928
12072	0.3087436247874929
8955	0.31667722257408587
7314	0.3199106636887896
8351	0.31994399813327107
2934	0.32001066702223413
8682	0.3257441914730491
5231	0.3324110803693456
12135	0.3514783826127537
8699	0.3533784459481983
121	0.36481216040534686
7581	0.3667455581852728
2408	0.37634587819593984
12973	0.3782126070869029
4680	0.3801126704223474
10604	0.38167938931297707
13293	0.3831127704256808
12129	0.3833461115370512
2253	0.384779492649755
8777	0.3851128370945698
1366	0.3869795659855328
2009	0.3948464948831627
10370	0.39667988932964426
9523	0.39967998933297777
13061	0.39967998933297777
6977	0.39984666155538523
2989	0.40171339044634824
5042	0.40441348044934833
4900	0.40664688822960776
8072	0.40858028600953367
1202	0.4095803193439781
6264	0.4100803360112003
3940	0.4134471149038302
736	0.416613887129571
5337	0.41668055601853393
80	0.42001400046668225
5921	0.42001400046668225
7576	0.42661422047401576
6598	0.433947798259942
7108	0.4341811393713123
4938	0.4365812193739791
12537	0.4370479015967199
9008	0.43924797493249773
12058	0.4403813460448681
8714	0.44331477715923856
13248	0.44648154938497947
269	0.4495816527217575
5481	0.4499483316110537
13138	0.45181506050201675
26	0.45328177605920195
9824	0.4533151105036835
13197	0.4598819960665355
11422	0.46051535051168363
887	0.4615820527350911
9685	0.46298209940331353
4238	0.46564885496183206
12489	0.4683489449648322
3956	0.46991566385546185
12581	0.47421580719357304
10667	0.48001600053335114
2857	0.484982832761092
10484	0.4948831627720924
1232	0.49561652055068506
8725	0.4999166638887963
9746	0.5033501116703891
7137	0.5067502250075002
6275	0.5098836627887595
5004	0.509983666122204
1152	0.5114170472349078
1166	0.5135504516817226
3104	0.516617220574019
12939	0.5167172239074636
4949	0.5227174239141306
11267	0.5228840961365379
3265	0.5230174339144638
3101	0.5232841094703156
92	0.5282509416980566
2993	0.5295509850328344
11619	0.5299509983666122
11346	0.5303176772559085
721	0.5327177572585753
9708	0.5332844428147604
