845	0.002700090003000099
5352	0.003466782226074206
3527	0.0035334511150371655
9977	0.003966798893296444
1180	0.00400013333777793
1509	0.004566818893963138
8343	0.004900163338777961
12098	0.00600020000666689
3555	0.006466882229407649
7391	0.007166905563518785
11859	0.0077002566752225055
4236	0.007700256675222509
4259	0.007733591119703984
6722	0.008500283342778088
6221	0.008966965565518854
7878	0.008966965565518854
7632	0.009033634454481817
2144	0.009200306676889227
6382	0.009200306676889232
6734	0.009333644454815158
7611	0.010500350011667058
5957	0.010600353345111505
2171	0.010633687789592988
11843	0.010633687789592988
11325	0.010667022234074473
9975	0.011033701123370775
2212	0.011033701123370777
12216	0.011467048901630056
5336	0.011533717790593022
2025	0.012333744458148607
4105	0.012367078902630089
12120	0.012367078902630089
2988	0.01236707890263009
4829	0.01236707890263009
7415	0.012400413347111573
1148	0.012433747791593052
126	0.012500416680556022
4053	0.012533751125037504
5549	0.012600420014000469
8204	0.012600420014000469
7973	0.012667088902963433
37	0.01313377112570419
5649	0.013333777792593083
4253	0.013400446681556055
9882	0.01353378445948198
1778	0.013567118903963463
4883	0.013567118903963463
4494	0.013600453348444952
1012	0.013667122237407917
1307	0.013767125570852367
2663	0.013767125570852367
6587	0.013767125570852367
8256	0.013767125570852367
11496	0.01390046334877829
7371	0.013933797793259772
12746	0.013933797793259772
13563	0.013933797793259772
305	0.013933797793259779
2084	0.013933797793259779
3550	0.013933797793259779
3978	0.013933797793259779
4993	0.013933797793259779
5241	0.013933797793259779
5744	0.013933797793259779
6162	0.013933797793259779
7625	0.013933797793259779
7856	0.013933797793259779
8333	0.013933797793259779
10897	0.013933797793259779
12201	0.013933797793259779
12422	0.013933797793259779
12492	0.013933797793259779
12893	0.013933797793259779
386	0.01396713223774126
733	0.01396713223774126
1064	0.01396713223774126
1266	0.01396713223774126
1310	0.01396713223774126
1670	0.01396713223774126
1959	0.01396713223774126
2276	0.01396713223774126
2574	0.01396713223774126
2666	0.01396713223774126
2747	0.01396713223774126
2902	0.01396713223774126
3105	0.01396713223774126
3247	0.01396713223774126
3467	0.01396713223774126
4033	0.01396713223774126
4455	0.01396713223774126
4639	0.01396713223774126
4762	0.01396713223774126
5419	0.01396713223774126
5705	0.01396713223774126
7189	0.01396713223774126
7192	0.01396713223774126
7290	0.01396713223774126
7455	0.01396713223774126
8104	0.01396713223774126
8262	0.01396713223774126
