5228	0.05666855561852061
13202	0.06859985410884933
1203	0.08341314833125427
11276	0.09195746770154323
6923	0.10029085584904111
12347	0.10588928772542136
7051	0.10942119363845014
2481	0.11553606970845515
2933	0.12732587184344268
6157	0.13341481505347835
4373	0.1358477880143385
11694	0.13625972593735286
8965	0.15004859247816618
8800	0.15239248220202656
3848	0.15669374040450174
11829	0.16011559471157405
3906	0.1667388912963765
3165	0.17703811977679074
12553	0.18330611020367338
6108	0.18337277909263638
2140	0.1836046697654693
12159	0.18962541226290594
840	0.19047045046429084
2881	0.1951342068146976
2083	0.19677322577419246
2265	0.2051173155047197
3689	0.20922429744313661
4189	0.2130841418236795
2249	0.21378259765849497
9226	0.21675081588561307
3926	0.21999585047483744
9098	0.221784427373889
9155	0.22470749024967498
7694	0.23684011317657086
6918	0.23711604210664322
8873	0.2403835969560189
9851	0.24510794729946958
9721	0.24888146996204216
642	0.259485794454018
8690	0.26853632021847773
417	0.27037344946057856
10385	0.28011926373019574
7530	0.28173420384915837
3923	0.28708660411311365
8450	0.29510950142039294
7927	0.3000199270856408
5363	0.30332114749421407
2032	0.30850927918333054
2606	0.31364278363347897
6184	0.3174061208952227
10396	0.3191992676233021
1402	0.32043041234038916
10583	0.3235104481186162
11258	0.3254775136874685
4155	0.3299997402366032
8961	0.34047801593386445
3054	0.35040956103219056
5567	0.35654521817393914
4222	0.3603850786107586
3132	0.3665530211096223
4049	0.3666788892963099
1449	0.36685592975730175
8259	0.36715371002890734
5205	0.3718184285072602
11587	0.3725648435772831
4473	0.3830782196641783
10575	0.38405606162345873
5082	0.3902453370519262
8984	0.39026718839345925
13304	0.39339003719299
12242	0.39515687312208064
6327	0.4000018506748441
2128	0.400201857341733
7616	0.400245560024799
3091	0.403212775988854
13400	0.40660229365505046
12463	0.4083131645079362
1292	0.40851261262777877
5772	0.41000207364771696
9731	0.4100688529082519
10776	0.41413119567753715
8677	0.4182357918062152
13160	0.4261244616738061
2271	0.4285327905579015
11836	0.4333247016818063
12843	0.4333247016818063
1369	0.43576982220477584
1417	0.43704567186799215
9002	0.43844716674502304
6240	0.4394921302281982
2106	0.44680341072684593
1236	0.4472231560450008
3958	0.44911051104156086
9767	0.4502024091995932
7156	0.46186472547970103
4954	0.464370996313032
5948	0.4666957114846972
7916	0.46688111454328296
2874	0.4669581516708305
12416	0.47221317522178274
