3371	3.0316760754369274
8684	3.3565845489263526
36	3.4172717398510066
10496	3.4291047130338566
3674	3.493926547894186
11341	3.5028810611003975
5423	3.606341479578225
411	3.6255239857334307
5167	3.6861262273004263
2861	3.814722448298548
13280	3.830468704249229
47	3.873341659660774
1238	3.911188544718492
12181	3.9267109325382656
10599	3.947639933275686
12084	3.9665715565260045
104	3.9830707049431
1559	4.015277468382227
12922	4.0650878868680875
2043	4.080014174266074
6957	4.115360912000395
7708	4.176870750283347
67	4.186390345208491
1252	4.1949766204412695
6015	4.210450387739106
5906	4.2232001381240005
11467	4.245549054418755
5030	4.292593333468635
10404	4.29802785718355
96	4.30707922785195
50	4.3285234716929955
6960	4.330247892002516
2218	4.33158372359824
7006	4.3386217275723835
13468	4.374148130148693
5977	4.411912672730638
5070	4.41793342354922
2034	4.462084728035289
8930	4.481522945652577
5987	4.493124536970402
12516	4.511324943511814
1419	4.5185104661953455
3073	4.5255092177041325
11223	4.528059315205357
10850	4.531347461542237
1130	4.534023726631232
2049	4.534918112535407
13299	4.539962186826837
7661	4.544073749742925
1349	4.552214934159217
6005	4.552301695376773
552	4.553939027223826
3709	4.580222780797583
8409	4.580388338155626
12255	4.592055393724145
5993	4.5968234445209335
6764	4.596978633640393
3450	4.6022077377097474
12114	4.615089494860849
2866	4.621229381385919
9569	4.621913912976905
5266	4.630203962652233
12568	4.639866592810601
8026	4.641031050772246
9235	4.642246809246246
11622	4.644081208185519
2951	4.654353791407636
5115	4.661937097696218
2387	4.661991782362389
6542	4.6733719270177305
7578	4.677163699293241
6212	4.68216975897256
13048	4.685924885477253
4255	4.688703431378912
6978	4.691485686885534
13573	4.695420991975413
2422	4.697496114861461
5936	4.6977982192494485
13354	4.698273871909762
7016	4.69872561606489
12940	4.6993338688465505
12693	4.700392338288964
5230	4.7062886329369125
9380	4.712592744969187
2912	4.715220806890814
3076	4.718605988888912
666	4.726098769306007
6203	4.72835235501639
9864	4.7335679605402605
11238	4.741840595564335
10476	4.743971716241473
3577	4.756327536128892
9059	4.762652087367715
4445	4.765252024247281
869	4.770585535364318
13360	4.770991123019916
24	4.777603115055005
3010	4.777643184220172
2545	4.779579105900496
11246	4.785595178383634
