7015	0.00016667222240741505
4022	0.00233341111370379
3977	0.003466782226074206
2094	0.0035001166705556953
2458	0.0035001166705556953
7309	0.004866828894296484
7735	0.004900163338777953
2097	0.006066868895629855
4957	0.006533551118370612
1914	0.006800226674222476
9215	0.006800226674222479
6146	0.006833561118703965
6043	0.007166905563518788
8360	0.007333577785926207
5224	0.008500283342778085
9810	0.008966965565518844
6938	0.010167005566852239
10170	0.010633687789592998
8986	0.011867062235407854
4293	0.012167072235741195
6512	0.01253375112503749
2038	0.013233774459148646
5961	0.013267108903630136
3969	0.013467115570519033
3324	0.013500450015000495
3189	0.013533784459482001
3012	0.013867128904296817
8130	0.014167138904630165
6341	0.014833827794259818
7315	0.016500550018333945
8579	0.016500550018333945
9088	0.016500550018333945
6117	0.016667222240741356
278	0.01676722557418581
12214	0.016800560018667293
13436	0.016800560018667293
11418	0.01683389446314878
12434	0.016867228907630257
13086	0.01696723224107471
285	0.016967232241074718
88	0.01786726224207475
5439	0.01816727224240808
11869	0.018200606686889564
8998	0.0183339444648155
6412	0.019833994466482218
1934	0.019867328910963707
2311	0.019867328910963707
2765	0.019867328910963707
4009	0.019867328910963707
4201	0.019867328910963707
6182	0.019867328910963707
7550	0.019867328910963707
7908	0.019867328910963707
9606	0.019867328910963707
9835	0.019867328910963707
10026	0.019867328910963707
12689	0.019867328910963707
22	0.019967332244408147
4007	0.019967332244408165
13054	0.020100670022334094
7389	0.02013400446681557
1563	0.020167338911297048
3242	0.020167338911297048
7785	0.020167338911297055
10519	0.020167338911297055
10612	0.02020067335577853
1566	0.020200673355778537
12969	0.020200673355778537
13703	0.020234007800260006
8754	0.021500716690556344
7009	0.02183406113537119
13117	0.021867395579852664
4424	0.021867395579852667
6280	0.02263408780292676
5278	0.023100770025667534
9281	0.023134104470149016
6312	0.02316743891463049
5968	0.023200773359111967
12082	0.02336744558151938
10822	0.023467448914963836
11793	0.02346744891496384
4290	0.02350078335944532
4190	0.025167505583519444
10696	0.025667522250741696
557	0.02633421114037136
2202	0.026500883362778765
7380	0.026500883362778765
520	0.026500883362778775
280	0.026534217807260244
614	0.026534217807260244
11686	0.02653421780726025
13363	0.02653421780726025
11668	0.026567552251741726
12305	0.02656755225174173
8045	0.02683422780759359
3905	0.026834227807593595
8967	0.027367578919297315
11576	0.02820094003133438
6998	0.02826760892029734
1520	0.028534284476149207
