12632	0.0037667922264075556
1101	0.004333477782592767
136	0.009866995566518884
4923	0.011833727790926363
11498	0.012900430014333813
1348	0.013167105570185673
3239	0.013167105570185673
3670	0.013167105570185673
4218	0.013167105570185673
4945	0.013167105570185673
6448	0.013167105570185673
7732	0.013167105570185673
7774	0.013167105570185673
8290	0.013167105570185673
9006	0.013167105570185673
9530	0.013167105570185673
10087	0.013167105570185673
10458	0.013167105570185673
10843	0.013167105570185673
12273	0.013167105570185673
12317	0.013167105570185673
12673	0.013167105570185673
2065	0.013200440014667162
2260	0.013200440014667162
2854	0.013200440014667162
5664	0.013200440014667162
6933	0.013200440014667162
6967	0.013200440014667162
7138	0.013200440014667162
7535	0.013200440014667162
7542	0.013200440014667162
7748	0.013200440014667162
9114	0.013200440014667162
9662	0.013200440014667162
11654	0.013200440014667162
11784	0.013200440014667162
6215	0.0135004500150005
5639	0.014900496683222781
8144	0.016500550018333948
322	0.016533884462815437
3516	0.016533884462815437
12101	0.016567218907296927
4751	0.01706723557451914
4024	0.017267242241408035
13130	0.017367245574852495
3062	0.01813393779792659
9189	0.018133937797926592
325	0.018167272242408078
6821	0.019433981132704434
9616	0.01946731557718591
12556	0.019733991133037768
12474	0.019800660022000732
6954	0.01983399446648221
2369	0.01983399446648222
12022	0.01983399446648222
3	0.01986732891096371
1492	0.01986732891096371
1839	0.01986732891096371
4525	0.01986732891096371
802	0.0199006633554452
10384	0.020000666688889626
5355	0.020134004466815555
46	0.020167338911297045
1090	0.020434014467148903
19	0.021167372245741528
10387	0.022500750025000835
3667	0.02280076002533417
407	0.02306743558118604
8935	0.023167438914630495
4927	0.02320077335911197
11279	0.023500783359445325
6946	0.023534117803926807
3044	0.023934131137704585
11487	0.024500816693889788
5000	0.026100870029000967
2872	0.02646754891829728
7454	0.026500883362778768
4036	0.026534217807260244
4223	0.026534217807260244
5165	0.026534217807260244
2358	0.026867562252075067
1375	0.027034234474482492
1799	0.028067602253408444
103	0.02813427114237141
1415	0.02813427114237141
12271	0.02813427114237141
6826	0.028200940031334373
11853	0.02853428447614921
7605	0.02926764225474182
6973	0.02936764558818629
13195	0.02936764558818629
10587	0.029434314477149233
257	0.0297009900330011
3656	0.0297009900330011
4940	0.0297009900330011
312	0.02980099336644554
750	0.02980099336644554
1440	0.02980099336644554
1908	0.02980099336644554
2278	0.02980099336644554
