7235	0.07472695417069916
12292	0.09702907470201219
720	0.09803459602131742
6962	0.09909811077952546
175	0.0999066682408049
2301	0.10157153883181079
3397	0.10167154216525522
6943	0.10483831439099607
7717	0.10525884819681217
5393	0.10637169883714429
7572	0.10817175883914437
13333	0.11088913847436725
192	0.1115385377317741
10388	0.11313859106688527
9820	0.11443284128440412
7164	0.1148719821799224
5951	0.1180720888501447
435	0.11823570343700374
11312	0.11829875080085948
4257	0.11914101294907986
793	0.12091404742479457
7103	0.12181489361482484
1178	0.12289861844096263
10348	0.12364562023920792
12614	0.12413204627740908
5056	0.12435395769023846
4014	0.12527321490154159
174	0.12647236885947835
2406	0.12705500821575524
4972	0.1274845659786458
26	0.12754575024354142
1255	0.12833270288723325
9750	0.12894579691176367
2454	0.1300076716075838
1301	0.133180936996574
1306	0.13370660291902198
7690	0.13393293506620582
292	0.13480597997984903
4161	0.13651805913758472
7197	0.13664771922264823
10516	0.13727940803213434
3983	0.1382144381132779
5980	0.13874078026079512
13272	0.13964781922598168
1551	0.1398811603373521
6256	0.1409848746981034
12417	0.14153953776510855
5295	0.142839728281109
118	0.14287321343917464
30	0.14304793256309292
3937	0.1448396477687753
10568	0.14487298221325678
12472	0.14504284190086364
12070	0.14553542711946515
2059	0.14657258909307794
1190	0.1469997074994161
68	0.14709466714148267
7021	0.14734641026554213
7381	0.14744807923464862
13155	0.14774808923498198
7612	0.14801476479083384
10495	0.1481014098029671
1525	0.14811476812427826
3121	0.14821477145772272
12147	0.14831477479116714
4095	0.14851478145805605
5916	0.14896643972382362
12233	0.1493038661354824
4968	0.14991482812627835
10448	0.1501734886893435
1166	0.15083984777544224
77	0.15095187359806672
6019	0.1514012679799068
5005	0.15145189026528896
3931	0.15151581130450795
11566	0.15161488479483393
10432	0.1527674524381092
6000	0.15311493479650068
12964	0.15311493479650068
9733	0.15314826924098218
12462	0.15324827257442658
12414	0.15413995777910905
2297	0.15461465499463645
10540	0.15491150310304455
107	0.15541097328993145
9945	0.15651504813361192
3301	0.15651504813361194
4142	0.15655621622688004
9779	0.15681505813394525
12133	0.1571691482435026
4422	0.15720822763300474
808	0.15735746640839518
12267	0.15814009111688693
8161	0.1581734255613684
11601	0.15824843924664903
10713	0.1583400977837758
10466	0.15883727429213962
2597	0.15991516147072316
6002	0.15998016472402407
12056	0.16148188036135286
