695	0.21260708690289667
3941	0.23370779025967528
6080	0.24024134137804593
5953	0.246808226940898
5296	0.2495749858328611
4057	0.2581752725090838
727	0.2991433047768258
5087	0.30031001033367777
693	0.3032101070035668
4003	0.30814360478682634
7001	0.3156105203506784
7116	0.3162438747958265
12262	0.31827727590919697
12981	0.32541084702823436
9565	0.3310443681456048
13264	0.35097836594553145
1161	0.3561452048401613
12993	0.3638454615153838
1283	0.3668455615187173
8693	0.3699789992999767
12144	0.37927930931031034
7735	0.38381279375979205
6095	0.38611287042901427
7595	0.3862462082069402
7605	0.3922797426580886
1101	0.39897996599886654
1348	0.40858028600953367
12451	0.4126804226807559
13183	0.4128137604586819
11631	0.41778059268642287
1820	0.4191473049101637
7954	0.4193139771325711
10473	0.4274142471415713
2945	0.43614787159571977
2159	0.43844794826494204
6105	0.44294809826994225
109	0.44764825494183136
10966	0.44884829494316486
8999	0.4494816493883129
4916	0.44978165938864645
4045	0.4538151271709057
10533	0.4605486849561652
5000	0.4628487616253874
12178	0.4662155405180172
5919	0.46991566385546163
7093	0.4729157638587952
9783	0.4751491716390547
299	0.48021600720023994
325	0.48081602720090666
7904	0.48158271942398073
6290	0.4828160938697956
1170	0.4868162272075735
8124	0.49674989166305533
2216	0.49684989499649984
6117	0.4972832427747591
489	0.4985499516650555
9597	0.5041834727824261
9562	0.5068502283409446
12271	0.5078835961198707
12424	0.5102503416780559
5162	0.5162172072402413
22	0.517017233907797
8680	0.5222840761358711
2899	0.5268175605853528
13175	0.5280509350311677
10375	0.53035101170039
12935	0.5312177072569085
7315	0.5335177839261308
10528	0.546851561718724
7628	0.5495183172772425
3136	0.553551785059502
6987	0.5594853161772058
9600	0.5628520950698357
438	0.5637187906263543
4957	0.566818893963132
13177	0.5676189206306876
6087	0.5685189506316877
2202	0.5701190039667988
12189	0.5711857061902064
7088	0.5722190739691322
9134	0.5735524517483916
169	0.5745191506383546
5323	0.5746858228607619
1248	0.574885829527651
2047	0.5803193439781325
13130	0.5829194306476881
2240	0.5852195073169106
2872	0.5862195406513551
3976	0.587319577319244
13437	0.5878529284309476
4921	0.5895863195439848
4933	0.5896863228774292
9769	0.591319710657022
2278	0.5951531717723924
4162	0.596853228440948
4981	0.5973865795526517
5192	0.599619987332911
3	0.6011533717790593
2024	0.6013200440014667
3239	0.6052201740058001
