8055	0.0017056856187290972
4149	0.0033390733983217516
1385	0.005016722408026756
4056	0.005016722408026756
4479	0.005016722408026756
4641	0.005016722408026756
5226	0.005016722408026756
7400	0.005016722408026756
8123	0.005016722408026756
8656	0.005016722408026756
8866	0.005016722408026756
10662	0.005016722408026756
11482	0.005016722408026756
13200	0.005016722408026756
2420	0.005050056852508238
4444	0.005050056852508238
4668	0.005050056852508238
10585	0.005050056852508238
7264	0.005150060185952692
7681	0.005150060185952692
10133	0.005150060185952692
13694	0.005150060185952692
2587	0.005852842809364548
13073	0.006683444632100886
570	0.0074168024106935175
10362	0.008316832411693547
9430	0.008350166856175022
13065	0.008350166856175022
1880	0.00835016685617503
2423	0.00835016685617503
6556	0.00835016685617503
5780	0.008383501300656505
10893	0.01165027685984182
11790	0.011672240802675586
11678	0.011683611304323296
6966	0.011683611304323303
9086	0.011683611304323303
13328	0.012116959082582566
8900	0.014883717974545633
5015	0.015017055752471569
317	0.015039463411322188
10792	0.018350500200619842
141	0.018350500200619846
1212	0.01904191455211272
7698	0.019839290072210882
2776	0.0199838879802125
2124	0.020883917981212526
209	0.021317265759471803
9332	0.02155060687084218
303	0.0216394626755117
3146	0.021650610204286633
6174	0.021650610204286633
8843	0.021650610204286633
549	0.02168394464876811
1087	0.02168394464876811
1898	0.02168394464876811
2303	0.02168394464876811
5158	0.02168394464876811
9226	0.02168394464876811
4574	0.021683944648768116
5863	0.021683944648768116
10092	0.021683944648768116
11488	0.021683944648768116
13169	0.021683944648768116
13290	0.021683944648768116
3970	0.021705685618729098
4937	0.021705685618729098
13205	0.02171727909324959
5064	0.024961646993584292
4314	0.02501738909691639
10014	0.02501738909691639
13460	0.02501738909691639
4305	0.025050167224080266
9683	0.025050167224080266
13282	0.025050167224080266
4618	0.025183505002006203
11524	0.025584074653101595
9784	0.026684111320990512
6492	0.02676800040491874
6599	0.027117459099249803
12272	0.027503675986523958
5229	0.02826086956521739
8884	0.02831749910058318
1680	0.02833946304341694
3999	0.02833946304341694
5354	0.02833946304341694
1896	0.02835083354506465
2618	0.02835083354506465
9107	0.02835083354506465
9775	0.02835083354506465
9858	0.02835083354506465
4426	0.028384167989546138
868	0.028394648829431438
1651	0.028394648829431438
3461	0.028394648829431438
5398	0.028394648829431438
6030	0.028394648829431438
6993	0.028394648829431438
8166	0.028394648829431438
8347	0.028394648829431438
