8141	3.333444448148232e-05
8901	3.333444448148232e-05
8701	0.00016667222240741852
7621	0.001700056668555619
765	0.0023334111137037934
11425	0.002500083336111198
1378	0.0033334444481482733
4656	0.0033334444481482733
755	0.0033667788926297557
1416	0.0033667788926297557
5367	0.0033667788926297557
10430	0.0033667788926297557
10804	0.0033667788926297557
12195	0.0033667788926297557
8302	0.0034001133371112345
2126	0.003400113337111238
6309	0.003400113337111238
9714	0.003400113337111238
12397	0.003400113337111238
8044	0.0038334611153705185
1365	0.005200173339111304
846	0.006633554451815057
115	0.006633554451815061
4342	0.00666688889629654
5314	0.00666688889629654
5353	0.00666688889629654
7257	0.00666688889629654
9898	0.00666688889629654
1592	0.006666888896296547
10613	0.006666888896296547
12431	0.006700223340778022
9692	0.0067002233407780255
596	0.006700223340778027
998	0.006700223340778029
5463	0.006700223340778029
4017	0.006833561118703958
1607	0.006866895563185441
12914	0.008266942231407715
2870	0.00833361112037068
8970	0.008366945564852164
83	0.008366945564852166
6120	0.008400280009333646
8781	0.008400280009333646
2427	0.008500283342778095
6992	0.009833661122037402
5539	0.00996699889996333
10880	0.00996699889996333
8092	0.009966998899963334
11281	0.010000333344444813
5216	0.010000333344444817
7102	0.010000333344444817
7630	0.010033667788926295
10703	0.010033667788926295
11231	0.010033667788926295
1567	0.0100336677889263
6013	0.0100336677889263
3494	0.010067002233407778
11071	0.010067002233407783
4078	0.010167005566852232
1555	0.011667055568518946
11328	0.011667055568518948
6567	0.011733724457481918
8325	0.011733724457481918
9247	0.012533751125037504
7202	0.013033767792259742
8125	0.013133771125704186
7007	0.013167105570185675
2382	0.013300443348111604
2407	0.013300443348111604
9031	0.013300443348111604
11775	0.013300443348111604
2851	0.013333777792593083
6116	0.013333777792593085
8465	0.013333777792593085
11241	0.013333777792593085
527	0.013333777792593086
9178	0.013333777792593086
10861	0.013333777792593086
12223	0.013333777792593086
13047	0.013333777792593086
2455	0.013367112237074565
3988	0.013367112237074569
13109	0.013367112237074569
8911	0.01336711223707457
832	0.013367112237074572
2186	0.013367112237074572
3312	0.013367112237074572
5800	0.013367112237074572
8126	0.013367112237074572
12460	0.013367112237074572
10020	0.013367112237074574
5078	0.013367112237074576
9897	0.013367112237074576
12719	0.013367112237074576
13289	0.013367112237074576
52	0.013400446681556051
11648	0.013400446681556051
3098	0.013400446681556055
5220	0.013400446681556055
3334	0.01346711557051902
