4974	0.7735358035252264
13284	0.9643763754184346
420	1.134047315897245
3671	1.1350086241066606
1113	1.1752428181276775
12984	1.234978623106627
8794	1.2390817855151324
5040	1.2568126842419982
12048	1.2570211918458467
151	1.2920160995192398
9008	1.3449264237481997
5908	1.3469379067167344
7581	1.3533230828123424
4900	1.3562095945534396
3940	1.3567160143530022
12108	1.370409640435646
10349	1.371663283023286
7580	1.3735464822386723
7078	1.3929208987527546
2022	1.4621815922260628
7634	1.485196282015302
5943	1.4933822888497337
5958	1.497162796566004
8072	1.515269125600501
6264	1.5162671392119056
6977	1.51735057668155
4005	1.5211473042132988
5973	1.5223528137064963
64	1.5393763382725414
10347	1.549337794556133
12961	1.5514850955208035
13113	1.56652524982425
6086	1.5667563490308247
269	1.567256365698047
11236	1.5771196874634243
2031	1.5843079798368187
5055	1.5916200745537017
5902	1.6100337045779871
4001	1.614924621306567
7575	1.6226238805629216
11267	1.626158329096827
7092	1.6282305135983517
10389	1.6299842038716459
2989	1.637778715135839
12939	1.6386253926508525
2261	1.6468590191198278
5061	1.650360904994745
7810	1.658059392465606
12489	1.6600261246900132
13025	1.662148854523865
4979	1.6676524297498552
8955	1.6701264613679025
7736	1.6772209291842306
10441	1.6777675199914253
12135	1.6903902613062045
1154	1.6917938502808665
7049	1.7022854108709105
7120	1.7099358916168845
3935	1.7260283247633492
7577	1.7267130956446413
1239	1.7304543820628555
3223	1.7313618358803864
10363	1.7384287381104608
10350	1.744335601767813
12058	1.7445715032906617
5337	1.7490957603445354
177	1.7617961836919802
10485	1.764643618475754
13138	1.7716298448140175
8777	1.7722270832159117
9638	1.783663579271833
2878	1.7901304615012403
11264	1.7949639559510553
8877	1.799972599008806
754	1.8019630157306175
2884	1.806797683741982
8875	1.8133999038159843
8699	1.813597910416204
92	1.8148797511145078
9685	1.816668357001363
2853	1.818463303914368
2887	1.821031491535575
134	1.8239314060332865
12063	1.8256249657133639
9814	1.826675469210648
1126	1.8342969348035432
5909	1.8359544909296726
2253	1.845696274673743
1360	1.8462323315635758
11226	1.8506658126796127
10517	1.8610978281666548
1232	1.8667470219225355
7044	1.8681411847344986
9523	1.8697331149230212
8682	1.870670943569597
2934	1.8834335716049107
1141	1.8950339582844664
10397	1.8987283043297531
5231	1.9024675394038373
1121	1.9059009871854298
