10648	0.02018963173911819
835	0.030023074347740236
7819	0.0318735763878863
12761	0.05056834335949436
4910	0.05361270682266891
563	0.056312796825669
9287	0.056912706454763644
90	0.06024615090291193
9973	0.06501364538238232
2090	0.06621312683666938
458	0.06846916747838085
868	0.06995707437739562
6387	0.0700340011333711
6155	0.07032407769222185
13159	0.07033500447785271
1507	0.07333411113703789
8133	0.07333411113703789
6003	0.07707926384614161
8281	0.07989096180575025
3432	0.08150105003500116
7492	0.08150105003500116
6932	0.08550902421385062
8961	0.09612461329535957
2885	0.0968577391821645
12406	0.10336844561485381
11371	0.10344714946462541
9554	0.11689285517989953
12231	0.11714682016713823
10575	0.1193924970297226
7616	0.1202481509695808
13423	0.1202814854140623
10385	0.12339263036750053
4776	0.13330277675922528
9701	0.1335157058189565
1417	0.13374748612021742
507	0.1366259633403611
12590	0.13670289009633654
11228	0.13675974260457513
6262	0.13697055899633664
1879	0.13699264222965737
5363	0.13997044494571226
6051	0.14021626250417937
149	0.14052474658854294
2889	0.14461373350126164
7916	0.1468823721102855
9155	0.14692630668513923
9851	0.14822657299278985
3923	0.14992728966104893
9689	0.15158749996237336
10374	0.15325985113662094
8962	0.15329318558110244
7927	0.15339363040083498
1449	0.15352740966504905
7639	0.15352740966504905
7718	0.15352740966504905
2265	0.15359418892558405
2032	0.15364937471159854
11548	0.1537597462836275
9016	0.1567027774950358
4189	0.15684959844257906
5116	0.15707078307292519
1827	0.15847239055125695
10689	0.1591703056768559
4772	0.16000366678889297
8979	0.16022763300582707
12463	0.16181687215660812
6753	0.16330377679255972
8647	0.16330377679255972
2933	0.16353900313956954
10987	0.16474949722404347
5205	0.16689018842434103
12497	0.16907406389577534
12192	0.1699270733773623
2160	0.1699604078218438
2106	0.17013944611977588
3993	0.1701728909358294
8683	0.1701728909358294
10583	0.17018392809303232
11263	0.1702614111663254
2692	0.1702831521362864
11457	0.1702831521362864
1230	0.17030500347781938
7910	0.17033833792230088
1236	0.17055919143793088
5389	0.17066285933053954
347	0.1718784661829865
4475	0.17348392772512705
9098	0.17352807635393866
4222	0.17455416183883943
2684	0.174915869547937
2567	0.1749272400495847
10603	0.17656085080205014
732	0.17821090691874789
9957	0.1784277982064285
5023	0.17847305724014656
9203	0.1797607344993997
11607	0.1799499269819585
11475	0.1803605226082787
2953	0.1811765687618796
10407	0.18309417894754798
