1761	0.008633621120704026
2079	0.012167072235741191
1168	0.012633754458481953
11655	0.013133771125704196
10504	0.015000500016667227
12729	0.015167172239074638
12306	0.015600520017333915
505	0.016633887796259877
1563	0.016633887796259877
3277	0.016633887796259877
4370	0.016633887796259877
6403	0.016633887796259877
8836	0.016633887796259877
10460	0.016633887796259877
11714	0.016633887796259877
1279	0.01666722224074136
1668	0.01666722224074136
3128	0.01666722224074136
3969	0.01666722224074136
5617	0.01666722224074136
9929	0.01666722224074136
12167	0.01666722224074136
13339	0.01666722224074136
2997	0.016700556685222842
2053	0.01676722557418581
1134	0.016767225574185814
2094	0.016767225574185814
11360	0.016767225574185814
12490	0.016767225574185814
152	0.016800560018667296
1929	0.016800560018667296
7015	0.016800560018667296
8321	0.016800560018667296
3929	0.01706723557451915
4008	0.01733391113037101
8585	0.017400580019333978
7362	0.017433914463815467
6205	0.01756725224174139
74	0.018300610020334014
13599	0.018333944464815493
433	0.01866728890963032
8138	0.019067302243408118
5728	0.019133971132371082
6472	0.019233974465815536
8171	0.01970065668855629
9696	0.019833994466482218
6373	0.019900663355445186
964	0.01993399779992667
2073	0.01993399779992667
3469	0.01993399779992667
38	0.019967332244408147
1184	0.019967332244408147
2229	0.019967332244408147
2668	0.019967332244408147
6146	0.019967332244408147
10222	0.019967332244408147
10597	0.019967332244408147
1573	0.01996733224440815
3463	0.01996733224440815
7534	0.01996733224440815
11406	0.01996733224440815
3756	0.02000066668888963
10461	0.02000066668888963
11505	0.02000066668888963
5604	0.020067335577852594
5605	0.020100670022334084
9419	0.020100670022334084
12149	0.020100670022334087
285	0.020700690023000776
12103	0.020900696689889673
8987	0.020967365578852634
1843	0.021234041134704496
2226	0.02133404446814894
291	0.0216007200240008
7941	0.021600720024000805
2277	0.021667388912963766
5010	0.02183406113537118
9388	0.022000733357778593
5099	0.022334077802593416
8747	0.022334077802593423
4022	0.022434081136037867
3460	0.02243408113603787
10013	0.02243408113603787
12692	0.02243408113603787
11317	0.022467415580519352
8577	0.022567418913963806
13527	0.023267442248074942
455	0.02330077669255642
4007	0.02330077669255642
6347	0.02330077669255642
11032	0.02330077669255642
11629	0.02330077669255642
581	0.023300776692556424
3626	0.023300776692556424
4153	0.023300776692556424
4269	0.023300776692556424
4329	0.023300776692556424
4987	0.023300776692556424
5150	0.023300776692556424
5763	0.023300776692556424
