11782	0.014433814460482045
12343	0.016467215573852487
1408	0.02606753558451949
4726	0.026067535584519498
10139	0.03100103336777893
9059	0.031067702256741908
10989	0.03436781226040868
11282	0.04063468782292744
5981	0.05213507116903896
6194	0.060602020067335574
2866	0.0673022434081136
7006	0.06933564452148405
5266	0.06936897896596554
2483	0.07023567452248408
7141	0.07060235341178038
2315	0.07066902230074336
1213	0.07266908896963233
6576	0.07266908896963233
1373	0.07270242341411381
4458	0.07270242341411381
11987	0.07393579785992865
466	0.0760025334177806
9954	0.0760025334177806
436	0.07603586786226209
1030	0.07603586786226209
1614	0.07603586786226209
8199	0.07603586786226209
8357	0.07603586786226209
11814	0.07603586786226209
13602	0.07603586786226209
12558	0.07693589786326209
2931	0.07723590786359545
5590	0.07723590786359545
9445	0.07723590786359545
7866	0.07726924230807693
9877	0.07726924230807693
9038	0.07730257675255842
232	0.0777025900863362
2353	0.07920264008800296
11450	0.07933597786592887
6800	0.08056935231174371
9677	0.08056935231174371
9590	0.0812027067568919
2556	0.08266942231407715
8520	0.08266942231407715
2422	0.08270275675855862
2181	0.0827360912030401
10739	0.08353611787059571
11868	0.08393613120437346
47	0.08396946564885495
3621	0.0860362012067069
2345	0.08616953898463282
388	0.08766958898629955
6289	0.08806960232007732
12181	0.0881362712090403
6375	0.0885362845428181
608	0.09266975565852195
6419	0.09266975565852195
4048	0.09270309010300344
5019	0.09270309010300344
6366	0.09270309010300344
6755	0.09270309010300344
7245	0.09270309010300344
8628	0.09270309010300344
9913	0.09270309010300344
12132	0.09270309010300344
1769	0.0927364245474849
2580	0.0927697589919664
5210	0.09283642788092937
5491	0.09283642788092937
9799	0.09283642788092937
12504	0.09283642788092937
1384	0.09376979232641089
89	0.09390313010433679
649	0.09390313010433679
7419	0.09390313010433679
11819	0.09390313010433679
7016	0.0939364645488183
2288	0.09520317343911464
12594	0.09600320010667023
11930	0.09723657455248508
57	0.09726990899696655
331	0.09726990899696655
3236	0.09766992233074435
10744	0.09770325677522584
7509	0.09806993566452216
8719	0.09936997899929997
1543	0.09936997899929999
9051	0.09936997899929999
9870	0.09936997899929999
2180	0.10100336677889263
9490	0.1014367145571519
6181	0.10270342344744826
8484	0.10273675789192974
13110	0.10277009233641124
6809	0.1039367978932631
4816	0.10403680122670755
7981	0.1043368112270409
2014	0.10603686789559653
12491	0.10603686789559653
