13081	0.000133337777925931
2123	0.00020000666688889737
7246	0.00020000666688889737
8706	0.00020000666688889737
9564	0.00020000666688889737
9819	0.00020000666688889737
9886	0.00020000666688889737
10335	0.00020000666688889737
12855	0.00020000666688889737
13403	0.00020000666688889737
7656	0.0003000100003333443
9253	0.0003000100003333443
10917	0.00033334444481482664
4306	0.0003666788892963107
12329	0.0003666788892963107
11320	0.000400013333777793
27	0.00046668222274075764
595	0.00046668222274075764
8236	0.00046668222274075764
8722	0.00046668222274075764
11207	0.00046668222274075764
2704	0.00050001666722224
4913	0.00050001666722224
8884	0.00050001666722224
9773	0.00050001666722224
753	0.0005333511117037223
6028	0.0005333511117037223
9206	0.0005333511117037223
376	0.000533351111703724
1475	0.000533351111703724
3723	0.0006000200006666886
1817	0.000633354445148171
4440	0.000633354445148171
114	0.0007000233341111373
1231	0.0007000233341111373
2138	0.0007000233341111373
2328	0.0007000233341111373
3849	0.0007000233341111373
6345	0.0007000233341111373
7670	0.0007000233341111373
8046	0.0007000233341111373
9321	0.0007000233341111373
9560	0.0007000233341111373
10997	0.0007000233341111373
5088	0.000766692223074102
5143	0.000800026667555586
556	0.000900030001000033
773	0.000900030001000033
1639	0.000900030001000033
1686	0.000900030001000033
2351	0.000900030001000033
2596	0.000900030001000033
4618	0.000900030001000033
5653	0.000900030001000033
8275	0.000900030001000033
8889	0.000900030001000033
9470	0.000900030001000033
9858	0.000900030001000033
10213	0.000900030001000033
10800	0.000900030001000033
11871	0.000900030001000033
13590	0.000900030001000033
13735	0.000900030001000033
2554	0.0009666988899629993
7828	0.001033367778925964
11983	0.0010333677789259648
95	0.0011333711123704127
243	0.0011333711123704127
261	0.0011333711123704127
262	0.0011333711123704127
263	0.0011333711123704127
350	0.0011333711123704127
377	0.0011333711123704127
379	0.0011333711123704127
382	0.0011333711123704127
421	0.0011333711123704127
554	0.0011333711123704127
598	0.0011333711123704127
648	0.0011333711123704127
655	0.0011333711123704127
656	0.0011333711123704127
675	0.0011333711123704127
677	0.0011333711123704127
794	0.0011333711123704127
811	0.0011333711123704127
943	0.0011333711123704127
956	0.0011333711123704127
972	0.0011333711123704127
1020	0.0011333711123704127
1027	0.0011333711123704127
1099	0.0011333711123704127
1220	0.0011333711123704127
1221	0.0011333711123704127
1434	0.0011333711123704127
1584	0.0011333711123704127
1596	0.0011333711123704127
1640	0.0011333711123704127
1922	0.0011333711123704127
1950	0.0011333711123704127
2000	0.0011333711123704127
