3150	0.0
5323	0.0021667388912963784
2099	0.01000033334444482
11443	0.01003366778892631
4104	0.013333777792593093
1440	0.013400446681556072
5903	0.013467115570519023
11292	0.01666722224074136
9943	0.016667222240741367
5384	0.020067335577852598
2854	0.02336744558151939
7535	0.02336744558151939
2327	0.024934164472149058
4917	0.024967498916630547
6449	0.024967498916630547
10087	0.024967498916630554
12376	0.026634221140704684
1149	0.026667555585186166
3375	0.026667555585186166
7724	0.026667555585186173
4501	0.026700890029667655
11692	0.026800893363112095
497	0.028434281142704763
10679	0.029700990033001112
6994	0.03003433447781593
2085	0.03326777559251975
449	0.03330111003700122
9818	0.03333444448148271
2268	0.03380112670422347
1520	0.03496783226107537
3905	0.03666788892963098
8045	0.03666788892963098
7723	0.04000133337777925
5105	0.04000133337777926
12541	0.04003466782226074
3673	0.04003466782226077
12082	0.040134671155705195
6280	0.04086802893429781
5214	0.04123470782359411
1101	0.04126804226807561
708	0.041601386712890424
4424	0.04163472115737191
13117	0.04163472115737191
7009	0.04166805560185338
1566	0.043301443381446036
12969	0.043301443381446036
10612	0.04330144338144604
5034	0.04330144338144605
7785	0.04333477782592752
8920	0.04333477782592752
10519	0.04333477782592752
1563	0.043334777825927526
3242	0.043334777825927526
7644	0.043334777825927547
5349	0.04346811560385345
12471	0.04383479449314976
6087	0.04496816560552019
11148	0.04496816560552019
13086	0.04653488449614986
12434	0.04663488782959432
2379	0.046634887829594324
13436	0.04670155671855728
6117	0.04683489449648322
6285	0.047334911163705445
4190	0.04826827560918696
13208	0.04870162338744624
2369	0.049334977832594426
22	0.049868328944298136
747	0.049934997833261094
280	0.04996833227774259
614	0.04996833227774259
5975	0.05000166672222407
11668	0.05000166672222407
12305	0.05000166672222407
3324	0.05000166672222408
2278	0.05003500116670559
3962	0.05003500116670559
8967	0.050801693389779655
6998	0.05143504783492782
8986	0.05163505450181672
11576	0.05163505450181673
12956	0.053268442281409374
2347	0.05330177672589084
4147	0.05330177672589084
6938	0.05333511117037233
4290	0.053335111170372346
5148	0.053335111170372346
3610	0.05336844561485382
9752	0.0539684656155205
11428	0.05410180339344643
7816	0.05496849894996499
5046	0.05540184672822429
7403	0.055935197839928
6973	0.05620187339577987
3100	0.056635221174039116
898	0.05663522117403913
2074	0.056668555618520605
6146	0.056668555618520605
211	0.05666855561852061
7751	0.05666855561852061
