13573	0.16852161404265315
12693	0.19176157599902155
9380	0.19389498044583647
96	0.2033952971230591
3577	0.23762977160554183
13028	0.24836224195210072
6764	0.2617304645940817
5993	0.2618856537135407
12114	0.27706441942713583
6960	0.27845287262083757
3709	0.2784863174368911
6542	0.2819070568795995
4500	0.28673140832676586
11246	0.28686474610469176
9845	0.2900315183304326
9569	0.3001972986613489
2034	0.3067657428045818
8409	0.3117655761323594
1643	0.3250326850359895
1419	0.33023163313916487
12254	0.3333662961563602
9848	0.3367548160189509
3076	0.3403764517903105
10850	0.35106242671857185
616	0.35170024062117566
12568	0.3535106688617603
584	0.3541672124856782
7799	0.3666007373043984
12891	0.3666007373043984
295	0.37201251078491915
1252	0.37806964468492316
3066	0.38003451843043595
8382	0.38003451843043595
11090	0.38003451843043595
11768	0.38003451843043595
13641	0.38003451843043595
2066	0.38670129695516053
5618	0.38673474177121403
13354	0.3871761176877579
2931	0.39334611153705124
4912	0.3948677943668356
5472	0.3969128970965699
1604	0.3973109036744926
7080	0.4010490149002738
10655	0.4033801126704223
10724	0.40511813047056977
2501	0.408022743455997
10744	0.4083130541363642
9585	0.4102222582447286
4642	0.4130689529115853
9378	0.4133689629119187
5204	0.4165357351376595
7221	0.42006907588112463
2990	0.4201679643502052
3450	0.4218735395973623
2620	0.4234359651453265
11285	0.42492341717968085
2545	0.4267247046473456
5115	0.42681300190496874
11251	0.4268348532465017
7278	0.42706930922223607
10836	0.4300144441826991
5243	0.4313799400894188
4196	0.43342481538682287
4245	0.43351322524574676
11622	0.4347685614046667
8880	0.4366696292329031
1169	0.4378014439946214
10863	0.43999225949672127
1890	0.44006985294158635
5988	0.44187983523642543
7959	0.44463656146397745
9129	0.445008981904748
10647	0.4466580379881113
3393	0.44677007628236437
6840	0.4500701862860311
11755	0.45334844494816495
9235	0.45337018591812595
3498	0.45340363073417944
4601	0.45340363073417944
7705	0.45340363073417944
12731	0.45340363073417944
13287	0.45340363073417944
6360	0.45353696851210534
4699	0.45365496687124807
2866	0.4565917024435932
11223	0.4567146675234771
6931	0.4601692977279844
12304	0.4618912057380731
6123	0.4634039640786242
7983	0.4634039640786242
12927	0.46350274217613274
5019	0.46634776343157924
9861	0.466682222740758
2028	0.4667040740822911
9038	0.46992548023618624
11819	0.4700491120049598
1656	0.4700708529749208
12327	0.4700708529749208
10935	0.4700925939448818
