11770	0.009900330011000363
1593	0.01616720557351912
2654	0.024334144471482383
8138	0.02710090336344545
1599	0.027800926697556586
4666	0.029534317810593687
1512	0.03120104003466783
7940	0.03353445114837162
6472	0.03360112003733457
4388	0.033834461148704954
10742	0.034467815593853125
1667	0.03610120337344579
13547	0.03756791893063102
6399	0.03770125670855695
5208	0.037767925597519916
785	0.037801260042001406
13471	0.03943464782159405
1421	0.0395346511550385
154	0.04100136671222374
4612	0.04110137004566819
4524	0.041134704490149665
8976	0.04116803893463116
2206	0.041801393379779325
1638	0.0426014200473349
11403	0.04276809226974233
2708	0.04430147671589053
8323	0.04440148004933498
4712	0.044434814493816456
1747	0.04443481449381646
5334	0.04446814893829794
8222	0.04446814893829794
11933	0.04446814893829794
4261	0.04450148338277942
3469	0.0445681522717424
10462	0.04533484449481649
1844	0.04616820560685356
7554	0.04713490449681656
505	0.04763492116403879
4594	0.04770159005300175
11409	0.04770159005300176
197	0.04773492449748325
2566	0.04773492449748325
964	0.047734924497483254
2299	0.04776825894196473
11128	0.04776825894196473
5572	0.04780159338644621
10508	0.04780159338644621
5150	0.0478349278309277
7673	0.04783492783092771
2178	0.047901596719890666
4948	0.04853495116503883
170	0.0492016400546685
1387	0.04943498116603887
10767	0.04950165005500183
4509	0.04950165005500184
7816	0.049534984499483306
726	0.049701656721890725
12403	0.05010167005566851
13671	0.05113503783459448
2215	0.051135037834594485
2943	0.051135037834594485
8193	0.051135037834594485
12554	0.051135037834594485
5488	0.05116837227907597
13144	0.05120170672355745
1279	0.051235041168038946
7831	0.05196839894663155
9147	0.05210173672455749
669	0.05276842561418714
4138	0.05280176005866862
9315	0.05280176005866862
11621	0.053035101170039
4713	0.05336844561485382
7712	0.05373512450415014
8755	0.05406846894896497
3058	0.05436847894929831
670	0.054435147838261276
697	0.054435147838261276
3613	0.054435147838261276
3727	0.054435147838261276
7533	0.054435147838261276
8316	0.054435147838261276
8459	0.054435147838261276
8471	0.054435147838261276
9330	0.054435147838261276
10367	0.054435147838261276
11095	0.054435147838261276
11492	0.054435147838261276
13452	0.054435147838261276
7050	0.05446848228274276
7	0.054501816727224234
8609	0.054501816727224234
9657	0.054501816727224234
11413	0.054501816727224234
4113	0.05450181672722424
7963	0.05450181672722425
10580	0.05450181672722425
7678	0.054568485616187205
13525	0.05456848561618721
2662	0.05533517783926131
