3774	0.0024808870436939905
1242	0.0026142248216199215
2493	0.0026142248216199215
6601	0.0026142248216199215
7865	0.0026142248216199215
9410	0.0026142248216199215
9972	0.0026142248216199215
10006	0.0026142248216199215
10395	0.0026142248216199215
10498	0.0026142248216199215
11412	0.0026142248216199215
11447	0.0026142248216199215
11858	0.0026142248216199215
11990	0.0026142248216199215
2932	0.0026475592661014038
3994	0.0026475592661014038
3996	0.0026475592661014038
6250	0.0026475592661014038
6355	0.0026475592661014038
8386	0.0026475592661014038
13674	0.0026475592661014038
1183	0.0026476696376734315
11272	0.002680893710582886
4523	0.0027480040858339685
12068	0.002914234821953266
4971	0.0030142381553977145
12166	0.0032809137112495756
12456	0.0033500107747971835
10106	0.003480920378138472
12374	0.0035475892671014368
659	0.0036809270450273686
2057	0.0036809270450273686
9643	0.0036809270450273686
10552	0.003980937045360713
2138	0.004114274823286643
2328	0.004114274823286643
7670	0.004114274823286643
6028	0.004280947045694058
12946	0.0043142814901755405
9819	0.004614291490508883
4069	0.00481429815739778
12052	0.00481429815739778
12215	0.00481429815739778
27	0.005280980380138538
4913	0.00531431482462002
995	0.005347649269101504
8158	0.005347649269101504
346	0.005680993713916331
603	0.005680993713916331
1452	0.005680993713916331
1485	0.005680993713916331
2998	0.005680993713916331
3080	0.005680993713916331
3275	0.005680993713916331
3348	0.005680993713916331
3409	0.005680993713916331
3952	0.005680993713916331
4246	0.005680993713916331
4459	0.005680993713916331
4794	0.005680993713916331
5202	0.005680993713916331
5485	0.005680993713916331
5797	0.005680993713916331
5979	0.005680993713916331
7669	0.005680993713916331
8317	0.005680993713916331
8347	0.005680993713916331
9181	0.005680993713916331
9210	0.005680993713916331
9263	0.005680993713916331
9270	0.005680993713916331
10051	0.005680993713916331
10095	0.005680993713916331
10361	0.005680993713916331
10390	0.005680993713916331
11345	0.005680993713916331
11491	0.005680993713916331
12175	0.005680993713916331
12459	0.005680993713916331
12468	0.005680993713916331
12502	0.005680993713916331
13446	0.005680993713916331
773	0.005714328158397813
8889	0.005714328158397813
8091	0.005714438529969841
3680	0.005814772978130378
421	0.005947669269768193
1922	0.005947669269768193
2175	0.005947669269768193
2201	0.005947669269768193
2941	0.005947669269768193
3224	0.005947669269768193
3592	0.005947669269768193
4074	0.005947669269768193
4291	0.005947669269768193
5149	0.005947669269768193
5361	0.005947669269768193
5567	0.005947669269768193
5755	0.005947669269768193
6243	0.005947669269768193
