7862	0.0
3763	3.333444448148232e-05
5217	3.333444448148232e-05
8967	3.333444448148232e-05
4842	6.666888896296463e-05
9509	0.000133337777925931
10631	0.000133337777925931
2928	0.00023334111137037795
8130	0.00023334111137037795
12573	0.00023334111137037795
12690	0.00023334111137037795
13675	0.00026667555585186027
7879	0.000400013333777793
3766	0.0005333511117037223
4530	0.000533351111703724
3040	0.0005666855561852063
12402	0.0005666855561852063
7410	0.0006000200006666886
7447	0.0006000200006666886
11209	0.0006000200006666886
632	0.0006333544451481727
927	0.0006333544451481727
2517	0.0006333544451481727
3491	0.0006333544451481727
3676	0.0006333544451481727
3863	0.0006333544451481727
4755	0.0006333544451481727
5519	0.0006333544451481727
5983	0.0006333544451481727
7901	0.0006333544451481727
8154	0.0006333544451481727
9140	0.0006333544451481727
9428	0.0006333544451481727
10845	0.0006333544451481727
11551	0.0006333544451481727
13071	0.0006333544451481727
13551	0.0006333544451481727
10991	0.0007000233341111373
828	0.0007333577785926196
133	0.0007666922230741037
515	0.0007666922230741037
581	0.0007666922230741037
638	0.0007666922230741037
925	0.0007666922230741037
1387	0.0007666922230741037
1447	0.0007666922230741037
1511	0.0007666922230741037
1671	0.0007666922230741037
1801	0.0007666922230741037
1928	0.0007666922230741037
2687	0.0007666922230741037
2756	0.0007666922230741037
2843	0.0007666922230741037
2855	0.0007666922230741037
2891	0.0007666922230741037
3172	0.0007666922230741037
3177	0.0007666922230741037
3745	0.0007666922230741037
3795	0.0007666922230741037
3919	0.0007666922230741037
3950	0.0007666922230741037
4153	0.0007666922230741037
4168	0.0007666922230741037
4269	0.0007666922230741037
4329	0.0007666922230741037
4587	0.0007666922230741037
4730	0.0007666922230741037
4777	0.0007666922230741037
4957	0.0007666922230741037
4987	0.0007666922230741037
5150	0.0007666922230741037
5471	0.0007666922230741037
5763	0.0007666922230741037
5794	0.0007666922230741037
5795	0.0007666922230741037
5893	0.0007666922230741037
5938	0.0007666922230741037
6048	0.0007666922230741037
6072	0.0007666922230741037
6339	0.0007666922230741037
7522	0.0007666922230741037
7538	0.0007666922230741037
7868	0.0007666922230741037
8251	0.0007666922230741037
8626	0.0007666922230741037
8639	0.0007666922230741037
8820	0.0007666922230741037
9041	0.0007666922230741037
9150	0.0007666922230741037
9191	0.0007666922230741037
9744	0.0007666922230741037
9787	0.0007666922230741037
10152	0.0007666922230741037
10251	0.0007666922230741037
10296	0.0007666922230741037
10381	0.0007666922230741037
10462	0.0007666922230741037
10547	0.0007666922230741037
10670	0.0007666922230741037
10755	0.0007666922230741037
