11428	3.333444448148232e-05
373	0.00016667222240741159
13664	0.0004666822227407559
13265	0.0009666988899629976
9769	0.00100003333444448
10598	0.00100003333444448
1569	0.0011333711123704127
3471	0.001800060002000065
2583	0.0018333944464815483
7951	0.0018333944464815483
3766	0.0020334011133704456
5127	0.0023667455581852757
11621	0.0033001100036667876
3919	0.0033334444481482716
2385	0.003333444448148272
4684	0.003333444448148272
6832	0.003333444448148272
7062	0.003333444448148272
8018	0.003333444448148272
10840	0.003333444448148272
11316	0.003333444448148272
7434	0.0033667788926297557
4046	0.0034667822260742013
6469	0.0034667822260742013
7953	0.0034667822260742013
8953	0.0034667822260742013
11413	0.0034667822260742013
13052	0.0034667822260742013
3637	0.0035001166705556836
7695	0.0035001166705556836
5099	0.004200140004666822
1528	0.0043334777825927515
8300	0.0043334777825927515
11386	0.0044668155605186825
12466	0.004933497783259444
12663	0.004966832227740925
13597	0.004966832227740925
568	0.006300210007000232
566	0.006633554451815061
3391	0.006633554451815061
4471	0.006633554451815061
5134	0.006633554451815061
10302	0.006633554451815061
10952	0.006633554451815061
11881	0.006633554451815061
4564	0.0066668888962965415
13270	0.0066668888962965415
9329	0.006666888896296543
4310	0.006700223340778029
125	0.00676689222974099
682	0.00676689222974099
1672	0.00676689222974099
1844	0.00676689222974099
2239	0.00676689222974099
2348	0.00676689222974099
2660	0.00676689222974099
3124	0.00676689222974099
3716	0.00676689222974099
3728	0.00676689222974099
3750	0.00676689222974099
4009	0.00676689222974099
4524	0.00676689222974099
4575	0.00676689222974099
4984	0.00676689222974099
5315	0.00676689222974099
5447	0.00676689222974099
5816	0.00676689222974099
7039	0.00676689222974099
7401	0.00676689222974099
8375	0.00676689222974099
8624	0.00676689222974099
9143	0.00676689222974099
9292	0.00676689222974099
9815	0.00676689222974099
10521	0.00676689222974099
10632	0.00676689222974099
10750	0.00676689222974099
11602	0.00676689222974099
11922	0.00676689222974099
11944	0.00676689222974099
12412	0.00676689222974099
12571	0.00676689222974099
12666	0.00676689222974099
12672	0.00676689222974099
12977	0.00676689222974099
13173	0.00676689222974099
13471	0.00676689222974099
13635	0.00676689222974099
6330	0.0068002266742224725
8579	0.0068002266742224725
9935	0.0068002266742224725
10132	0.0068002266742224725
10357	0.0068002266742224725
13238	0.0068002266742224725
13380	0.0068002266742224725
13462	0.0068002266742224725
1972	0.006866895563185437
9810	0.006866895563185437
444	0.006900230007666921
8856	0.007000233341111373
