6256	0.0026667555585186235
926	0.004133471115703859
12085	0.004266808893629789
10388	0.00433347778259276
10972	0.005066835561185375
1322	0.0053668455615187155
6297	0.0057335244508150245
9076	0.00600020000666689
8283	0.007133571119037299
7096	0.00720024000800026
12949	0.0073335777859261896
6114	0.0073335777859261965
6971	0.0073335777859261965
5340	0.007466915563852133
10736	0.007700256675222509
3056	0.008000266675555846
1821	0.008133604453481783
1813	0.008666955565185503
7199	0.009000300010000333
10656	0.009033634454481815
3183	0.009066968898963294
9975	0.009066968898963298
12661	0.009066968898963298
6296	0.009266975565852199
7130	0.009366978899296653
4220	0.010633687789592988
5056	0.010633687789592988
290	0.01066702223407447
332	0.01066702223407447
2301	0.01066702223407447
2743	0.01066702223407447
4154	0.01066702223407447
4958	0.01066702223407447
6407	0.01066702223407447
7123	0.01066702223407447
7925	0.01066702223407447
9841	0.01066702223407447
9844	0.01066702223407447
9889	0.01066702223407447
13035	0.01066702223407447
13131	0.01066702223407447
1301	0.010700356678555952
1426	0.010700356678555952
2009	0.010700356678555952
7021	0.010700356678555952
7809	0.010700356678555952
8789	0.010700356678555952
10369	0.010700356678555952
12385	0.010700356678555952
2050	0.010800360012000399
10046	0.010800360012000399
12555	0.010800360012000399
9588	0.010933697789926335
292	0.01096703223440781
8271	0.010967032234407818
8973	0.010967032234407818
10516	0.010967032234407818
4123	0.011000366678889307
12266	0.011500383346111535
1545	0.011967065568852301
1269	0.0123337444581486
12070	0.012333744458148607
8707	0.012367078902630085
694	0.012367078902630089
2597	0.01246708223607454
9750	0.012633754458481947
10716	0.012633754458481947
3988	0.012633754458481954
79	0.012667088902963437
7285	0.012667088902963437
2860	0.012667088902963444
7011	0.012667088902963444
117	0.012700423347444926
12292	0.01300043334777826
4960	0.013667122237407913
3065	0.013833794459815325
12537	0.013900463348778296
2297	0.014000466682222736
846	0.014033801126704225
3609	0.014133804460148672
11237	0.014167138904630158
1117	0.014167138904630162
10427	0.014200473349111637
1198	0.014267142238074609
4095	0.014267142238074609
6281	0.014267142238074609
7103	0.014267142238074609
7191	0.014267142238074609
7757	0.014267142238074609
9124	0.014267142238074609
9733	0.014267142238074609
10370	0.014267142238074609
10412	0.014267142238074609
10619	0.014267142238074609
12109	0.014267142238074609
12462	0.014267142238074609
1606	0.014300476682556098
4901	0.014300476682556098
5951	0.014300476682556098
12945	0.014333811127037566
