10449	0.0
2853	0.007702928339484761
1113	0.009080626344407192
6424	0.011537725286986399
4798	0.014375475028137599
10005	0.019020592859608082
3226	0.01917398473750815
9066	0.021129731180733982
10671	0.021129731180733982
6631	0.02142339182394267
6646	0.023008781685009777
8672	0.02308547762395982
12083	0.02473444031138551
9227	0.026634221140704684
12978	0.03263412202323888
803	0.033334444481482706
7136	0.03432143268013959
861	0.034646510305440574
85	0.038309621505541284
1210	0.038309621505541284
3151	0.038309621505541284
4563	0.038309621505541284
4898	0.038309621505541284
5998	0.038309621505541284
9357	0.038309621505541284
9638	0.038309621505541284
10349	0.038309621505541284
10463	0.038309621505541284
13678	0.038309621505541284
4953	0.03834295595002279
8218	0.03834295595002279
6927	0.038442959283467186
9707	0.038442959283467186
5902	0.04026536794876711
10531	0.04044302595235621
10692	0.040655935862815906
1028	0.04160973150920804
5927	0.04160973150920804
8882	0.04160973150920804
1239	0.042998132789186815
8670	0.044100164896268744
2261	0.04507651373528226
2031	0.046676567070393464
4970	0.04671491503986847
7049	0.04718590388313526
12034	0.051610064853652875
12951	0.051610064853652875
6541	0.05254677718846588
4071	0.05736856233462439
13103	0.060822064216191206
7767	0.06334378931113482
7581	0.06494384264624598
2142	0.06627722042550527
829	0.06663555451848391
10558	0.06666888896296541
12584	0.06784862303759759
151	0.06827728709439423
4956	0.06858628743671621
847	0.071644065987024
1186	0.071644065987024
4145	0.071644065987024
4535	0.07201074487632031
526	0.07287711062930793
4495	0.07666922230741025
7577	0.08333611120370676
1394	0.08333611120370679
6293	0.08334445600002444
548	0.08448655028795728
4318	0.08548359749430767
13646	0.08831128822776535
11604	0.08862813099125905
8877	0.08990967592721444
7580	0.09084384187197463
13138	0.09311144823309886
108	0.09494484267958042
12933	0.09631122509979026
10364	0.09837829046117319
3455	0.09863695102423829
10563	0.09882869087161338
2367	0.10000333344444814
12263	0.10000834696944166
12325	0.10018501428412965
3940	0.10161173157587694
6326	0.10251009594121493
8336	0.10251009594121493
1044	0.10404514602302523
4723	0.1044325079399593
1121	0.1049785104685067
4979	0.1049785104685067
8950	0.1049785104685067
12361	0.1049785104685067
5570	0.10827862047217351
8549	0.10904531269524759
1116	0.1123787571433959
11267	0.11747892714906277
13284	0.11763081062321668
294	0.11784928373122147
8182	0.1183122882610998
150	0.1185122949279887
11614	0.11907898048417387
