1781	0.0
5508	0.0
11756	0.0
13203	0.0010000333344444812
6161	0.001666722224074135
7308	0.001666722224074135
11445	0.001666722224074135
7778	0.0016667222240741367
10446	0.0016667222240741367
663	0.0017000566685556173
11531	0.0021334044468148926
8772	0.0021667388912963745
2150	0.0023334111137037904
12713	0.0025334177805926873
8730	0.002566752225074168
7731	0.0026334211140371325
122	0.003300110003666789
182	0.003300110003666789
426	0.003300110003666789
457	0.003300110003666789
513	0.003300110003666789
576	0.003300110003666789
587	0.003300110003666789
640	0.003300110003666789
646	0.003300110003666789
673	0.003300110003666789
792	0.003300110003666789
893	0.003300110003666789
921	0.003300110003666789
955	0.003300110003666789
1077	0.003300110003666789
1119	0.003300110003666789
1309	0.003300110003666789
1407	0.003300110003666789
1555	0.003300110003666789
1780	0.003300110003666789
1833	0.003300110003666789
1856	0.003300110003666789
1863	0.003300110003666789
1871	0.003300110003666789
1923	0.003300110003666789
1932	0.003300110003666789
1946	0.003300110003666789
2078	0.003300110003666789
2110	0.003300110003666789
2135	0.003300110003666789
2148	0.003300110003666789
2258	0.003300110003666789
2285	0.003300110003666789
2324	0.003300110003666789
2364	0.003300110003666789
2394	0.003300110003666789
2415	0.003300110003666789
2487	0.003300110003666789
2535	0.003300110003666789
2615	0.003300110003666789
2622	0.003300110003666789
2646	0.003300110003666789
2650	0.003300110003666789
2749	0.003300110003666789
2750	0.003300110003666789
2842	0.003300110003666789
2852	0.003300110003666789
3019	0.003300110003666789
3090	0.003300110003666789
3092	0.003300110003666789
3106	0.003300110003666789
3119	0.003300110003666789
3130	0.003300110003666789
3137	0.003300110003666789
3166	0.003300110003666789
3232	0.003300110003666789
3342	0.003300110003666789
3374	0.003300110003666789
3380	0.003300110003666789
3412	0.003300110003666789
3414	0.003300110003666789
3434	0.003300110003666789
3440	0.003300110003666789
3798	0.003300110003666789
3960	0.003300110003666789
3997	0.003300110003666789
4105	0.003300110003666789
4268	0.003300110003666789
4282	0.003300110003666789
4562	0.003300110003666789
4622	0.003300110003666789
4636	0.003300110003666789
4657	0.003300110003666789
4864	0.003300110003666789
4897	0.003300110003666789
5032	0.003300110003666789
5043	0.003300110003666789
5062	0.003300110003666789
5095	0.003300110003666789
5118	0.003300110003666789
5197	0.003300110003666789
5289	0.003300110003666789
5346	0.003300110003666789
5466	0.003300110003666789
