10462	0.01150038334611154
2206	0.012033734457815264
8222	0.01396713223774126
11933	0.017633921130704357
4712	0.01766725557518584
11128	0.01766725557518584
10508	0.017700590019667322
2708	0.01780059335311177
170	0.019100636687889604
726	0.019600653355111835
4612	0.02100070002333411
1667	0.022667422247408246
9315	0.022700756691889735
5208	0.024334144471482383
785	0.024367478915963865
4113	0.024400813360445348
7963	0.024400813360445354
10580	0.024400813360445354
10465	0.025234174472482412
5658	0.025634187806260207
4258	0.026000866695556513
7712	0.027400913363778798
1609	0.027700923364112135
6029	0.02770092336411214
225	0.027700923364112146
11770	0.028067602253408437
4594	0.02920097336577885
11403	0.029334311143704793
8396	0.029400980032667758
2654	0.02943431447714924
4505	0.029734324477482584
7554	0.029967665588852957
862	0.03070102336744559
8323	0.030967698923297447
1593	0.031001033367778923
1747	0.031001033367778923
538	0.03100103336777893
6814	0.03100103336777893
7987	0.03100103336777893
12619	0.03100103336777893
5334	0.031034367812260405
1874	0.03103436781226042
1638	0.031167705590186334
6472	0.03136771225707523
1663	0.031901063368778966
2619	0.03213440448014934
1387	0.03226774225807527
11141	0.03266775559185306
2233	0.03270109003633455
1512	0.032701090036334556
7831	0.03346778225940865
2566	0.034301143371445714
2299	0.034334477815927196
2134	0.03436781226040868
2178	0.03446781559385313
4516	0.03493449781659389
3535	0.03566785559518651
11754	0.03566785559518651
13547	0.035734524484149474
10742	0.03596786559551985
3676	0.03716790559685322
8142	0.037334577819260646
8286	0.03766792226407546
10767	0.037667922264075476
2215	0.03770125670855695
8138	0.03813460448681623
1179	0.039001300043334776
4064	0.039001300043334776
6399	0.03920130671022368
8759	0.039334644488149606
4224	0.03936797893263109
11057	0.039367978932631095
3745	0.04063468782292742
6493	0.04063468782292742
12453	0.04063468782292742
1421	0.041034701156705225
12305	0.04226807560252008
3469	0.042334744491483056
13326	0.04236807893596453
154	0.04250141671389047
11561	0.042634754491816404
11040	0.04266808893629788
8976	0.042668088936297886
9752	0.04333477782592754
4666	0.0439681322710757
5148	0.043968132271075704
402	0.044001466715557186
4147	0.0440014667155572
12956	0.04403480116003867
5698	0.04433481116037201
211	0.04436814560485349
13330	0.04436814560485349
6377	0.045401513383779464
9869	0.04546818227274242
197	0.04550151671722391
964	0.04550151671722391
7673	0.045601520050668365
11576	0.045668188939631316
1599	0.04596819893996466
4524	0.04596819893996466
