1885	3.333444448147885e-05
2636	3.333444448147885e-05
3140	3.333444448147885e-05
4604	3.333444448147885e-05
4661	3.333444448147885e-05
4703	3.333444448147885e-05
4935	3.333444448147885e-05
5771	3.333444448147885e-05
6509	3.333444448147885e-05
7024	3.333444448147885e-05
7369	3.333444448147885e-05
7937	3.333444448147885e-05
9780	3.333444448147885e-05
9822	3.333444448147885e-05
9924	3.333444448147885e-05
10277	3.333444448147885e-05
10489	3.333444448147885e-05
10647	3.333444448147885e-05
5293	0.00016667222240741159
8774	0.00016667222240741159
12095	0.0004666822227407559
3617	0.0011667055568518915
877	0.0014667155571852393
7779	0.0016333877795926509
1891	0.0016667222240741332
11007	0.0016667222240741332
11343	0.0016667222240741332
10477	0.0016667222240741367
7360	0.002300076669222311
4887	0.0027000900030000954
10149	0.0031667722257408618
10165	0.0033001100036667876
159	0.003300110003666791
233	0.003300110003666791
391	0.003300110003666791
947	0.003300110003666791
1040	0.003300110003666791
1204	0.003300110003666791
1773	0.003300110003666791
1956	0.003300110003666791
2181	0.003300110003666791
2521	0.003300110003666791
2873	0.003300110003666791
3800	0.003300110003666791
4569	0.003300110003666791
6328	0.003300110003666791
8190	0.003300110003666791
9172	0.003300110003666791
9451	0.003300110003666791
11901	0.003300110003666791
12156	0.003300110003666791
1814	0.0033334444481482733
8674	0.0033334444481482733
11490	0.0033334444481482733
13468	0.0033334444481482733
13629	0.0033334444481482733
1002	0.003366778892629752
3758	0.003366778892629752
4159	0.003366778892629752
5396	0.003366778892629752
5722	0.003366778892629752
6076	0.003366778892629752
8081	0.003366778892629752
8221	0.003366778892629752
9022	0.003366778892629752
9344	0.003366778892629752
9547	0.0033667788926297557
2679	0.0035001166705556815
3797	0.0035001166705556815
7433	0.0035001166705556815
9644	0.0035001166705556815
10476	0.0035001166705556815
10834	0.0035001166705556815
10976	0.0035001166705556815
12140	0.0035001166705556815
12638	0.0035001166705556815
4536	0.0036334544484816177
7958	0.0037001233374445823
10928	0.0040334677822594055
11074	0.0040334677822594055
12280	0.004166805560185342
9492	0.004700156671889062
10688	0.004700156671889062
1725	0.0050001666722224065
8852	0.0050001666722224065
9402	0.0050001666722224065
9951	0.0050001666722224065
10299	0.0050001666722224065
13221	0.005200173339111307
4733	0.005933531117703922
13610	0.006166872229074298
7188	0.006500216673889128
8329	0.006500216673889128
9156	0.006566885562852093
13072	0.006566885562852093
13654	0.006633554451815061
208	0.006633554451815064
490	0.006633554451815064
2620	0.006633554451815064
5521	0.006633554451815064
