4051	0.000266675555851862
7878	0.000266675555851862
7973	0.000266675555851862
9977	0.000266675555851862
845	0.0003000100003333443
2982	0.0003000100003333443
4105	0.0003000100003333443
4605	0.0003000100003333443
7729	0.00033334444481482664
10088	0.0007000233341111373
8343	0.001033367778925964
5336	0.0011333711123704127
1509	0.001200040001333379
3527	0.001300043334777826
10888	0.002200073335777859
12216	0.002200073335777859
3858	0.0022334077802593413
7466	0.0022334077802593413
690	0.0022667422247408236
3651	0.0022667422247408236
8361	0.0022667422247408236
10642	0.0022667422247408236
5352	0.0025334177805926873
3555	0.0027334244474815847
7407	0.0027334244474815847
7391	0.0029000966698889963
6168	0.002966765558851961
9070	0.0030001000033334432
5751	0.0030667688922964096
6049	0.0030667688922964096
6223	0.0030667688922964096
6734	0.0030667688922964096
8419	0.0033334444481482733
10717	0.0033334444481482733
10974	0.0033334444481482733
7599	0.0034334477815927203
4026	0.0034667822260742026
4409	0.0034667822260742026
11170	0.0035334511150371672
13307	0.0035334511150371672
9729	0.0035667855595186513
1180	0.0036001200040001353
2364	0.0036001200040001353
4750	0.0036001200040001353
6075	0.0036001200040001353
6221	0.0036001200040001353
10934	0.0036001200040001353
11325	0.0036001200040001353
12098	0.0036001200040001353
4177	0.0036334544484816177
5402	0.0036334544484816177
6300	0.0036334544484816177
6862	0.0036334544484816177
6948	0.0036334544484816177
9592	0.0036334544484816177
1148	0.003700123337444579
3720	0.003700123337444579
6864	0.003700123337444579
8923	0.003700123337444579
9166	0.003700123337444579
12630	0.003700123337444579
13315	0.003700123337444579
126	0.0038001266708890293
198	0.0038001266708890293
1274	0.0038001266708890293
3322	0.0038001266708890293
5465	0.0038001266708890293
5718	0.0038001266708890293
8849	0.0038001266708890293
9679	0.0038001266708890293
13216	0.0038001266708890293
8204	0.0039334644488149585
8576	0.003966798893296443
1523	0.004000133337777927
4236	0.004000133337777927
5842	0.004033467782259409
7899	0.004533484449481651
2492	0.004800160005333511
2988	0.004800160005333511
4829	0.004800160005333511
6382	0.004800160005333511
7012	0.004800160005333511
7415	0.004800160005333511
7632	0.004800160005333511
9063	0.004800160005333511
11907	0.004800160005333511
12409	0.004800160005333511
13345	0.004800160005333511
13352	0.005233507783592787
11639	0.0052668422280742686
2802	0.005300176672555751
3311	0.005300176672555751
3775	0.005300176672555751
4259	0.005300176672555751
9975	0.005300176672555751
10782	0.005300176672555751
12120	0.005300176672555751
13053	0.005300176672555751
1034	0.005466848894963166
1395	0.005466848894963166
