2640	0.00036667888929630896
10757	0.0013667122237407889
13066	0.0015667188906296897
9578	0.0026334211140371343
12060	0.002866762225407514
403	0.0030334344478149255
7690	0.003500116670555685
2084	0.0036667888929630965
6389	0.0036667888929630965
7692	0.0036667888929630965
10409	0.0036667888929630965
12062	0.0036667888929630965
12161	0.0036667888929630965
1625	0.0036667888929631
33	0.003700123337444579
2082	0.003700123337444579
5117	0.003700123337444579
10438	0.003700123337444579
12184	0.003700123337444579
2021	0.0037001233374445823
5372	0.004300143338111271
4993	0.004366812227074236
11281	0.004633487782926098
4687	0.005033501116703889
3920	0.005333511117037233
4756	0.005333511117037233
8762	0.005966865562185408
7668	0.0061668722290743015
7713	0.006166872229074305
3936	0.006300210007000234
4450	0.006300210007000234
11085	0.006300210007000234
13139	0.006300210007000234
6118	0.006333544451481713
1307	0.006833561118703958
7137	0.006866895563185434
119	0.0069668988966298875
10907	0.0069668988966298875
1227	0.007000233341111366
2108	0.007000233341111366
4017	0.007000233341111366
7621	0.007000233341111366
12322	0.007000233341111366
2276	0.00700023334111137
3978	0.00700023334111137
6221	0.00700023334111137
12201	0.00700023334111137
681	0.007000233341111373
10373	0.007000233341111373
11398	0.007000233341111373
6172	0.007033567785592849
12639	0.007033567785592849
13404	0.007033567785592849
158	0.007033567785592852
1188	0.007033567785592852
4021	0.007033567785592852
4244	0.007033567785592852
8141	0.007033567785592852
11642	0.007033567785592852
12208	0.007033567785592852
386	0.007033567785592856
5352	0.007033567785592856
9682	0.007033567785592856
10445	0.007033567785592856
12279	0.007033567785592856
12337	0.007033567785592856
12356	0.007033567785592856
12914	0.007033567785592856
12229	0.007066902230074338
305	0.007133571119037299
12492	0.007133571119037299
1120	0.0071669055635187814
11242	0.007166905563518783
2354	0.007166905563518785
12348	0.007300243341444718
765	0.007666922230741027
9015	0.0077335911197039895
1509	0.0077669255641854736
1636	0.007933597786592889
3974	0.007966932231074371
5086	0.007966932231074371
723	0.008000266675555853
9337	0.008000266675555853
4627	0.008166938897963265
1422	0.00833361112037068
8687	0.008500283342778093
1365	0.008500283342778095
4078	0.008600286676222538
11425	0.00866695556518551
12223	0.008700290009666985
2813	0.008700290009666989
8958	0.008700290009666989
12620	0.008733624454148471
4692	0.008800293343111438
2274	0.008866962232074402
9882	0.008900296676555883
8170	0.009200306676889227
6032	0.00933364445481516
1257	0.009366978899296642
2104	0.009400313343778124
