22	0.039701323377445905
8967	0.04086802893429782
7724	0.04926830894363144
7785	0.0499349978332611
10519	0.04996833227774259
1149	0.050001666722224086
10598	0.052501750058335295
3242	0.053335111170372346
11443	0.053401780059335324
6285	0.054035134504483495
280	0.05663522117403915
2268	0.05710190339677988
6998	0.05810193673122438
2099	0.0584352811760392
9215	0.06330211007033568
3905	0.06340211340378012
7200	0.06663555451848396
10612	0.06663555451848396
4424	0.06830227674255807
7403	0.0692356411880396
8197	0.0731024367478916
747	0.07326910897029901
13034	0.07333577785926199
5105	0.07376912563752125
12434	0.07656921897396579
4419	0.07666922230741025
6043	0.07740258008600287
11428	0.07756925230841027
7723	0.0783026100870029
4224	0.08000266675555852
2347	0.08000266675555853
6341	0.08053601786726226
5069	0.08173605786859561
10679	0.08203606786892897
1445	0.08326944231474383
7566	0.08330277675922532
1563	0.08333611120370679
8920	0.08333611120370679
7535	0.08336944564818828
5384	0.08346944898163272
9810	0.08406946898229942
898	0.08630287676255875
278	0.0866028867628921
6994	0.0866028867628921
13436	0.08663622120737358
10822	0.08670289009633655
487	0.08743624787492918
5986	0.08830294343144773
7751	0.08830294343144773
10750	0.08866962232074405
3324	0.08993633121104036
11668	0.09000300010000334
9769	0.09076969232307744
13054	0.09326977565918865
3471	0.09330311010367014
7389	0.09330311010367014
11759	0.0933364445481516
9943	0.09333644454815163
7829	0.09343644788159608
5323	0.09550318343944798
5349	0.09653655121837396
6146	0.0966032201073369
310	0.09663655455181841
4957	0.09666988899629989
8609	0.09666988899629989
9657	0.09666988899629989
11413	0.09666988899629989
12167	0.09666988899629989
12082	0.09673655788526284
11692	0.09680322677422581
11621	0.09813660455348514
12205	0.09820327344244809
4252	0.09823660788692956
8754	0.09826994233141104
8591	0.09990333011100372
1279	0.09993666455548517
7830	0.09993666455548517
13114	0.0999366645554852
2017	0.09993666455548522
7	0.09996999899996667
555	0.09996999899996667
1111	0.09996999899996667
3640	0.09996999899996667
13144	0.09996999899996667
3375	0.10000333344444814
8045	0.10000333344444817
1305	0.1000700023334111
2094	0.1000700023334111
3673	0.1001033367778926
964	0.10013667122237407
6117	0.10013667122237407
7816	0.10163672122404083
4948	0.10263675455848528
557	0.10307010233674457
8579	0.10323677455915198
2398	0.10330344344811493
7673	0.10333677789259643
11292	0.10337011233707791
3189	0.10337011233707792
7015	0.10340344678155938
