7823	0.0004666822227407585
453	0.000633354445148171
2977	0.0009000300010000338
10430	0.0009000300010000338
12062	0.0010000333344444817
4017	0.0028667622254075135
5121	0.0028667622254075135
9561	0.002900096669888996
13118	0.002900096669888996
12492	0.0038001266708890284
8099	0.0038667955598519965
1625	0.0061668722290743015
41	0.006166872229074302
119	0.006166872229074302
279	0.006166872229074302
364	0.006166872229074302
429	0.006166872229074302
511	0.006166872229074302
522	0.006166872229074302
527	0.006166872229074302
618	0.006166872229074302
734	0.006166872229074302
846	0.006166872229074302
855	0.006166872229074302
919	0.006166872229074302
1160	0.006166872229074302
1199	0.006166872229074302
1214	0.006166872229074302
1216	0.006166872229074302
1227	0.006166872229074302
1257	0.006166872229074302
1378	0.006166872229074302
1416	0.006166872229074302
1505	0.006166872229074302
1579	0.006166872229074302
1591	0.006166872229074302
1592	0.006166872229074302
1605	0.006166872229074302
1787	0.006166872229074302
1834	0.006166872229074302
1859	0.006166872229074302
1911	0.006166872229074302
2025	0.006166872229074302
2108	0.006166872229074302
2171	0.006166872229074302
2382	0.006166872229074302
2442	0.006166872229074302
2446	0.006166872229074302
2447	0.006166872229074302
2477	0.006166872229074302
2496	0.006166872229074302
2594	0.006166872229074302
2600	0.006166872229074302
2711	0.006166872229074302
3082	0.006166872229074302
3220	0.006166872229074302
3366	0.006166872229074302
3388	0.006166872229074302
3623	0.006166872229074302
3781	0.006166872229074302
3794	0.006166872229074302
3995	0.006166872229074302
4078	0.006166872229074302
4079	0.006166872229074302
4137	0.006166872229074302
4146	0.006166872229074302
4185	0.006166872229074302
4226	0.006166872229074302
4236	0.006166872229074302
4274	0.006166872229074302
4322	0.006166872229074302
4465	0.006166872229074302
4545	0.006166872229074302
4551	0.006166872229074302
4656	0.006166872229074302
4740	0.006166872229074302
4768	0.006166872229074302
5130	0.006166872229074302
5219	0.006166872229074302
5244	0.006166872229074302
5265	0.006166872229074302
5371	0.006166872229074302
5549	0.006166872229074302
5612	0.006166872229074302
5702	0.006166872229074302
5721	0.006166872229074302
5804	0.006166872229074302
5870	0.006166872229074302
5900	0.006166872229074302
5925	0.006166872229074302
5930	0.006166872229074302
5955	0.006166872229074302
5957	0.006166872229074302
6008	0.006166872229074302
6061	0.006166872229074302
6121	0.006166872229074302
6188	0.006166872229074302
6258	0.006166872229074302
6389	0.006166872229074302
6660	0.006166872229074302
