632	0.00010000333344444869
927	0.00010000333344444869
2517	0.00010000333344444869
3491	0.00010000333344444869
3676	0.00010000333344444869
3863	0.00010000333344444869
4755	0.00010000333344444869
5519	0.00010000333344444869
5983	0.00010000333344444869
7901	0.00010000333344444869
8154	0.00010000333344444869
9140	0.00010000333344444869
9428	0.00010000333344444869
10845	0.00010000333344444869
11551	0.00010000333344444869
13071	0.00010000333344444869
13551	0.00010000333344444869
7879	0.000133337777925931
133	0.0002333411113703797
515	0.0002333411113703797
581	0.0002333411113703797
638	0.0002333411113703797
925	0.0002333411113703797
1387	0.0002333411113703797
1447	0.0002333411113703797
1511	0.0002333411113703797
1671	0.0002333411113703797
1801	0.0002333411113703797
1928	0.0002333411113703797
2687	0.0002333411113703797
2756	0.0002333411113703797
2843	0.0002333411113703797
2855	0.0002333411113703797
2891	0.0002333411113703797
3172	0.0002333411113703797
3177	0.0002333411113703797
3745	0.0002333411113703797
3795	0.0002333411113703797
3919	0.0002333411113703797
3950	0.0002333411113703797
4153	0.0002333411113703797
4168	0.0002333411113703797
4269	0.0002333411113703797
4329	0.0002333411113703797
4587	0.0002333411113703797
4730	0.0002333411113703797
4777	0.0002333411113703797
4957	0.0002333411113703797
4987	0.0002333411113703797
5150	0.0002333411113703797
5471	0.0002333411113703797
5763	0.0002333411113703797
5794	0.0002333411113703797
5795	0.0002333411113703797
5893	0.0002333411113703797
5938	0.0002333411113703797
6048	0.0002333411113703797
6072	0.0002333411113703797
6339	0.0002333411113703797
7522	0.0002333411113703797
7538	0.0002333411113703797
7868	0.0002333411113703797
8251	0.0002333411113703797
8626	0.0002333411113703797
8639	0.0002333411113703797
8820	0.0002333411113703797
9041	0.0002333411113703797
9150	0.0002333411113703797
9191	0.0002333411113703797
9744	0.0002333411113703797
9787	0.0002333411113703797
10152	0.0002333411113703797
10251	0.0002333411113703797
10296	0.0002333411113703797
10381	0.0002333411113703797
10462	0.0002333411113703797
10547	0.0002333411113703797
10670	0.0002333411113703797
10755	0.0002333411113703797
10945	0.0002333411113703797
10960	0.0002333411113703797
11056	0.0002333411113703797
11192	0.0002333411113703797
11342	0.0002333411113703797
11576	0.0002333411113703797
11591	0.0002333411113703797
11641	0.0002333411113703797
11668	0.0002333411113703797
11865	0.0002333411113703797
12077	0.0002333411113703797
12636	0.0002333411113703797
12807	0.0002333411113703797
12849	0.0002333411113703797
12850	0.0002333411113703797
13316	0.0002333411113703797
13467	0.0002333411113703797
280	0.000266675555851862
432	0.000266675555851862
614	0.000266675555851862
1843	0.000266675555851862
