2532	0.0015667188906296897
4009	0.0015667188906296897
6942	0.0015667188906296897
8729	0.0015667188906296897
12118	0.0015667188906296897
12981	0.0015667188906296897
4920	0.001600053335111165
5579	0.001600053335111165
7735	0.001600053335111165
12485	0.001600053335111165
10458	0.0033334444481482733
5903	0.004900163338777949
6087	0.0049334977832594384
7309	0.0049334977832594384
2202	0.004966832227740914
7904	0.005233507783592786
10873	0.008233607786926223
3976	0.008266942231407698
7732	0.008266942231407698
7774	0.008400280009333655
212	0.008433614453815144
10492	0.01146704890163007
2619	0.01156705223507451
6080	0.011600386679555985
7060	0.011600386679555985
196	0.011700390013000439
10670	0.011700390013000439
5194	0.011733724457481928
9146	0.011733724457481928
4362	0.011767058901963418
12144	0.014033801126704215
708	0.014933831127704245
2923	0.015067168905630202
4022	0.015067168905630202
8124	0.015067168905630202
9806	0.015067168905630202
13276	0.015067168905630202
1179	0.015100503350111691
2614	0.015100503350111691
3136	0.015100503350111691
4928	0.015100503350111691
5953	0.015100503350111691
7151	0.015100503350111691
7619	0.015100503350111691
8886	0.015100503350111691
10732	0.015100503350111691
12113	0.015100503350111691
6117	0.01523384112803762
7001	0.01523384112803762
1302	0.018100603353445127
1185	0.01823394113137103
1283	0.01823394113137103
3239	0.01823394113137103
8148	0.01823394113137103
8864	0.01823394113137103
11427	0.01823394113137103
11616	0.01823394113137103
12064	0.01823394113137103
12245	0.01823394113137103
12957	0.01823394113137103
13135	0.01823394113137103
60	0.018267275575852532
2060	0.018267275575852532
2899	0.018267275575852532
4038	0.018267275575852532
8997	0.018267275575852532
9134	0.018267275575852532
9568	0.018267275575852532
12632	0.018267275575852532
1291	0.018300610020334007
6265	0.018400613353778475
4115	0.018567285576185866
11629	0.020467348911630406
5000	0.02160072002400079
6105	0.02160072002400079
6938	0.021634054468482267
3013	0.024100803360112
11204	0.02453415113837129
10577	0.024900830027667575
1156	0.02493416447214905
2915	0.02493416447214905
11522	0.02493416447214905
695	0.025067502250075008
10948	0.025067502250075008
898	0.02546751558385281
402	0.026767558918630613
10360	0.028267608920297338
497	0.028300943364778813
575	0.028367612253741792
6104	0.02840094669822328
9531	0.02840094669822328
9565	0.02843428114270477
7598	0.030001000033334446
3613	0.031734391146371554
4207	0.031734391146371554
5069	0.031734391146371554
8874	0.031734391146371554
10679	0.031734391146371554
12925	0.031734391146371554
13321	0.031734391146371554
