12156	0.00033334444481482664
13274	0.020067335577852594
3010	0.023000766692223073
5498	0.029756509163460388
11490	0.03371138123779156
2181	0.033778160498326534
12967	0.03470015667188907
13110	0.03968972990292542
5232	0.039778360504993435
7363	0.04368997361227539
3041	0.04382375287648943
5941	0.048145306069845586
9007	0.05377882718721617
6755	0.05636865598975928
451	0.05644558274573479
13520	0.05650076853174929
8719	0.056980256086574144
2157	0.060412381639031204
4276	0.06061260681933545
12432	0.061489787675196764
4566	0.07322317655850516
10355	0.07322317655850516
12298	0.07322317655850516
2304	0.0733569558227192
10064	0.07710134484973359
1534	0.07715653063574807
8027	0.07718997545180159
4215	0.07825667767520904
9000	0.08055675434443135
9864	0.08155093575582957
12940	0.08331314499780985
1115	0.08399064361231218
2014	0.08647969425067792
7169	0.08661214013711274
8484	0.0872236432407279
2067	0.08994558458526102
4067	0.09055708768887616
7958	0.09094561791970548
10856	0.09197898569863146
2774	0.09382375287648943
9619	0.09382375287648943
8449	0.09385719769254296
7387	0.0951790923688538
10591	0.09559036583270726
11335	0.09641246681466865
2288	0.09644580125915014
4445	0.09657913903707607
2248	0.09663454779596335
6009	0.09727916237118721
2180	0.09816871376203067
12308	0.09966998899963334
11877	0.09997902940131452
5079	0.10061260681933548
159	0.10080157186956401
2759	0.10224599459892814
10450	0.10306932304655418
5021	0.10317969461858317
4661	0.10400123705349823
13299	0.10473041632045484
12219	0.1056015133614822
11006	0.10624612793670606
12504	0.10633565265999392
1408	0.10650243525397335
1195	0.10651291386412991
7279	0.10666799261201686
11610	0.10666799261201686
4862	0.10724616127115054
1311	0.10727949571563203
7201	0.10727949571563203
4159	0.1073346815016465
869	0.10831286349455799
12720	0.10831286349455799
10739	0.10902470550579112
990	0.11054616090324529
3966	0.11054616090324529
6975	0.11054616090324529
8194	0.11054616090324529
6415	0.11057960571929873
870	0.11057960571929881
11197	0.11057960571929881
9297	0.11071338498351285
3653	0.11336821595279488
3507	0.1138129364624306
7428	0.11407497418252852
6101	0.11502501142457258
13093	0.1156015133614822
11421	0.11699229327711148
1163	0.11730168040160983
13629	0.11735686618762432
7812	0.11831286349455798
3203	0.11980176373772104
5266	0.11983654639101123
7188	0.11989017359664499
11343	0.12065134724111765
10647	0.12085742434446814
5591	0.12090157743273719
233	0.12277481601672119
12132	0.12322484328072922
268	0.12328002906674372
4624	0.12328002906674372
