2489	0.012631412597750647
4947	0.012698081486713609
3104	0.015964857045898916
5005	0.018401949185909563
4551	0.01883529696416884
1362	0.018998291493713862
2021	0.019331635938528678
2058	0.020602022521687427
5408	0.020965023718121333
144	0.021070040576559305
11338	0.021634054468482267
11233	0.021992733704691014
468	0.022736762800633442
8052	0.02419846483282516
11398	0.02500083336111202
6553	0.025468851415983918
2412	0.02546885141598394
5201	0.0255021858604654
4134	0.025602189193909868
370	0.025898521501380792
12224	0.02593185594586226
12062	0.025965190390343743
2406	0.026504890859172098
4422	0.026738231970542474
6019	0.029183590930066963
7381	0.029265300394010513
9779	0.029265300394010527
13035	0.029265300394010527
9950	0.029265300394010534
9776	0.029265300394010554
1301	0.02929863483849201
2955	0.029298634838492037
10551	0.029331969282973512
7871	0.03005492291064253
4972	0.030435683643724825
12620	0.030801293867316254
1426	0.030965357062566132
4909	0.030998691507047628
13100	0.03220240920124344
3936	0.03256541039767734
1181	0.03259874484215882
12279	0.032665413731121744
7933	0.032665413731121765
12997	0.032665413731121765
7713	0.03279875150904772
12575	0.03289875484249217
793	0.03370245920291015
174	0.034011820028161305
163	0.03546918476042875
2104	0.03557185975813541
11675	0.03563585698283617
10568	0.035645207807753966
13063	0.035665513734455215
3937	0.03567854225223544
9594	0.03583586364972505
6971	0.03586552040134412
9021	0.03589885484582561
9625	0.035965523734788535
1579	0.035965523734788576
9076	0.03599885817927003
35	0.03599885817927006
8707	0.03606552706823299
2435	0.03667189642602434
9757	0.036698881513381174
2	0.037598911514381196
10424	0.03763224595886271
12360	0.03856928809720664
6110	0.03926563373845536
11420	0.03926563373845537
2168	0.039265633738455374
3951	0.03929896818293682
5013	0.03933230262741833
10348	0.039371986429024446
3967	0.0393989715163813
4108	0.04026566707289985
6061	0.04076568374012207
8958	0.04096569040701098
3908	0.04099902485149245
13379	0.04169904818560358
5365	0.04193606698983639
8931	0.04259907818660362
1233	0.042599078186603634
10409	0.04263241263108512
1625	0.042665747075566585
7692	0.042665747075566585
7926	0.042665747075566585
10545	0.042665747075566605
4611	0.042670760600560104
297	0.04269908152004807
8136	0.04276575040901103
7277	0.042799084853492535
10809	0.04296575707589992
5312	0.04373746282396756
12547	0.0441991315217148
12127	0.0443324692996407
5297	0.04500715784235796
13129	0.04516583041167778
11636	0.045768459439502
12461	0.045865853745788915
2743	0.04589918819027042
