8565	0.006738571310253041
8948	0.008533617787259577
5156	0.01400180251435386
6947	0.01410073718209341
1165	0.015461854250582625
7867	0.0155008464874204
11626	0.015535186960502064
13140	0.016121612152829583
11041	0.016167535377050055
7564	0.016667222240741356
4631	0.016671229737134717
1500	0.016936302294429238
6160	0.01713524029561323
9684	0.01713524029561323
11683	0.01713524029561323
2224	0.017467248908296946
10448	0.017741609653404565
12955	0.017900596686556212
10574	0.018046208780389317
8212	0.018188929340939554
10616	0.01863428426867978
9027	0.01866761871316126
12979	0.01876762204660571
467	0.01883529696416885
12425	0.019351580103992495
1654	0.01960065335511184
3981	0.019967332244408147
4611	0.020000666688889626
7968	0.020000666688889626
7267	0.02003400113337111
11313	0.020188414379570474
9939	0.020334340937235396
9748	0.0203343409372354
2996	0.020348627310342926
8769	0.020468684743761508
9847	0.02083536363305781
2602	0.02100838521258988
7683	0.021304717520060808
6267	0.02139756999710193
9633	0.0215047241869497
4786	0.021635390300613393
2052	0.021967728716828047
5264	0.021967728716828047
12917	0.021967728716828047
13612	0.021967728716828047
6088	0.021967728716828054
715	0.022034397605791012
801	0.02206740224674156
10007	0.022134400939235466
9042	0.022521715558763953
1598	0.02277174754107787
6390	0.022772281873930315
4273	0.02296776205127253
362	0.023334111137037896
6228	0.023334111137037896
7932	0.023334111137037896
13333	0.02336744558151939
1147	0.023467448914963836
597	0.023567782051939216
2984	0.02370212585846533
187	0.023702125858465338
2296	0.023835463636391253
8964	0.023835463636391253
3095	0.023835463636391257
9536	0.023835463636391257
372	0.02383546363639126
3585	0.023935466969835707
11318	0.024613094343241413
1371	0.024671496412690563
5928	0.024804834190616493
4232	0.024804834190616496
9559	0.024804834190616496
2061	0.024838168635097975
7023	0.02483816863509798
8051	0.02483816863509798
12096	0.024967498916630554
13145	0.024971506413023908
10345	0.025000833361112036
12360	0.025038175301986872
9595	0.025169910081355468
12501	0.025201169831531867
488	0.025251509610788724
9665	0.025300418963103248
9708	0.025301173164976314
7870	0.02530117316497632
10759	0.02530117316497632
9709	0.025434510942902253
1678	0.025555417173005097
1737	0.025767855387717073
55	0.02576993008202215
5006	0.02666755558518617
3069	0.026667555585186173
8493	0.02667321337754247
2225	0.026803722259290248
2114	0.026834557611124524
1493	0.026934560944568975
4637	0.02696789538905045
7332	0.027035570306613597
3685	0.027102239195576562
11290	0.027334574278346763
