755	3.333444448148232e-05
1416	3.333444448148232e-05
5367	3.333444448148232e-05
10430	3.333444448148232e-05
10804	3.333444448148232e-05
12195	3.333444448148232e-05
2126	6.666888896296463e-05
6309	6.666888896296463e-05
12397	6.666888896296463e-05
7621	0.0016333877795926544
1365	0.0018667288909630306
8701	0.003166772225740855
115	0.0033001100036667876
8141	0.003300110003666791
8901	0.003300110003666791
4146	0.0033334444481482733
9692	0.003366778892629752
998	0.0033667788926297557
5463	0.0033667788926297557
8302	0.0034001133371112345
4017	0.003500116670555685
1607	0.0035334511150371672
12914	0.004933497783259442
2870	0.0050001666722224065
83	0.005033501116703892
6120	0.005066835561185373
8781	0.005066835561185373
765	0.005666855561852067
11425	0.005833527784259471
6992	0.006500216673889128
8092	0.006633554451815061
11281	0.00666688889629654
5216	0.006666888896296543
7102	0.006666888896296543
1378	0.006666888896296547
9714	0.006666888896296547
7630	0.006700223340778022
10703	0.006700223340778022
11231	0.006700223340778022
1567	0.006700223340778027
6013	0.006700223340778027
3494	0.006733557785259504
11071	0.00673355778525951
4078	0.006833561118703958
8044	0.007166905563518792
8970	0.008366945564852164
6567	0.008400280009333645
8325	0.008400280009333645
2427	0.008500283342778095
9247	0.00920030667688923
846	0.00996699889996333
2407	0.00996699889996333
11775	0.00996699889996333
12431	0.00996699889996333
596	0.009966998899963336
2851	0.01000033334444481
527	0.010000333344444813
4342	0.010000333344444813
5314	0.010000333344444813
5353	0.010000333344444813
7257	0.010000333344444813
9898	0.010000333344444813
13047	0.010000333344444813
1592	0.01000033334444482
10613	0.01000033334444482
2455	0.010033667788926292
3988	0.010033667788926295
13109	0.010033667788926295
832	0.010033667788926299
2186	0.010033667788926299
3312	0.010033667788926299
5800	0.010033667788926299
8126	0.010033667788926299
12460	0.010033667788926299
52	0.010067002233407778
11648	0.010067002233407778
3098	0.010067002233407781
5220	0.010067002233407781
8125	0.01013367112237075
1558	0.01153371779059302
13004	0.011733724457481914
6077	0.011733724457481918
6322	0.011833727790926368
12213	0.012333744458148607
5539	0.013300443348111604
10880	0.013300443348111604
2890	0.01333377779259308
7215	0.013333777792593083
10939	0.013333777792593086
6118	0.013367112237074562
6152	0.013367112237074567
6172	0.013367112237074569
4032	0.01336711223707457
4493	0.01336711223707457
6550	0.01336711223707457
10085	0.01336711223707457
138	0.01340044668155605
1326	0.013400446681556053
6308	0.013400446681556053
11541	0.013400446681556053
