7314	0.06016867228907628
702	0.1401046701556719
5481	0.1430381012700423
286	0.15973865795526515
8714	0.16317210573685786
7055	0.2015400513350445
9814	0.20324010800360012
3956	0.21680722690756354
3101	0.21987399579985994
3255	0.2201740058001933
7631	0.2333077769258975
7934	0.24857495249841663
3104	0.26987566252208406
502	0.2699756658555285
3223	0.27154238474615827
10424	0.2799093303110103
887	0.28520950698356606
9824	0.2868095603186773
7880	0.2897763258775293
3457	0.2900430014333811
9746	0.29324310810360343
1166	0.2933431114370479
13026	0.2946764892163072
2253	0.30021000700023337
4047	0.3034434481149372
736	0.3035101170039001
10400	0.3198773292443081
26	0.3201773392446415
1202	0.32047734924497484
1335	0.3214773825794193
11630	0.3261775392513083
10604	0.3318777292576419
3233	0.3368112270409014
9122	0.3398446614887163
11226	0.3428780959365313
2878	0.3434781159371979
2934	0.3435114503816794
4417	0.34647821594053135
4179	0.3481449381646055
3155	0.348944964832161
13497	0.34981166038867956
10484	0.35154505150171667
5570	0.35201173372445743
9575	0.3565118837294576
2857	0.35844528150938365
13155	0.3609120304010134
8699	0.3631454381812727
9581	0.3633121104036801
12680	0.36481216040534686
4095	0.36654555151838397
12939	0.3703790126337545
2009	0.37137904596819893
9748	0.3731457715257175
30	0.37384579485982866
9843	0.37654588486282875
2058	0.3799126637554585
12072	0.38224607486916223
10061	0.3848128270942365
9708	0.3848461615387179
2244	0.38647954931831063
12975	0.38674622487416244
12493	0.38681289376312544
3938	0.38684622820760695
79	0.38984632821094034
2408	0.38987966265542184
7408	0.39001300043334775
13197	0.3901463382112737
10363	0.3918463948798293
10820	0.39491316377212576
6996	0.39651321710723686
10370	0.39654655155171836
1151	0.3968465615520517
7686	0.3972465748858295
12058	0.3997799926664222
1152	0.4013800460015334
8796	0.4014133804460148
4134	0.4030467682256075
6242	0.4031134371145705
9187	0.4032134404480149
80	0.4034801160038668
1366	0.4035134504483482
13138	0.40534684489482986
9685	0.4065135504516818
11420	0.40654688489616314
6264	0.406880229340978
723	0.40814693823127435
3967	0.4097469915663855
6074	0.4098136604553485
9648	0.41051368378945957
4950	0.4118470615687189
178	0.41234707823594113
7626	0.4132137737924597
1525	0.4133804460148671
13394	0.4135471182372746
7108	0.4141138037934597
4087	0.4141804726824228
121	0.4147804926830894
5631	0.4148804960165339
6971	0.4166138871295709
9523	0.4196806560218674
