2866	0.30611350813143046
4103	0.31279143418492994
13048	0.3198354761212219
4209	0.3400846248944084
3721	0.3529040265667719
6939	0.38458167557647677
5988	0.4118056543913784
7080	0.4139095985473763
12254	0.4435098126459287
10139	0.44810641848596733
7141	0.45300747371623645
12443	0.4598294413604199
4159	0.46970792002988726
6328	0.47456471403004397
7279	0.4760747989258505
10739	0.48738520826948417
11622	0.48766381287403004
7006	0.4878314895892294
9585	0.49935205086546364
2931	0.5028432497359723
6101	0.5049856890435924
13279	0.509675918963185
67	0.5125526079408891
5243	0.5185226898867643
7252	0.5294876206018462
5936	0.5396604446458138
7169	0.5417321714514229
8791	0.551200268548528
2034	0.553547147223748
5048	0.5562547335747312
8977	0.5601359967294339
1349	0.561396149102406
6542	0.5615431997120082
2545	0.5629227328759342
5987	0.5636313406656477
11285	0.5644548898564178
1252	0.5646026840805508
7526	0.5668805916718962
9706	0.5675526530928957
1438	0.5712067871604638
6076	0.572834545989883
9569	0.5730998837084982
10863	0.5765236321701247
11467	0.5780000470472761
12308	0.5803093770907192
7812	0.5814004937288322
10744	0.5879125290798433
3653	0.5902786057194103
9804	0.5929016585948628
7727	0.597646718658738
4276	0.5996661025824607
3738	0.6001817017088975
11782	0.6068819250496755
11343	0.6096296955717921
8674	0.6112820717212313
10836	0.6168605174241594
9864	0.6181624214675606
295	0.6187939152040853
4726	0.6229139187582731
2066	0.6295362130800124
3450	0.6300739679059536
5618	0.6335161461903802
3429	0.6362916222068049
5472	0.636447703217755
3073	0.6389522448964575
11755	0.6401278493006622
3066	0.6402163695311582
8382	0.6402163695311582
11090	0.6402163695311582
11768	0.6402163695311582
13641	0.6402163695311582
584	0.6420702975494947
1419	0.6431022171196119
4255	0.6467947381969589
2028	0.6468165895384919
6961	0.6497116905011662
10655	0.6501615170895886
5266	0.6506776078712099
4912	0.6511031571732435
13299	0.6519181720773078
8258	0.6519702942160502
11251	0.6531025504640567
6203	0.6532676618763547
7799	0.6536501506571958
12891	0.6536501506571958
4642	0.6598503573307515
9378	0.6601503673310849
12304	0.6609246618142567
10724	0.6613534932769777
9038	0.6627920640832955
7221	0.6629039920059765
6194	0.6630143635780055
5021	0.663235886012254
5204	0.6633171395568258
10450	0.6649796453638757
2049	0.6655122171853889
6931	0.6663696593676868
2951	0.6672642254184393
616	0.6685506473404186
7278	0.6699042253470879
