8922	0.07850513256102248
748	0.08637730062700202
4381	0.09184666532909591
8779	0.1015267594873708
2024	0.1030111884232619
10912	0.2053134475551701
7582	0.21206723662277216
3614	0.2159059369064923
478	0.22138180077700703
3234	0.23580904059485425
5103	0.24556835332666227
6111	0.2620689033449962
12563	0.2712025411329225
394	0.2714140764859877
9524	0.2714140764859877
13259	0.2865116740788634
9534	0.2942077125841302
2915	0.29477775045331706
4983	0.3046151831895445
6190	0.3046151831895445
8636	0.31006132489531624
818	0.32368248543295264
3060	0.32381582321087854
878	0.32384915765536004
1763	0.32433805445506464
5910	0.3289044645303691
8703	0.3289044645303691
7928	0.33037579030412123
11716	0.3307441484946773
2532	0.3316343731373855
6153	0.3331868923932685
559	0.3354209291253105
4290	0.33651100738997386
9541	0.33808296544895317
7118	0.3399300941058623
99	0.34116050828528666
8499	0.34289151357456155
1820	0.3500447918494558
6942	0.350744815183567
13030	0.350744815183567
12328	0.35077814962804843
863	0.35097660278403414
3102	0.3533115674086411
9597	0.3533115674086411
9867	0.3533449018531226
13013	0.3552623640913817
5945	0.35785003525274744
3075	0.35955318007455594
1578	0.36001179074941914
12252	0.3604138984926333
3028	0.362362472879075
558	0.36380845818550345
4045	0.3674120374243083
9546	0.3674453718687898
8960	0.3675787096467157
13014	0.37090671366194383
506	0.37141740993043587
12749	0.3765350899537322
3084	0.3804195967957842
169	0.3807741159506156
12285	0.3840792596650497
12947	0.3840792596650497
6175	0.38475185441191856
3189	0.38619672857019766
6026	0.3865126741121979
5762	0.3866460118901238
6914	0.3866460118901238
8693	0.3866460118901238
9872	0.3866460118901238
3949	0.3866793463346053
6436	0.3866793463346053
9459	0.3866793463346053
8716	0.38741270411319795
12363	0.39219680069000207
8959	0.39744637190212423
13716	0.3994952871594672
4925	0.40074648190579104
11319	0.4007798163502725
12245	0.40091315412819845
12104	0.4047518544119186
13264	0.4047518544119186
3520	0.4065768649311372
3943	0.4071852688590668
1262	0.4104960207268964
6027	0.41072192343518377
5049	0.41089194377758087
476	0.4109078248100933
361	0.41317897179381874
4270	0.41411359414286564
13323	0.4174137041465324
5940	0.41795229442658577
2281	0.4183632116877691
7954	0.4199327608614208
9535	0.42001379081608803
2098	0.4212190699857711
3174	0.4212524044302525
1514	0.42141907665265993
13078	0.4234886634585933
2047	0.4251139608217549
6845	0.42574731526690307
