1137	0.0007666922230741002
682	0.003300110003666789
8874	0.0035667855595186474
444	0.0063335444514817235
2348	0.006633554451815049
12189	0.006633554451815049
5306	0.006666888896296531
10469	0.006666888896296547
985	0.006666888896296552
3654	0.006666888896296552
5106	0.006666888896296552
8071	0.006666888896296552
10240	0.006666888896296552
11244	0.006666888896296552
7434	0.006700223340778013
4933	0.009966998899963336
10482	0.009966998899963336
10590	0.010033667788926282
2073	0.010033667788926297
5099	0.010867028900963353
1746	0.011700390013000425
825	0.01230041001366713
9670	0.01293376445881529
4148	0.01326710890363012
7070	0.01326710890363012
145	0.01333377779259307
11771	0.01333377779259307
12354	0.01333377779259307
11359	0.013367112237074577
11070	0.014933831127704264
1537	0.016600553351778406
7328	0.016600553351778406
7401	0.016600553351778406
7846	0.016600553351778406
8299	0.016600553351778406
7116	0.016633887796259884
1589	0.016667222240741346
7664	0.016667222240741353
7941	0.01666722224074136
4585	0.016667222240741367
2017	0.01670055668522282
10567	0.016700556685222828
6205	0.01673389112970433
11618	0.01673389112970433
11602	0.017633921130704337
12205	0.01843394779825995
12122	0.01986732891096371
11686	0.020000666688889626
13363	0.020000666688889626
9065	0.02000066668888963
520	0.0200340011333711
10696	0.020867362245408177
11688	0.023300776692556414
110	0.02333411113703789
1979	0.02333411113703789
12226	0.02333411113703789
4419	0.023400780026000875
4203	0.02346744891496382
6265	0.02450081669388981
3787	0.02660088669622321
12994	0.02660088669622321
7380	0.026634221140704687
638	0.026667555585186183
7184	0.026667555585186187
6935	0.026700890029667666
3480	0.026767558918630613
557	0.02680089336311209
12294	0.026934231141038045
12595	0.026967565585519528
88	0.028667622254075126
285	0.029567652255075155
5968	0.029934331144371485
5278	0.029967665588852953
6312	0.02996766558885296
4119	0.030001000033334432
9281	0.030001000033334436
1247	0.030001000033334446
12113	0.030034334477815925
278	0.03003433447781593
11324	0.030067668922297393
10822	0.03006766892229741
12214	0.03006766892229741
6341	0.03170105670189006
8130	0.03236774559151971
5961	0.03326777559251974
2490	0.03326777559251976
8580	0.03326777559251976
8925	0.03326777559251976
9039	0.03326777559251976
10851	0.03326777559251976
10925	0.03326777559251976
5162	0.03330111003700124
5996	0.03330111003700124
7788	0.03330111003700124
8728	0.03330111003700124
12999	0.03330111003700124
13455	0.03330111003700124
11419	0.03330111003700125
4170	0.033334444481482726
4038	0.03336777892596421
