3226	0.0048651785983335576
2853	0.0066725466886528376
6631	0.0070479167958050724
6646	0.008699975545835186
12083	0.01042563417221092
1113	0.011961737580026926
437	0.014375475028137599
10449	0.014375475028137599
7136	0.020012626540964997
861	0.02033770416626598
4953	0.02396748092188519
8218	0.02396748092188519
85	0.024000815366366692
1210	0.024000815366366692
3151	0.024000815366366692
4563	0.024000815366366692
4898	0.024000815366366692
5998	0.024000815366366692
9357	0.024000815366366692
9638	0.024000815366366692
10349	0.024000815366366692
10463	0.024000815366366692
13678	0.024000815366366692
6927	0.024134153144292594
9707	0.024134153144292594
6424	0.02584653142616099
10531	0.026134219813181616
10692	0.026280460834678304
1028	0.02730092537003345
5927	0.02730092537003345
8882	0.02730092537003345
2261	0.030767707596107665
2031	0.03230109204225587
7049	0.032877097743960665
10005	0.033396067887745684
9066	0.035505206208871584
10671	0.035505206208871584
12034	0.037301258714478286
12951	0.037301258714478286
8672	0.03746095265209742
9227	0.041009696168842286
12978	0.04700959705137647
803	0.04770991950962031
7767	0.04896831428299722
7581	0.05063503650707138
2142	0.051901745397367666
151	0.05396848095521964
5902	0.054640842976904705
847	0.0573352598478494
1186	0.0573352598478494
4145	0.0573352598478494
1239	0.05737360781732441
4535	0.057701938737145714
8670	0.05847563992440634
526	0.05850163560117034
4970	0.06102372117904306
6541	0.06692225221660347
6293	0.06896898097188683
4071	0.07174403736276198
13646	0.07393581319962775
13103	0.0751975392443288
8877	0.07560086978803986
7580	0.07653503573280004
13138	0.07880264209392426
4956	0.0791269655173522
108	0.08063603654040583
829	0.08101102954662151
10558	0.08104436399110301
12933	0.08200241896061566
12584	0.08222409806573519
10364	0.08400281543303559
3455	0.08432814488506371
10563	0.08451988473243878
12325	0.08580953925599205
3940	0.08730292543670234
6326	0.08820128980204035
8336	0.08820128980204035
1044	0.08966967099488762
1121	0.09066970432933211
4979	0.09066970432933211
8950	0.09066970432933211
12361	0.09066970432933211
4495	0.09104469733554785
5570	0.09396981433299892
8549	0.09473650655607299
7577	0.09764491734288136
1394	0.0977115862318444
1116	0.0980699510042213
548	0.09886202531609488
4318	0.09979240363348227
11604	0.10300360601939663
11267	0.10317012100988818
13284	0.10325533559507909
294	0.10354047759204688
8182	0.1040034821219252
150	0.1041368198998511
11614	0.10477017434499927
2887	0.10527019101222154
13249	0.10563686990151785
25	0.10727025768111045
