13480	0.0016333877795926509
342	0.005100170005666864
2225	0.011633721124037464
7867	0.011633721124037464
11639	0.011733724457481914
5402	0.011867062235407847
6075	0.01190039667988933
690	0.013100436681222705
12741	0.013233774459148636
8796	0.013267108903630118
2012	0.014467148904963496
4631	0.01490049668322278
9550	0.01500050001666722
7729	0.015667188906296873
3227	0.01660055335177839
13209	0.018233941131371046
11034	0.01823394113137105
4946	0.018300610020334007
6996	0.01830061002033401
4375	0.018333944464815493
4605	0.018333944464815493
11373	0.019933997799926665
10782	0.02006733557785259
336	0.021500716690556348
9679	0.021567385579519312
3685	0.0216007200240008
9124	0.021634054468482277
12106	0.02166738891296376
3260	0.02170072335744524
493	0.02170072335744525
1760	0.02170072335744525
3325	0.02170072335744525
8051	0.02170072335744525
9027	0.02170072335744525
11068	0.02170072335744525
12479	0.02170072335744525
9592	0.021734057801926724
464	0.02173405780192673
944	0.02173405780192673
1916	0.02173405780192673
2143	0.02173405780192673
2508	0.02173405780192673
2602	0.02173405780192673
3476	0.02173405780192673
3870	0.02173405780192673
4232	0.02173405780192673
4273	0.02173405780192673
4428	0.02173405780192673
4578	0.02173405780192673
5089	0.02173405780192673
5147	0.02173405780192673
5264	0.02173405780192673
6160	0.02173405780192673
6319	0.02173405780192673
6351	0.02173405780192673
6465	0.02173405780192673
7870	0.02173405780192673
8346	0.02173405780192673
8941	0.02173405780192673
9559	0.02173405780192673
9631	0.02173405780192673
9639	0.02173405780192673
9684	0.02173405780192673
9893	0.02173405780192673
10038	0.02173405780192673
10090	0.02173405780192673
11020	0.02173405780192673
11041	0.02173405780192673
11252	0.02173405780192673
11477	0.02173405780192673
11683	0.02173405780192673
12926	0.02173405780192673
13505	0.02173405780192673
13561	0.02173405780192673
13612	0.02173405780192673
4026	0.02183406113537118
7932	0.021867395579852657
2052	0.02186739557985266
13140	0.02186739557985266
1165	0.021900730024334143
13145	0.021900730024334143
975	0.022167405580186008
3651	0.023100770025667516
8361	0.023100770025667516
10642	0.023100770025667516
2332	0.023300776692556414
10369	0.023300776692556414
8565	0.023334111137037903
467	0.023367445581519385
2063	0.023367445581519385
3310	0.023367445581519385
5546	0.023367445581519385
9939	0.023367445581519385
11134	0.023367445581519385
8212	0.023467448914963832
2331	0.023867462248741627
6915	0.024134137804593486
7420	0.024200806693556457
7683	0.02480082669422314
1371	0.02483416113870462
