8010	0.000800026667555586
13501	0.0008333611120370666
12750	0.0012667088902963445
2639	0.0014333811127037552
5404	0.001933397779925997
5969	0.0020000666688889633
1558	0.002266742224740826
5944	0.002366745558185274
6370	0.0024667488916297227
10653	0.0024667488916297227
448	0.002566752225074168
1380	0.002566752225074168
12344	0.002566752225074168
7372	0.0026000866695556537
2055	0.002700090003000099
1289	0.0027000900030001006
8054	0.0030667688922964087
1330	0.0030667688922964113
2440	0.003100103336777892
4076	0.0031334377812593742
13224	0.003233441114703823
1304	0.0035001166705556867
4126	0.0035667855595186487
12528	0.00393346444881496
9765	0.004066802226740893
12345	0.004066802226740893
12600	0.004066802226740893
216	0.004100136671222375
3199	0.004100136671222375
7336	0.004100136671222375
9645	0.004100136671222375
10192	0.004100136671222375
10582	0.004100136671222375
11351	0.004100136671222375
945	0.004100136671222377
1689	0.004100136671222377
3344	0.004100136671222377
5052	0.004100136671222377
48	0.004133471115703858
8928	0.004133471115703858
725	0.004133471115703859
3646	0.004133471115703859
5307	0.004166805560185338
2950	0.004166805560185342
1523	0.004200140004666822
3332	0.004200140004666822
9083	0.004200140004666822
1818	0.004233474449148304
7206	0.004233474449148304
3438	0.004233474449148305
3710	0.004233474449148305
1481	0.004433481116037203
7836	0.004466815560518683
2313	0.004566818893963134
9440	0.0046334877829261
7288	0.004666822227407583
10900	0.0047334911163705445
3595	0.004766825560852027
5101	0.004766825560852027
9655	0.004766825560852027
4345	0.004800160005333509
13350	0.004833494449814994
609	0.004900163338777959
9932	0.004900163338777959
1720	0.00490016333877796
10102	0.004966832227740924
9390	0.005033501116703889
10999	0.005033501116703889
4671	0.005033501116703892
5446	0.005066835561185371
11303	0.005166838894629822
8972	0.005200173339111307
12991	0.005266842228074267
5510	0.0054001800060001996
12197	0.005600186672889099
9797	0.0056001866728890995
2208	0.0056335211173705775
1321	0.0057668588952965085
1395	0.005766858895296512
8033	0.005766858895296513
8732	0.005766858895296513
1939	0.005766858895296514
3948	0.005766858895296514
9690	0.005766858895296514
9743	0.005766858895296514
10241	0.005766858895296514
11677	0.005766858895296514
12774	0.005800193339777996
5350	0.005866862228740957
7970	0.005866862228740961
282	0.0059001966732224395
501	0.0059001966732224395
1326	0.0059001966732224395
2719	0.0059001966732224395
3307	0.0059001966732224395
5220	0.0059001966732224395
5715	0.0059001966732224395
7087	0.0059001966732224395
7368	0.0059001966732224395
11673	0.0059001966732224395
