5449	0.0
7404	0.0
7858	0.0
10863	0.0
12594	0.0
13347	0.0
738	0.0010033444816053526
4699	0.0013377926421404666
10554	0.0016722408026755842
12730	0.0016722408026755842
11365	0.0018729096989966547
6564	0.0019063545150501682
490	0.0033110367892976583
1543	0.0033110367892976583
1631	0.0033110367892976583
2254	0.0033110367892976583
4255	0.0033110367892976583
6272	0.0033110367892976583
6289	0.0033110367892976583
9861	0.0033110367892976583
10655	0.0033110367892976583
10938	0.0033110367892976583
11732	0.0033110367892976583
11755	0.0033110367892976583
12633	0.0033110367892976583
274	0.0033444816053511683
295	0.0033444816053511683
2457	0.0033444816053511683
3030	0.0033444816053511683
3304	0.0033444816053511683
3581	0.0033444816053511683
4209	0.0033444816053511683
4508	0.0033444816053511683
5731	0.0033444816053511683
6381	0.0033444816053511683
7034	0.0033444816053511683
7981	0.0033444816053511683
10836	0.0033444816053511683
11819	0.0033444816053511683
11989	0.0033444816053511683
12508	0.0033444816053511683
12716	0.0033444816053511683
13221	0.0033444816053511683
2422	0.003344481605351172
2561	0.003344481605351172
6076	0.003344481605351172
584	0.003377926421404682
6328	0.003377926421404682
7345	0.003377926421404682
9877	0.0034782608695652154
874	0.0049498327759197325
9129	0.005016722408026756
1438	0.0050501672240802695
5619	0.0050501672240802695
5832	0.0058862876254180616
12260	0.006020066889632105
3842	0.006588628762541807
6514	0.006655518394648828
1734	0.00668896321070234
2580	0.00668896321070234
5491	0.00668896321070234
10953	0.00668896321070234
853	0.006688963210702344
2629	0.006688963210702344
2837	0.006688963210702344
2931	0.006688963210702344
4726	0.006688963210702344
5472	0.006688963210702344
10779	0.006688963210702344
10834	0.006688963210702344
12350	0.006688963210702344
2286	0.006989966555183946
8526	0.00826086956521739
571	0.009163879598662206
5787	0.009163879598662206
6318	0.009163879598662206
8190	0.009163879598662206
1373	0.01003344481605351
2034	0.01003344481605351
2136	0.01003344481605351
2789	0.01003344481605351
4448	0.01003344481605351
5185	0.01003344481605351
10319	0.01003344481605351
10489	0.01003344481605351
11007	0.01003344481605351
6937	0.010033444816053512
7679	0.010066889632107025
9829	0.010668896321070234
8621	0.010836120401337792
6181	0.01173913043478261
7821	0.01173913043478261
1469	0.01237458193979933
2556	0.012508361204013376
9223	0.012508361204013376
5243	0.013076923076923076
1860	0.013244147157190637
4912	0.013244147157190637
6159	0.013244147157190637
6245	0.013244147157190637
