13221	0.0380680459694253
9861	0.0399346644888163
10655	0.0399346644888163
12633	0.0399346644888163
10836	0.03996810930486981
1769	0.039989739903258756
2457	0.040001443749351294
13607	0.04338996361194203
10554	0.044940239368068124
6963	0.045456588798221925
6318	0.045787507298180846
8190	0.045787507298180846
6328	0.04662362769951864
4508	0.04663499820116635
11298	0.04670144411725653
1438	0.04829586850219423
11365	0.04831871764733295
274	0.04993510820483314
10489	0.04999051696372042
387	0.050001554120923324
11435	0.050156855841683015
3521	0.05067045044199356
1652	0.051590236954386776
11007	0.051623904743313076
2401	0.051690240287831216
6937	0.05314580831624153
5449	0.05321270017807729
6076	0.053257071779761675
12594	0.05331270351152174
208	0.05332362806742388
2620	0.05332362806742388
5521	0.05332362806742388
6563	0.05332362806742388
9792	0.05332362806742388
10811	0.05334603572627449
156	0.05335696251190536
6211	0.053379370170755974
13347	0.05337937240048471
3030	0.05493527487705555
12280	0.0557903769590536
11746	0.05629039362627584
1825	0.0563570625152388
4335	0.056523734737646214
4371	0.056523734737646214
5509	0.056523734737646214
5688	0.056523734737646214
9377	0.056523734737646214
10172	0.056523734737646214
12856	0.056523734737646214
1814	0.05659029325503716
9547	0.056590403626609186
11755	0.05660188672955766
7034	0.05660199710112969
1110	0.05662362769951864
1441	0.05662362769951864
4620	0.05662362769951864
7221	0.05662362769951864
8855	0.05662362769951864
10921	0.05662362769951864
8674	0.05662373807109067
391	0.05665707251557215
617	0.05665707251557215
722	0.05665707251557215
913	0.05665707251557215
947	0.05665707251557215
1040	0.05665707251557215
1552	0.05665707251557215
1773	0.05665707251557215
1956	0.05665707251557215
2184	0.05665707251557215
2478	0.05665707251557215
2521	0.05665707251557215
2873	0.05665707251557215
3738	0.05665707251557215
3771	0.05665707251557215
3800	0.05665707251557215
4608	0.05665707251557215
4717	0.05665707251557215
5260	0.05665707251557215
5869	0.05665707251557215
5897	0.05665707251557215
6149	0.05665707251557215
6795	0.05665707251557215
6868	0.05665707251557215
7263	0.05665707251557215
7526	0.05665707251557215
8102	0.05665707251557215
8413	0.05665707251557215
8489	0.05665707251557215
8602	0.05665707251557215
9450	0.05665707251557215
9451	0.05665707251557215
10065	0.05665707251557215
10093	0.05665707251557215
10337	0.05665707251557215
11072	0.05665707251557215
11088	0.05665707251557215
11598	0.05665707251557215
11709	0.05665707251557215
11901	0.05665707251557215
