13306	0.019438365730034313
5097	0.025834901377616556
8731	0.03414210904088848
11894	0.03466852916520948
3776	0.03490612959970035
9814	0.035768565833098426
7823	0.036568592500654
2904	0.038235314724728166
3187	0.039968705837765246
1135	0.04180577797710922
12275	0.04246878917387645
8023	0.042835468063172774
246	0.04490220362102467
4041	0.045000541318807076
5137	0.04580223362202474
4629	0.04629663979429626
4468	0.04983570140428414
13619	0.04986903584876561
5681	0.049902370293247116
1370	0.05246912251832129
4790	0.05320248029691387
7205	0.0532024802969139
82	0.05504280573077814
9746	0.05576923252198806
9187	0.05580256696646955
207	0.05593590474439546
5083	0.05716894938667941
10400	0.05863967244025798
4087	0.05893600474772892
7186	0.05903600808117337
5081	0.059102676970136325
8057	0.0591360114146178
3686	0.05913601141461781
9906	0.05913601141461781
9009	0.059136011414617815
12259	0.06197311688840626
1299	0.062436121418284585
9589	0.062436121418284585
2875	0.06336782022810408
7706	0.0634097512956303
13047	0.06437052522681079
10503	0.06496920939534637
13122	0.06576956586643287
7633	0.06580290031091438
3852	0.0665029236450255
44	0.06698821420109896
3008	0.06769340829211955
8787	0.06916967920354411
8699	0.06920301364802559
5089	0.07200678467733257
5198	0.07230311698480349
11219	0.0725031236516924
9130	0.07306894507149421
148	0.07380283718293927
709	0.07483653476539619
286	0.07534022912548086
12086	0.07576989921087768
5740	0.07580323365535918
10617	0.07580323365535918
5294	0.0759365714332851
11378	0.077103276990137
12939	0.07720295052005052
740	0.07747421520255376
11399	0.07813653483455267
11336	0.0782966378308148
5146	0.07895639573306173
12550	0.07897000588110004
3338	0.07924862594932813
175	0.07977162020751384
8910	0.07987003588210007
1561	0.08059080488095371
20	0.08080340032758157
10484	0.08083673477206305
234	0.0809492642481418
1007	0.0824701225516557
11423	0.08319307617932475
7805	0.08323681477472983
121	0.08473686477639655
12296	0.08487254441505379
5206	0.08534056246992566
6955	0.08577023255532248
11543	0.08700327719760644
10681	0.08790330719860646
7213	0.08817265441872059
6099	0.08823698144695225
3619	0.08837725021226085
2112	0.08841058465674233
8169	0.08841058465674233
8780	0.08841058465674236
10495	0.08851560151518034
1235	0.08867400691807392
8743	0.08867400691807392
7225	0.08913701144795227
3288	0.08921061132429793
251	0.08987036922654487
4460	0.08993703811550785
9842	0.08993703811550785
68	0.09000769916116505
1136	0.09034072914214805
3693	0.09050339386816213
