10424	0.03170105670189007
3936	0.03666788892963101
4909	0.05173505783526118
10427	0.053401780059335324
8444	0.05666855561852063
5172	0.05670189006300211
13139	0.05986866228874299
9593	0.05996866562218742
694	0.06006866895563186
723	0.06173539117970599
8052	0.06486882896096538
6971	0.06660222007400249
11420	0.07000233341111373
370	0.07336911230374348
9945	0.07666922230741025
4134	0.07683589452981768
178	0.07913597119903999
2858	0.07993599786659557
9011	0.08173605786859564
5980	0.0866028867628921
2647	0.08660288676289213
3301	0.08670289009633654
3161	0.08750291676389216
2230	0.08996966565552186
2156	0.09000300010000335
13227	0.09166972232407748
2597	0.09310310343678119
3538	0.0932031067702257
7055	0.09503650121670723
2244	0.09666988899629989
3648	0.09670322344078136
8714	0.09673655788526286
6118	0.10007000233341112
3024	0.10160338677955935
1235	0.10333677789259642
1151	0.10340344678155938
3967	0.10350345011500384
1416	0.10637021234041136
9394	0.10667022234074472
7408	0.10983699456648557
7713	0.10987032901096705
10880	0.11000366678889298
12920	0.11003700123337445
7626	0.11010367012233743
10820	0.11160372012400413
3974	0.11173705790193007
1525	0.11187039567985597
6407	0.11313710457015233
3265	0.11333711123704122
5629	0.11333711123704122
879	0.11337044568152271
3920	0.11663722124070805
1256	0.11677055901863397
6259	0.11680389346311543
5631	0.11837061235374513
306	0.12003733457781929
4556	0.12173739124637488
7690	0.12280409346978233
7004	0.12303743458115272
2021	0.12337077902596753
174	0.1250041668055602
144	0.12507083569452315
1180	0.1255708523617454
4551	0.12660422014067135
468	0.12667088902963433
2489	0.12667088902963433
3937	0.12667088902963433
9532	0.1267042234741158
10568	0.1267042234741158
4179	0.12677089236307876
2058	0.12837094569818994
5408	0.1284042801426714
3104	0.1300043334777826
12062	0.1300043334777826
2892	0.13000433347778262
9581	0.13013767125570852
10972	0.1309376979232641
1362	0.1331044368145605
4422	0.13317110570352345
10551	0.13337111237041238
5283	0.13340444681489383
2104	0.13573785792859763
5005	0.13623787459581985
11398	0.1366045534851162
12279	0.13663788792959763
2406	0.13667122237407914
6074	0.13667122237407914
7933	0.1367045568185606
2435	0.13683789459648654
1426	0.13833794459815327
12914	0.1383379445981533
11312	0.13960465348844964
13063	0.13970465682189406
9625	0.13993799793326445
9400	0.13997133237774595
1579	0.14000466682222742
8161	0.14000466682222742
35	0.1400380012667089
7871	0.1400380012667089
8707	0.1400380012667089
