1113	0.09083291931156742
4953	0.1589690042998509
861	0.23641211760812678
85	0.23838261558887194
10005	0.24818750896004804
2031	0.24900533884433573
7136	0.2533507611393047
799	0.25525606553280444
10349	0.2583973801818502
3226	0.261598734165323
13113	0.2634391533048177
4956	0.269133012694832
7580	0.279179876395073
12978	0.2859927334293376
3151	0.2907400633351521
803	0.2940318285425012
6916	0.30414051001670817
10531	0.3075450555124092
9227	0.30906566300364996
1121	0.32234111670359766
5998	0.3240411733721533
9753	0.3264256540623961
3034	0.3269804426961175
10463	0.3297972418094295
10500	0.32982132922996454
5992	0.3299412654835313
9066	0.33123737520436203
829	0.332060636578614
7577	0.33382624759689017
151	0.33397483782763515
6541	0.33641720298639843
12584	0.3374202467396115
6424	0.3408293810981096
5927	0.34400850561656143
4723	0.34450448410799217
11	0.3446695728508594
548	0.35121666730084555
6646	0.3512750847099938
437	0.352367106385096
1394	0.3524004408295775
3506	0.3525337786075034
10517	0.35657392555041834
9707	0.35750895563156193
3688	0.3605090556348953
10630	0.36051603391968373
5902	0.3634338810340207
12055	0.3652675363994298
1482	0.3653533733232967
6631	0.365456887088668
4798	0.3666759125242706
10449	0.36903432862583735
64	0.37035560436964143
9832	0.37440276363753644
1124	0.3753345386328376
3077	0.37581017717900567
1335	0.37604290676326635
10692	0.37628915111820754
7030	0.3777457920368371
8825	0.37780636528334555
12353	0.378602320220623
4495	0.37906799641476363
2934	0.380509722323785
7767	0.38234311677026656
6303	0.38253875545783295
8827	0.38329567774665296
1352	0.3855626242082086
3168	0.3856593333354599
9005	0.38701325620760746
9638	0.38734328344248903
13104	0.3884625166412827
3675	0.38854069263925967
12265	0.388635123276492
177	0.38880999899967417
4535	0.39063760032889683
8218	0.3906433934461558
4563	0.3906767278906373
4898	0.3906767278906373
9357	0.3906767278906373
13678	0.3906767278906373
6927	0.3908100656685632
7736	0.3926818684805754
92	0.393137534719772
526	0.3935098258680324
1028	0.39397683789430404
12072	0.39478054225472203
12237	0.3951472211440184
13138	0.3954435534514893
8336	0.39807530892986437
12933	0.3987099992071437
13549	0.39905373664250104
12083	0.3992107362522631
1126	0.4014754222669756
7155	0.4016556417091536
10431	0.40352237060011664
108	0.4039438367942674
12951	0.4039438367942674
1186	0.4039771712387489
12034	0.4039771712387489
3504	0.4040105056832304
8950	0.4073772845758601
