5149	0.001033367778925964
658	0.006300210007000233
6091	0.006533551118370613
6164	0.006600220007333579
13044	0.006633554451815062
4484	0.006666888896296545
9141	0.006666888896296545
12985	0.0067002233407780255
1584	0.006700223340778027
9652	0.008366945564852162
13268	0.009500316677222575
95	0.009966998899963333
243	0.009966998899963333
261	0.009966998899963333
262	0.009966998899963333
263	0.009966998899963333
350	0.009966998899963333
377	0.009966998899963333
379	0.009966998899963333
382	0.009966998899963333
421	0.009966998899963333
554	0.009966998899963333
598	0.009966998899963333
648	0.009966998899963333
655	0.009966998899963333
656	0.009966998899963333
675	0.009966998899963333
677	0.009966998899963333
794	0.009966998899963333
943	0.009966998899963333
956	0.009966998899963333
972	0.009966998899963333
1020	0.009966998899963333
1027	0.009966998899963333
1099	0.009966998899963333
1220	0.009966998899963333
1221	0.009966998899963333
1434	0.009966998899963333
1596	0.009966998899963333
1640	0.009966998899963333
1922	0.009966998899963333
1950	0.009966998899963333
2000	0.009966998899963333
2175	0.009966998899963333
2201	0.009966998899963333
2213	0.009966998899963333
2214	0.009966998899963333
2259	0.009966998899963333
2321	0.009966998899963333
2399	0.009966998899963333
2420	0.009966998899963333
2560	0.009966998899963333
2635	0.009966998899963333
2693	0.009966998899963333
2941	0.009966998899963333
2969	0.009966998899963333
2974	0.009966998899963333
3127	0.009966998899963333
3171	0.009966998899963333
3200	0.009966998899963333
3224	0.009966998899963333
3237	0.009966998899963333
3384	0.009966998899963333
3431	0.009966998899963333
3541	0.009966998899963333
3592	0.009966998899963333
3645	0.009966998899963333
3729	0.009966998899963333
3768	0.009966998899963333
3796	0.009966998899963333
3825	0.009966998899963333
3826	0.009966998899963333
3848	0.009966998899963333
3856	0.009966998899963333
3970	0.009966998899963333
4074	0.009966998899963333
4077	0.009966998899963333
4144	0.009966998899963333
4176	0.009966998899963333
4250	0.009966998899963333
4291	0.009966998899963333
4299	0.009966998899963333
4305	0.009966998899963333
4313	0.009966998899963333
4321	0.009966998899963333
4330	0.009966998899963333
4400	0.009966998899963333
4401	0.009966998899963333
4478	0.009966998899963333
4479	0.009966998899963333
4658	0.009966998899963333
4694	0.009966998899963333
4782	0.009966998899963333
4840	0.009966998899963333
4853	0.009966998899963333
4869	0.009966998899963333
5033	0.009966998899963333
5039	0.009966998899963333
5064	0.009966998899963333
5187	0.009966998899963333
