5990	0.0662672861790073
7158	0.08435388395910857
13061	0.08496423184025667
7018	0.09701089851467934
7957	0.10061955192094978
7817	0.1139335297303272
72	0.11613987623774798
9179	0.11796959299136717
2330	0.11807600949938457
427	0.11822398097409784
1136	0.12056407124845718
1323	0.12446421271868259
9970	0.1254602270908418
10441	0.13436754419747612
7609	0.13446454606312735
7618	0.13740097864529105
10667	0.1378252096846604
3724	0.13972040251002
11261	0.1398063866367832
488	0.14007441165810364
4088	0.14082117744340902
10485	0.14086776087136527
8780	0.14113143495942393
11277	0.14215848235426187
4978	0.1491259723351692
8682	0.1500680675482545
3611	0.15053270882571876
13293	0.15126810754958792
8777	0.15176534261803754
4629	0.15863911798438876
13015	0.16240181200640308
1332	0.1635224844045242
2860	0.17076875757125526
4950	0.17246881423981086
6099	0.1774689809120333
6974	0.1813954653696983
9033	0.1845421563137505
2993	0.18764725991830794
12973	0.18903603314710776
9866	0.18910270203607077
1141	0.18913603648055224
7883	0.19080275870462637
4237	0.19109976723716648
4191	0.1911397808423036
4047	0.19410286870829313
11264	0.1944695475975895
5004	0.19743631315644145
3938	0.1975029820454044
8358	0.19876496766449026
248	0.1990697009360341
4198	0.20110010058161137
721	0.20133644316077492
8872	0.2023718229969012
12055	0.20770032058894497
13248	0.2081479799101537
4081	0.21064043086397097
13344	0.21201419764294227
3643	0.21237915293749915
1178	0.21289727646504963
5497	0.2133351775384466
1314	0.21360719642282294
8908	0.21410353539718277
7121	0.21410353539718283
4238	0.21504593216270973
8225	0.2157702576212569
6094	0.21597553143118856
619	0.21651293554536916
12418	0.2211674361594639
3659	0.2219741419876751
13136	0.22226148224679573
1150	0.2236008391407203
5464	0.2238075364341567
13549	0.22420101190282177
11269	0.22423720651955353
5265	0.22443421171864925
5308	0.2257705909657017
13094	0.2273706443008129
1457	0.22743731318977586
8711	0.22743731318977586
8948	0.23024315243103427
3686	0.23070408874896117
12129	0.23080409208240563
9309	0.23083742652688713
12442	0.2308617689230183
1545	0.2330708343071464
1303	0.23432554968129926
7175	0.2375376498676651
9727	0.2378013239557238
2112	0.2411014339593906
10808	0.2411014339593906
11347	0.2411747820090092
2122	0.24131376223959236
4027	0.2414749333048854
148	0.24213747340257882
2392	0.2422137467345088
1299	0.2424711476509246
13220	0.2440712009860357
9064	0.24493623090689226
1208	0.2449712309870358
564	0.24708049734649057
