5122	0.003433447781592725
12932	0.005133504450148341
1418	0.006633554451815063
8788	0.006666888896296545
10734	0.007033567785592854
2433	0.007500250008333613
5129	0.008133604453481788
7332	0.008133604453481788
11632	0.008133604453481788
18	0.008266942231407717
6100	0.008300276675889196
7113	0.008300276675889196
7267	0.008300276675889196
2386	0.0083002766758892
5006	0.008300276675889201
1112	0.008333611120370678
1576	0.008333611120370678
1618	0.008333611120370678
2296	0.008333611120370678
3007	0.008333611120370678
3095	0.008333611120370678
3211	0.008333611120370678
3784	0.008333611120370678
6199	0.008333611120370678
7274	0.008333611120370678
7968	0.008333611120370678
10444	0.008333611120370678
10543	0.008333611120370678
10584	0.008333611120370678
12665	0.008333611120370678
13190	0.008333611120370678
3683	0.00836694556485216
4443	0.00836694556485216
9781	0.008433614453815129
12495	0.008466948898296611
3003	0.008666955565185508
484	0.00993366445548185
8736	0.009933664455481854
11539	0.009966998899963336
7311	0.010000333344444808
183	0.01003366778892629
2717	0.010133671122370748
3250	0.01026700890029668
12955	0.01043368112270409
5359	0.010467015567185576
6482	0.0108003600120004
9548	0.010833694456481883
1795	0.011433714457148575
11649	0.011433714457148579
6102	0.011533717790593026
2571	0.011600386679555987
6233	0.01160038667955599
12297	0.01160038667955599
1683	0.01163372112403747
8859	0.011667055568518945
5392	0.011667055568518948
8439	0.011667055568518948
13036	0.01166705556851895
3812	0.011667055568518951
5347	0.011667055568518951
9915	0.011667055568518951
12425	0.011667055568518951
9821	0.011700390013000429
9668	0.011700390013000434
1603	0.01173372445748192
8418	0.011767058901963402
252	0.011833727790926363
11878	0.011833727790926363
10246	0.012000400013333778
1422	0.012900430014333815
8173	0.012967098903296777
4627	0.01306710223674123
9337	0.013233774459148641
5086	0.013267108903630124
1636	0.013300443348111606
12096	0.013300443348111606
2224	0.013600453348444943
7371	0.013700456681889397
55	0.01386712890429681
5044	0.01386712890429681
12139	0.01386712890429681
12348	0.013933797793259777
6193	0.014000466682222745
11463	0.01403380112670422
1307	0.014733824460815366
273	0.014767158905296842
305	0.014767158905296849
12492	0.014767158905296849
3978	0.014900496683222778
12201	0.014900496683222778
3684	0.01493383112770426
11085	0.01493383112770426
12208	0.01493383112770426
5241	0.014967165572185739
7625	0.014967165572185739
2276	0.014967165572185743
8913	0.015000500016667218
1266	0.015000500016667221
2574	0.015000500016667221
2671	0.015000500016667221
