12167	0.014467148904963503
8773	0.01776725890863029
197	0.01780059335311178
4261	0.01880062668755625
4509	0.019467315577185923
12403	0.02033401113370447
11409	0.020967365578852634
4948	0.021400713357111918
1279	0.02213407113570451
8976	0.02213407113570451
3375	0.022167405580185998
8920	0.022167405580185998
154	0.022300743358111927
964	0.022300743358111927
6399	0.022300743358111927
4104	0.024434147804926837
7	0.02446748224940832
414	0.025234174472482412
3469	0.02546751558385278
5323	0.026134204473482456
1421	0.02613420447348247
4713	0.02666755558518618
555	0.02776759225307511
1563	0.02776759225307511
8609	0.02776759225307511
9657	0.02776759225307511
11668	0.02776759225307511
5572	0.028834294476482537
10742	0.028834294476482544
5288	0.029534317810593666
7723	0.030534351145038156
1512	0.03210107003566784
7673	0.03216773892463081
12471	0.03266775559185305
10767	0.032801093369779016
1638	0.03363445448181607
4138	0.03383446114870495
7829	0.034301143371445714
4594	0.03430114337144572
5903	0.03443448114937164
9943	0.03443448114937164
10598	0.03443448114937164
11443	0.03443448114937164
5105	0.03443448114937165
7816	0.03443448114937166
13671	0.03443448114937166
1440	0.034467815593853146
5488	0.034467815593853146
8754	0.034467815593853146
7712	0.03530117670589022
5349	0.035367845594853155
7831	0.036101203373445793
7751	0.03613453781792727
10679	0.03623454115137173
3471	0.03713457115237173
9769	0.03713457115237173
6472	0.037267908930297675
2074	0.03870129004300142
1445	0.03880129337644586
11413	0.03883462782092735
2654	0.03896796559885329
10750	0.03906796893229775
11621	0.040468015600520005
4252	0.04050135004500148
12305	0.0411013700456682
12434	0.0411013700456682
1609	0.041101370045668204
11428	0.04350145004833496
8138	0.04380146004866828
1593	0.04383479449314976
4258	0.04433481116037201
1149	0.04443481449381646
2038	0.04443481449381646
6146	0.04443481449381646
6182	0.04443481449381646
7908	0.04443481449381646
9835	0.04443481449381646
12541	0.044468148938297945
4224	0.04446814893829796
11040	0.04446814893829796
2094	0.0445681522717424
726	0.046934897829927665
2877	0.047168238941298034
5384	0.04770159005300177
2923	0.047768258941964736
6994	0.04776825894196475
13436	0.047801593386446226
7015	0.04793493116437216
747	0.048801626720890674
11770	0.05010167005566852
1844	0.05046834894496482
2379	0.05106836894563153
3676	0.05106836894563153
5975	0.05106836894563153
8286	0.05106836894563153
11148	0.05106836894563153
12453	0.05106836894563153
13034	0.051101703390113
4201	0.05110170339011301
8045	0.05110170339011302
