945	0.0
1689	0.0
3344	0.0
725	3.333444448148232e-05
3646	3.333444448148232e-05
2950	6.666888896296463e-05
9440	0.0005333511117037231
7288	0.0005666855561852063
4671	0.0009333644454815153
8972	0.0011000366678889303
12197	0.0015000500016667216
9797	0.0015000500016667225
8033	0.0016667222240741358
8732	0.0016667222240741358
1939	0.0016667222240741367
3948	0.0016667222240741367
9690	0.0016667222240741367
9743	0.0016667222240741367
10241	0.0016667222240741367
11677	0.0016667222240741367
12774	0.001700056668555619
7970	0.0017667255575185836
416	0.002300076669222305
5312	0.0023000766692223076
6997	0.002333411113703791
12450	0.0023667455581852723
13115	0.0025000833361112015
7836	0.0029667655588519653
11303	0.0030667688922964113
1268	0.0032001066702223406
3303	0.0032001066702223406
7281	0.0032001066702223406
11536	0.0032001066702223406
10418	0.003233441114703822
6056	0.003233441114703823
11574	0.003233441114703823
4032	0.0033001100036667893
2186	0.00333344444814827
3540	0.00333344444814827
2092	0.0033334444481482716
2453	0.0033334444481482716
3251	0.0033334444481482716
7926	0.0033334444481482716
10004	0.0033334444481482716
13322	0.0033334444481482716
199	0.003333444448148272
634	0.003333444448148272
3415	0.003333444448148272
6337	0.003333444448148272
7166	0.003333444448148272
8022	0.003333444448148272
12268	0.003333444448148272
13463	0.003333444448148272
2101	0.003366778892629752
4606	0.003366778892629752
5207	0.003366778892629752
12426	0.003366778892629752
1197	0.003366778892629754
2775	0.003366778892629754
6152	0.003366778892629754
7496	0.003366778892629754
8970	0.003366778892629754
11666	0.003366778892629754
8010	0.0033667788926297557
1346	0.0034334477815927177
7079	0.003600120004000134
12750	0.003833461115370514
482	0.004100136671222377
1319	0.004133471115703858
9112	0.00416680556018534
9543	0.0042001400046668205
9827	0.004200140004666822
12627	0.004200140004666822
6545	0.004266808893629785
5494	0.004300143338111269
12302	0.00433347778259275
5969	0.004566818893963133
4337	0.004833494449814992
1558	0.004833494449814996
7372	0.004833494449814997
11764	0.004866828894296477
5944	0.004933497783259444
13501	0.004933497783259444
6370	0.004966832227740928
718	0.005000166672222405
220	0.0050001666722224065
1350	0.0050001666722224065
5007	0.0050001666722224065
5650	0.0050001666722224065
8883	0.005000166672222408
9811	0.005000166672222408
10305	0.005000166672222408
11468	0.005033501116703887
6107	0.005033501116703888
1114	0.005033501116703889
1277	0.005033501116703889
3817	0.005033501116703889
7733	0.005033501116703889
8847	0.005033501116703889
10653	0.005033501116703892
