8	0.809712765907168
754	1.242632687565174
5973	1.327015074178242
12980	1.3744586158139829
134	1.4570577496145467
2015	1.4681071926890994
11332	1.470812781288887
7594	1.4862352008846609
12053	1.5385600978729959
415	1.5423326073194632
7634	1.5460079286951491
2142	1.5697487106820742
64	1.5782494374565066
13284	1.5803877302087233
1113	1.60217020051337
4979	1.6832494489404346
1116	1.685833037941949
8685	1.699366735890131
7092	1.705677338135384
2261	1.7319083389034335
8877	1.7352480178323142
8794	1.749464907528757
420	1.7518682403965466
13103	1.7636013350172015
85	1.7662478468406877
8670	1.7745266999867249
4974	1.7746103023095465
7580	1.8025584909746548
12961	1.8169285330168299
6086	1.8186112289997698
4071	1.8231028564037928
4005	1.8282921780673558
45	1.831244983458252
12108	1.8319260230768388
5958	1.8344784245729557
10349	1.8799042046184553
151	1.8804132890684389
9008	1.8837652682326715
1232	1.894247083528254
1239	1.894358612668214
7575	1.9067808346532917
10441	1.90854756021081
7581	1.9162470471079152
3671	1.921781334669959
9691	1.9252481168960331
10350	1.9576329706935458
8770	1.9579101196840218
12061	1.9607017490864262
2022	1.9659782035860545
5040	1.9682828847216274
12984	1.970116279168109
5055	1.9735163925052202
13113	1.9741497469503684
12916	1.979562857215764
7078	1.9846871090993794
5908	1.992017009192443
11236	1.9945669969839428
2383	1.9975633860065127
1128	2.002654818011319
10376	2.0097337630667718
1129	2.0118176692144436
3935	2.026318152563889
2887	2.0346517636842596
12048	2.0385518936885925
5947	2.0416175039808806
177	2.0469188392534448
5231	2.0576525303764823
7576	2.0585192259330007
2016	2.0586055501518774
6264	2.0713987950733808
6598	2.0781532137325947
5937	2.0868535037422618
11267	2.1010873115358546
1343	2.101820669314447
8955	2.1219213393367813
13025	2.1223848452357177
3940	2.125154780451485
7736	2.1273357266077237
4900	2.1316085606277904
2031	2.136888504908967
7882	2.140654069679456
1360	2.1431553804714856
12923	2.1517556671477083
5943	2.15178900159219
9824	2.1535890615941895
1131	2.1586623648459593
7120	2.1587559004888197
5337	2.168556227166375
4949	2.1713229860583385
2934	2.1718896716145233
12058	2.1808875362107445
10340	2.1819263968604514
6955	2.1981604127970233
7144	2.2000113508496577
12939	2.2030903818456604
5902	2.2048719657866354
6977	2.205190781651525
12263	2.2101972977017468
8072	2.213257717216044
11226	2.2275915283430816
