3209	0.0
4309	0.0
6919	0.0
13448	0.0
13575	0.0
3243	3.333444448148275e-05
6201	3.344481605351002e-05
7859	0.002307250821404193
4233	0.003200106670222341
3528	0.003300110003666789
4709	0.003300110003666789
8630	0.003300110003666789
10166	0.003300110003666789
7026	0.0033444816053511683
10915	0.0033444816053511683
6536	0.004035895956844051
9623	0.0041445082729067535
7214	0.0043110701237421434
1478	0.0049389059902888634
1205	0.005875250468215158
10075	0.005953177257525078
595	0.006000200006666888
3680	0.006555183946488293
7512	0.006644591609017961
10168	0.006644591609017961
9075	0.00665551839464883
3970	0.006666888896296543
13176	0.006666888896296543
7112	0.00667792605349944
346	0.00668896321070234
603	0.00668896321070234
1452	0.00668896321070234
1485	0.00668896321070234
2998	0.00668896321070234
3080	0.00668896321070234
3275	0.00668896321070234
3348	0.00668896321070234
3409	0.00668896321070234
3952	0.00668896321070234
4246	0.00668896321070234
4459	0.00668896321070234
4794	0.00668896321070234
5202	0.00668896321070234
5485	0.00668896321070234
5797	0.00668896321070234
5979	0.00668896321070234
7669	0.00668896321070234
8317	0.00668896321070234
8347	0.00668896321070234
9181	0.00668896321070234
9210	0.00668896321070234
9263	0.00668896321070234
9270	0.00668896321070234
10051	0.00668896321070234
10095	0.00668896321070234
10361	0.00668896321070234
10390	0.00668896321070234
11345	0.00668896321070234
11491	0.00668896321070234
12175	0.00668896321070234
12459	0.00668896321070234
12468	0.00668896321070234
12502	0.00668896321070234
13446	0.00668896321070234
8004	0.006688963210702344
11339	0.006688963210702344
841	0.0067002233407780255
5623	0.0067002233407780255
8091	0.00672240802675585
12982	0.007022307655517167
995	0.007022307655517168
8158	0.007022307655517168
1655	0.007123745819397995
11473	0.007344614943129095
4069	0.007555658767220891
12052	0.007555658767220891
12215	0.007555658767220891
5467	0.007748270538783844
12946	0.00805567543444313
7452	0.008355685434776477
10544	0.008355685434776477
2704	0.008377982722055062
10552	0.00838901987925796
4725	0.008684725388282176
659	0.008689029879591303
2057	0.008689029879591303
9643	0.008689029879591303
12456	0.00928662170567335
4971	0.009355718769220957
12068	0.009455722102665405
12953	0.009689063214035789
4618	0.009778029390277332
3254	0.009855293950155082
4523	0.009888628394636565
3774	0.00988906988092468
4280	0.00988906988092468
9127	0.009889069880924684
287	0.00998907321436913
1011	0.00998907321436913
1066	0.00998907321436913
