4005	0.03320110670355679
5902	0.11847061568718958
239	0.13830461015367176
9523	0.14483816127204246
7634	0.14843828127604253
3959	0.1649388312943765
7049	0.1650055001833395
12061	0.17337244574819163
2944	0.17503916797226576
1444	0.1836727890929698
6965	0.1849728324277476
13025	0.1949731657721924
8794	0.20494016467215578
12996	0.20504016800560018
829	0.20830694356478546
94	0.2083069435647855
6983	0.20840694689822994
2887	0.21334044468148938
2859	0.2138737957931931
11378	0.21440714690489682
64	0.2183072769092303
2261	0.22167405580186006
11689	0.22277409246974902
10400	0.22500750025000832
10558	0.22517417247241575
2853	0.231541051368379
5055	0.233341111370379
3956	0.24167472249074967
9538	0.24170805693523117
4976	0.24497483249441648
251	0.2457081902730091
7600	0.2462748758291943
5481	0.24790826360878698
5291	0.24830827694256474
7579	0.2483082769425648
7493	0.24834161138704625
805	0.24854161805393513
10397	0.24870829027634256
2403	0.24930831027700923
5040	0.2515750525017501
5097	0.25164172139071306
6264	0.25170839027967595
10389	0.2528417613920464
9295	0.25497516583886126
13143	0.2561085369512317
13284	0.2566752225074169
10005	0.2580086002866762
5952	0.2582752758425281
1210	0.2583419447314911
4001	0.2583419447314911
6094	0.2583419447314911
12288	0.2583419447314911
8872	0.2585086169538985
1140	0.26167538917963934
12263	0.26167538917963934
4629	0.2646421547384913
5908	0.26817560585352845
10429	0.2682756091869729
7736	0.26964232141071365
6342	0.2716423880796027
10349	0.2716757225240841
8955	0.2717090569685656
10350	0.2734424480816027
7078	0.27500916697223243
10347	0.27500916697223243
10502	0.2750425014167139
269	0.27537584586152875
5146	0.27837594586486214
9926	0.2794093136437881
5394	0.281609386979566
3233	0.28170939031301045
11264	0.28494283142771426
2031	0.2850095003166772
13306	0.28510950365012167
10518	0.2882429414313811
5281	0.2882762758758626
9638	0.28834294476482547
12984	0.28834294476482547
3077	0.2884096136537884
9033	0.29040968032267744
8882	0.2916430547684923
5958	0.29170972365745523
3671	0.2917097236574553
2424	0.29204306810227004
7030	0.2924764158805293
7092	0.29324310810360343
12075	0.29374312477082565
11500	0.29667655588519615
5337	0.3014767158905297
151	0.30167672255741856
740	0.301776725890863
10667	0.30234341144704824
10671	0.3049101636721224
4932	0.3049768325610853
13278	0.3049768325610853
8778	0.3050101670055668
3267	0.306676889229641
4087	0.3068435614520484
2883	0.30834361145371514
3619	0.30834361145371514
