145	0.0
3569	0.0
6068	0.0
6535	0.0
6994	0.0
8087	0.0
8299	0.0
9875	0.0
10710	0.0
12225	0.0
3005	3.333444448147885e-05
7587	3.333444448147885e-05
630	3.333444448148232e-05
696	3.333444448148232e-05
1125	3.333444448148232e-05
1159	3.333444448148232e-05
1339	3.333444448148232e-05
1390	3.333444448148232e-05
1511	3.333444448148232e-05
1554	3.333444448148232e-05
1717	3.333444448148232e-05
2177	3.333444448148232e-05
2189	3.333444448148232e-05
2308	3.333444448148232e-05
2318	3.333444448148232e-05
2458	3.333444448148232e-05
2475	3.333444448148232e-05
3156	3.333444448148232e-05
3641	3.333444448148232e-05
3672	3.333444448148232e-05
4119	3.333444448148232e-05
4201	3.333444448148232e-05
4224	3.333444448148232e-05
4594	3.333444448148232e-05
4888	3.333444448148232e-05
5018	3.333444448148232e-05
5105	3.333444448148232e-05
5145	3.333444448148232e-05
5271	3.333444448148232e-05
5680	3.333444448148232e-05
5961	3.333444448148232e-05
6135	3.333444448148232e-05
6380	3.333444448148232e-05
6452	3.333444448148232e-05
7456	3.333444448148232e-05
7831	3.333444448148232e-05
8292	3.333444448148232e-05
8394	3.333444448148232e-05
8821	3.333444448148232e-05
9077	3.333444448148232e-05
9177	3.333444448148232e-05
9626	3.333444448148232e-05
9667	3.333444448148232e-05
10188	3.333444448148232e-05
10307	3.333444448148232e-05
11040	3.333444448148232e-05
11070	3.333444448148232e-05
11178	3.333444448148232e-05
11329	3.333444448148232e-05
11361	3.333444448148232e-05
11367	3.333444448148232e-05
11849	3.333444448148232e-05
11943	3.333444448148232e-05
12082	3.333444448148232e-05
12305	3.333444448148232e-05
12351	3.333444448148232e-05
12819	3.333444448148232e-05
13547	3.333444448148232e-05
13695	3.333444448148232e-05
13703	3.333444448148232e-05
13745	3.333444448148232e-05
8313	0.00016667222240741159
4600	0.00016667222240741505
5603	0.00016667222240741505
6661	0.00016667222240741505
10175	0.00016667222240741505
12214	0.00016667222240741505
13087	0.00016667222240741505
2901	0.0006666888896296568
4677	0.0006666888896296568
2619	0.0008000266675555825
3009	0.0010333677789259657
3562	0.0014000466682222764
5304	0.0016333877795926509
8864	0.0016333877795926509
11753	0.0016333877795926509
2098	0.0016667222240741332
3961	0.0016667222240741332
5290	0.0016667222240741332
7454	0.0016667222240741332
9025	0.0016667222240741332
11202	0.0016667222240741332
12935	0.0016667222240741332
7194	0.0017000566685556155
3950	0.001700056668555619
13579	0.001700056668555619
8360	0.002500083336111205
9963	0.0025334177805926873
11061	0.0025334177805926873
5054	0.0031667722257408583
