376	0.0
549	0.0
1087	0.0
1183	0.0
1203	0.0
1680	0.0
1898	0.0
2201	0.0
2280	0.0
2303	0.0
2897	0.0
3999	0.0
4063	0.0
5354	0.0
6157	0.0
6547	0.0
8428	0.0
8668	0.0
8690	0.0
9226	0.0
9620	0.0
10552	0.0
10664	0.0
10917	0.0
11491	0.0
11583	0.0
13112	0.0
223	3.333444448148232e-05
574	3.333444448148232e-05
2090	3.333444448148232e-05
2425	3.333444448148232e-05
3046	3.333444448148232e-05
3253	3.333444448148232e-05
3906	3.333444448148232e-05
4431	3.333444448148232e-05
5965	3.333444448148232e-05
6201	3.333444448148232e-05
9127	3.333444448148232e-05
11276	3.333444448148232e-05
11682	3.333444448148232e-05
12093	3.333444448148232e-05
13205	3.333444448148232e-05
275	0.00013333777792592927
3774	0.00013333777792592927
7129	0.00013333777792592927
9332	0.00013333777792592927
209	0.0003666788892963055
4459	0.0003666788892963055
2124	0.0008000266675555825
11607	0.0011333711123704127
6091	0.0013000433347778312
4954	0.0016333877795926544
13102	0.0016333877795926544
1251	0.001700056668555619
4906	0.001700056668555619
12919	0.001700056668555619
1201	0.0017333911130371013
1450	0.0033334444481482664
10792	0.0033334444481482664
59	0.0033334444481482733
303	0.0033334444481482733
6243	0.0033334444481482733
7031	0.0033334444481482733
10913	0.0033334444481482733
11475	0.0033334444481482733
1410	0.0033667788926297557
4475	0.0033667788926297557
8824	0.0033667788926297557
5982	0.0034667822260742026
2130	0.004966832227740921
9784	0.005000166672222403
11664	0.005000166672222403
12329	0.005000166672222403
644	0.00666688889629654
1270	0.00666688889629654
1727	0.00666688889629654
1896	0.00666688889629654
2618	0.00666688889629654
3033	0.00666688889629654
3171	0.00666688889629654
4610	0.00666688889629654
5015	0.00666688889629654
5074	0.00666688889629654
5202	0.00666688889629654
8605	0.00666688889629654
8677	0.00666688889629654
9107	0.00666688889629654
9544	0.00666688889629654
9545	0.00666688889629654
9775	0.00666688889629654
9851	0.00666688889629654
9858	0.00666688889629654
11456	0.00666688889629654
11587	0.00666688889629654
12159	0.00666688889629654
2510	0.006700223340778029
2684	0.006700223340778029
4426	0.006700223340778029
9037	0.006700223340778029
8900	0.006800226674222476
