5305	0.0
182	0.001666722224074135
9138	0.003200106670222344
9123	0.00493349778325943
9690	0.005000166672222408
2080	0.006666888896296547
5014	0.006666888896296547
7772	0.006666888896296547
11781	0.006666888896296547
13322	0.006666888896296547
1257	0.006700223340778027
11321	0.006700223340778029
12987	0.006700223340778029
2967	0.006700223340778036
10565	0.006733557785259518
1190	0.006933564452148393
178	0.007533584452815097
13105	0.007933597786592897
606	0.008333611120370682
7160	0.008333611120370682
679	0.008366945564852173
10640	0.008366945564852173
12187	0.008366945564852173
5080	0.008400280009333653
7898	0.008400280009333653
2072	0.008433614453815115
12197	0.008500283342778097
7502	0.008600286676222538
4126	0.009000300010000337
9543	0.009133637787926268
12107	0.009966998899963317
13167	0.009966998899963329
12269	0.010000333344444804
65	0.010000333344444806
4460	0.010000333344444806
7308	0.010000333344444806
10048	0.010000333344444806
10872	0.010000333344444806
12447	0.010000333344444806
9766	0.010000333344444818
786	0.010000333344444825
9416	0.0100336677889263
2441	0.010033667788926308
7205	0.01003366778892631
13219	0.010133671122370737
11230	0.010133671122370746
7945	0.010333677789259645
10814	0.010500350011667063
9015	0.0110003666788893
2615	0.011633721124037452
3918	0.011633721124037471
3438	0.011667055568518941
5007	0.011667055568518941
10663	0.011667055568518941
11274	0.011667055568518941
7900	0.01166705556851896
8279	0.011700390013000423
9579	0.011700390013000423
1200	0.01170039001300043
5944	0.011733724457481907
1439	0.012300410013667114
6042	0.01250041668055601
966	0.012500416680556025
7980	0.013300443348111595
8399	0.01333377779259307
1192	0.013333777792593078
2291	0.013333777792593078
4565	0.013333777792593078
10956	0.013333777792593078
10962	0.013333777792593078
12382	0.013333777792593078
10373	0.013333777792593081
879	0.01333377779259309
1629	0.01333377779259309
6537	0.01333377779259309
8936	0.01333377779259309
10685	0.01333377779259309
453	0.013333777792593092
1367	0.013333777792593092
7620	0.013333777792593092
11417	0.013333777792593092
11514	0.013333777792593092
7253	0.013333777792593095
428	0.013367112237074574
5244	0.013367112237074574
7631	0.013367112237074574
10386	0.013367112237074574
10596	0.013367112237074574
11521	0.013367112237074574
12162	0.013367112237074574
12278	0.013367112237074574
2335	0.01336711223707458
3418	0.01336711223707458
11766	0.01336711223707458
621	0.013367112237074581
1405	0.013367112237074581
2868	0.013367112237074581
6479	0.013367112237074581
8444	0.013367112237074581
11737	0.013400446681556042
