6939	0.00016667222240740465
7727	0.003166772225740855
9378	0.003166772225740855
12927	0.003166772225740855
6961	0.00320010667022233
4642	0.0034667822260742165
2545	0.0035334511150371672
7661	0.0035334511150371672
6931	0.006500216673889142
7278	0.010567018900629999
666	0.015000500016667223
47	0.020167338911297045
8880	0.020167338911297045
2049	0.0210340344678156
4912	0.021500716690556365
9585	0.02633421114037135
7959	0.02813427114237141
1169	0.028734291143038104
2066	0.02980099336644554
3073	0.02980099336644554
4699	0.02980099336644554
5618	0.02980099336644554
5987	0.02980099336644554
6978	0.02980099336644554
2866	0.03016767225574185
5048	0.03016767225574185
5936	0.03016767225574185
6840	0.03353445114837161
3066	0.03650121670722359
4103	0.03650121670722359
8382	0.03650121670722359
10724	0.03650121670722359
11090	0.03650121670722359
11768	0.03650121670722359
13641	0.03650121670722359
259	0.0368345611520384
4209	0.0368345611520384
9038	0.0368345611520384
12254	0.0368345611520384
2034	0.03686789559651987
3498	0.03686789559651987
4601	0.03686789559651987
6194	0.03686789559651987
9129	0.03686789559651987
9235	0.03686789559651987
10863	0.03686789559651987
11223	0.03686789559651987
12731	0.03686789559651987
13287	0.03686789559651987
6360	0.0370012333744458
7080	0.0370012333744458
67	0.037234574485816185
11251	0.03983466115537185
6018	0.04016800560018666
1349	0.042334744491483056
3450	0.04646821560718689
9569	0.04646821560718689
2912	0.04650155005166837
2990	0.04650155005166837
7947	0.04650155005166837
11238	0.046834894496483204
7983	0.04686822894096468
7799	0.049934997833261136
12891	0.049934997833261136
36	0.050201673389112966
584	0.05233507783592786
58	0.05350178339277975
1656	0.053535117837261226
5030	0.053535117837261226
12327	0.053535117837261226
9826	0.053668455615187155
6809	0.0601686722890763
11285	0.06150205006833562
2951	0.06313543784792827
13048	0.06316877229240977
616	0.06483549451648388
57	0.06683556118537284
331	0.06683556118537284
11930	0.06686889562985432
7016	0.0701690056335211
89	0.0702023400780026
649	0.0702023400780026
7419	0.0702023400780026
9716	0.0702023400780026
11819	0.0702023400780026
1384	0.07033567785592851
12443	0.07033567785592851
2501	0.07536917897263243
6289	0.07603586786226207
9706	0.07683589452981765
12308	0.07686922897429913
11868	0.08016933897796594
6800	0.08353611787059569
9677	0.08353611787059569
7866	0.08683622787426247
9877	0.08683622787426247
12516	0.08683622787426247
2931	0.08686956231874395
5590	0.08686956231874395
9445	0.08686956231874395
