1110	0.010000333344444815
1441	0.010000333344444815
1769	0.010000333344444815
4620	0.010000333344444815
7221	0.010000333344444815
8855	0.010000333344444815
10921	0.010000333344444815
8050	0.010134112608658862
6937	0.013478152727721923
6480	0.015233841128037601
6963	0.015400513350445013
1814	0.016633887796259877
1438	0.01832809254176923
1281	0.01833394446481549
7369	0.020000666688889633
7937	0.020000666688889633
9822	0.020000666688889633
1204	0.020011703846092528
10852	0.020033778160498325
2457	0.020089186919385604
5293	0.020134004466815562
233	0.021371460431066774
5482	0.021667165940090972
10165	0.023300887064128452
5396	0.023334111137037906
5722	0.023334111137037906
11365	0.024638787848112215
2957	0.026467548918297272
8329	0.02646754891829728
10016	0.02663422114070469
12970	0.02663422114070469
13487	0.02663422114070469
6328	0.02666722224074136
2503	0.026667555585186173
9764	0.026667555585186173
9921	0.026667555585186173
10607	0.026667555585186173
13413	0.026667555585186173
9861	0.02668929655514716
10655	0.02668929655514716
12633	0.02668929655514716
490	0.02672263099962864
6291	0.02672274137120067
8904	0.02672274137120067
10836	0.02672274137120067
6159	0.02680133484940022
1860	0.026934672627326156
12505	0.02997870274605586
7779	0.02999536885343224
10176	0.030001000033334446
8675	0.03001203719053734
1904	0.030034444849387956
4196	0.030056296190920963
12102	0.030134337811260375
10834	0.030156412125666176
7188	0.030222968413328388
1685	0.030733693352766156
13221	0.031489566932052696
1891	0.031533720020321745
6318	0.0325421393645117
7024	0.03301070013370569
5472	0.033156512128999616
7679	0.03327870237815062
4508	0.033322961378534244
6015	0.03333444448148272
13319	0.03333444448148272
13629	0.03335629582301573
6076	0.03336755595309142
11298	0.03345607618358739
10001	0.03396790929820292
729	0.03486716446847001
7180	0.03496783226107537
8791	0.034967832261075374
8258	0.035767858928630956
3016	0.03577889608583385
12578	0.03583463818916595
10647	0.03658929545143143
228	0.03666788892963099
8525	0.03666788892963099
387	0.03675618618725418
3521	0.037425082508324416
5591	0.037545175697606854
7728	0.038233943361099774
12387	0.03880140374801791
8190	0.03920902826080825
9126	0.03983466115537185
2409	0.039911702742376806
2580	0.040000887432033685
7345	0.04000100003333445
9804	0.040001333377779266
742	0.040012147562109364
5449	0.04001214756210938
12350	0.04002340769218506
2561	0.04003444484938796
2930	0.040034778193832776
12592	0.04004548200659085
12594	0.04004548200659086
11343	0.04006214811396723
6211	0.04006733334812387
10811	0.04010066779260535
