8893	0.001505063526660265
8916	0.001505063526660265
54	0.0016717357490676696
801	0.0016717357490676696
4257	0.0016717357490676696
5645	0.0016717357490676696
12939	0.0017050701935491588
13344	0.001858462071449225
7173	0.002592087016468061
7018	0.0033923808504498776
5146	0.0035251842955233547
2993	0.003743484831913141
8777	0.004202701734418746
7493	0.0045094854902188765
11827	0.004542819934700366
9665	0.005238096910244187
187	0.005263164535211863
2984	0.005296498979693339
118	0.005334846949168354
26	0.005429836757619268
2921	0.005429836757619268
4229	0.005429836757619268
6002	0.005429836757619268
9064	0.005429836757619268
12472	0.005429836757619268
12058	0.005463171202100757
6267	0.00640208350542824
5497	0.007129893426174887
7002	0.007129893426174887
2149	0.007163227870656376
2414	0.0073855832008451
1312	0.007631245925528244
8493	0.008344282437720507
4611	0.008405293534327181
13166	0.008634956952835152
1332	0.009226285735645882
10345	0.010072015758401318
4915	0.010108289033571256
4982	0.010415072789371387
13061	0.010496672318804643
12963	0.010707774701385502
12391	0.010951944362021616
6390	0.01100020944697338
2956	0.011253714592828219
6348	0.011424866007376713
8948	0.011738737982475447
9970	0.011738737982475447
11277	0.011738737982475447
12158	0.011738737982475447
13333	0.011738737982475447
1500	0.011941149147200354
11402	0.012173421592865833
11337	0.012179079385222138
2132	0.01287451359268188
3915	0.013176126591572562
7226	0.013176126591572562
10212	0.013176126591572562
13184	0.013209461036054037
286	0.01320946103605405
9453	0.01320946103605405
8565	0.013367112237074569
2146	0.013515333358065184
488	0.013579440517276232
2305	0.013751346133697806
11626	0.013796782322471427
7341	0.014085806541623122
8742	0.01432656567582305
8828	0.01448923040183711
4082	0.014509818834663683
7508	0.014589343669791862
7957	0.014796815656915917
10869	0.01487618326012818
7043	0.015040183818273368
464	0.01507218243062372
3069	0.01507218243062372
11252	0.01507218243062372
4504	0.015339187790006521
2996	0.015386808607595531
11689	0.015405856678969486
883	0.015496838991027046
5156	0.015496838991027046
8769	0.015573534929977078
4629	0.01580079385064903
3975	0.01644279221624756
2061	0.0165762399286838
4688	0.016730213436841904
10174	0.016839237791673248
12323	0.016839237791673248
5001	0.016934227600124162
191	0.016972575569599177
441	0.016972575569599177
502	0.016972575569599177
891	0.016972575569599177
950	0.016972575569599177
1038	0.016972575569599177
1338	0.016972575569599177
2283	0.016972575569599177
2460	0.016972575569599177
2469	0.016972575569599177
2857	0.016972575569599177
