10836	0.1347366082771321
2028	0.15196135523358026
11755	0.158137498674705
3738	0.16532846747065483
8674	0.1674952063619512
10655	0.1681044975746683
2620	0.1686285774743216
6123	0.17526213192613668
5472	0.1779711597967424
10744	0.17977099682586967
8258	0.18059332078070386
8977	0.18195131810971177
295	0.18267153944150424
7221	0.18479346078537065
1890	0.1852624652705815
3393	0.1919626886113595
1438	0.19316625827326905
4196	0.1981492002910688
7705	0.19859624306317458
7526	0.19862957750765606
10647	0.21138242289235729
6076	0.2147946837915779
2357	0.21491631549368256
1779	0.2185969097520642
4245	0.22150505239806767
1211	0.22193035420021248
3429	0.2248499799491644
7812	0.22662740708971238
5528	0.2285863163108781
8791	0.22979496083537237
9861	0.231406607645004
3785	0.2319306875446573
10935	0.23481697884912772
13468	0.23859757644095386
6101	0.23988225805966104
3653	0.2408056957528462
2931	0.24807349654130056
9804	0.24812890530018783
3512	0.26121741739217397
12967	0.26463859386171296
8050	0.26799579272486346
2067	0.26829512934712096
12254	0.2686319109187698
9585	0.26938312436501505
12304	0.27055038846891327
9864	0.2766897781765524
7937	0.2781299053335223
5115	0.27824027690555125
4215	0.2799507018126914
6063	0.28101885224490764
11671	0.2819323542668814
10099	0.2848739417289383
2304	0.2850170958875887
11467	0.2866290738119365
13732	0.2919326876113262
10993	0.29643283761632633
11782	0.29689951983906715
837	0.2985995765076227
11746	0.29979961650895615
4624	0.30156290493964066
2345	0.3050997931815118
9172	0.3052997998484007
11365	0.3067928942113009
2034	0.30798697637747346
3421	0.3102332976316602
4726	0.3113756066116362
11343	0.31155849899567445
3236	0.31320810916662667
5019	0.3143415906505691
7252	0.31805264523310195
13279	0.31820827583884903
3770	0.32208943308143717
13373	0.3237670820911422
2580	0.3246319013309362
13093	0.3248752751067176
7763	0.32523379764832744
13012	0.325256205307178
387	0.3252785025944566
11298	0.3252785025944566
3521	0.3259473989155269
2315	0.3264005032051793
7361	0.32690051987240154
4874	0.3279338876513275
4448	0.3279543086218816
1373	0.3279876430663631
4508	0.32804305182525034
1652	0.32843390431854974
6211	0.3285896497553263
10811	0.3286229841998078
6318	0.3288905427282359
13029	0.3298201456213535
9081	0.32986728543125354
877	0.33006729209814245
643	0.33023396432054986
7348	0.33023396432054986
11195	0.33023396432054986
11285	0.3303858266847468
4159	0.33160872252040513
9423	0.33186735210014245
3289	0.33190068654462396
