18	0.0
1272	0.0
1295	0.0
1346	0.0
2571	0.0
8035	0.0
9579	0.0
11486	0.0
4627	3.333444448148232e-05
12623	3.333444448148232e-05
12297	0.00013333777792592927
10574	0.00022507429185656454
12348	0.0007000233341111356
2384	0.001130384984276353
10049	0.0011333711123704127
10918	0.001150439084250489
305	0.0012837768621764183
12360	0.001433381112703757
1388	0.0016171213069912484
5122	0.0016333877795926544
5928	0.0016667222240741367
1509	0.001700056668555619
4027	0.0018667288909630306
4993	0.0026334211140371343
4139	0.0032001066702223406
7269	0.0032001066702223406
10536	0.0033001100036667876
838	0.00333344444814827
867	0.00333344444814827
1416	0.00333344444814827
3344	0.00333344444814827
5419	0.00333344444814827
6930	0.00333344444814827
8033	0.00333344444814827
8732	0.00333344444814827
8859	0.00333344444814827
10415	0.00333344444814827
12401	0.00333344444814827
12932	0.00333344444814827
12998	0.00333344444814827
1162	0.0033334444481482733
11580	0.003366778892629752
2431	0.0035918531844863167
11313	0.003650522420361694
106	0.0037964489780266137
220	0.0037964489780266137
667	0.0037964489780266137
873	0.0037964489780266137
916	0.0037964489780266137
1023	0.0037964489780266137
1350	0.0037964489780266137
1595	0.0037964489780266137
1603	0.0037964489780266137
1854	0.0037964489780266137
1862	0.0037964489780266137
2101	0.0037964489780266137
2186	0.0037964489780266137
2250	0.0037964489780266137
2382	0.0037964489780266137
2460	0.0037964489780266137
3584	0.0037964489780266137
3658	0.0037964489780266137
3777	0.0037964489780266137
3978	0.0037964489780266137
4164	0.0037964489780266137
4534	0.0037964489780266137
4606	0.0037964489780266137
4761	0.0037964489780266137
4997	0.0037964489780266137
5007	0.0037964489780266137
5029	0.0037964489780266137
5207	0.0037964489780266137
5258	0.0037964489780266137
5650	0.0037964489780266137
6071	0.0037964489780266137
6335	0.0037964489780266137
6640	0.0037964489780266137
6956	0.0037964489780266137
7765	0.0037964489780266137
8245	0.0037964489780266137
9067	0.0037964489780266137
9139	0.0037964489780266137
9543	0.0037964489780266137
9580	0.0037964489780266137
10088	0.0037964489780266137
10089	0.0037964489780266137
10383	0.0037964489780266137
10467	0.0037964489780266137
10759	0.0037964489780266137
11328	0.0037964489780266137
11346	0.0037964489780266137
11373	0.0037964489780266137
11544	0.0037964489780266137
11560	0.0037964489780266137
11568	0.0037964489780266137
11766	0.0037964489780266137
12201	0.0037964489780266137
12208	0.0037964489780266137
12224	0.0037964489780266137
12341	0.0037964489780266137
