12329	0.02751140199656599
6421	0.04406724817248645
454	0.0548022682138457
4072	0.06403524041659805
4954	0.06564578351050945
1895	0.0784727038281432
8677	0.08591345909969571
13328	0.08671226053131537
11447	0.09573563711878466
1922	0.09740235934285879
4475	0.1107374660537737
6438	0.11398106135310417
10600	0.115214435798919
12959	0.11548044243615253
11441	0.11568376693938852
7156	0.12605441920527785
12953	0.12614746467022703
11272	0.12900341271130442
8129	0.1377044730922469
5648	0.14494753504046565
542	0.14783792124174486
8722	0.15151608286608437
9361	0.152081106159503
405	0.15274824099487816
1369	0.15322618334769467
4049	0.1541375838503424
743	0.15431639917540177
9620	0.1546372560244762
6240	0.15801519359452448
5567	0.1639379105278983
11587	0.16485218292114753
4911	0.17070480275763927
4313	0.17418184285072602
5989	0.17451595766681635
2118	0.18087203129736432
9701	0.18107292093682942
11247	0.18418406143081023
4473	0.18440647575654975
9529	0.18737202499838065
2128	0.18748351143477354
12463	0.18917341391870252
59	0.19098428810503268
12242	0.19275101366255132
5500	0.20189457820277398
8485	0.20568411812166315
13081	0.2065850310952394
8698	0.20731794738754392
12239	0.20735072997416523
13304	0.20751628733220873
1727	0.20931845554272097
10913	0.21068428479388557
12093	0.2108741372761478
13400	0.21241745293404987
2425	0.21315379297481601
10917	0.2133181473942108
4610	0.2136954219544219
6091	0.21384101320657176
11291	0.2140731380009211
10754	0.21570652578051375
9102	0.21611901333165956
13102	0.21698438442931375
1410	0.21742932122263606
3171	0.21744058135271177
7129	0.2175739191306377
7031	0.218474167645053
1251	0.2189512270252933
2476	0.21905123035873775
1187	0.21932982604436868
275	0.21934042171528348
556	0.2204400168968843
4387	0.22071861258251532
13112	0.22078506295806294
3091	0.22087380616143168
223	0.22147382616209838
7589	0.22186335419653344
11570	0.22255156554270872
2041	0.22271878962297628
1292	0.2227739754089908
11513	0.22390657615008572
2897	0.22398472814199716
8450	0.2243746976627203
7718	0.2244187359199599
11502	0.22497890955339536
8668	0.2251520936985525
1452	0.22577330504104873
5202	0.22577330504104873
4431	0.22691098287445705
644	0.2270066794868636
4222	0.2271002834988591
11583	0.2273188325898489
3033	0.2273733583761599
6243	0.2273733583761599
2130	0.22758550814570072
1450	0.22848553814670075
9145	0.22859392971961942
13023	0.22881822259181211
2328	0.22887340837782663
7670	0.22887340837782663
12919	0.22900674615575256
10983	0.22901822925870108
