11631	0.25674189139638
4003	0.32127213674418087
7605	0.3381779392646421
695	0.3554451815060502
10473	0.359378645954865
4115	0.3955746134934058
7954	0.4036330540158467
5953	0.41222149543349557
7116	0.4157419524047028
693	0.4330425290905923
3941	0.4385601113328515
7001	0.44454291243670396
7735	0.4793107380308904
6095	0.47937740691985326
8680	0.48921630721024034
12144	0.49124970832361076
13264	0.49494983166105533
727	0.4955779469378538
1248	0.49747643789384177
5087	0.49988332944431485
4057	0.5284528352202937
6080	0.5356792836490776
6290	0.5526465158901522
4933	0.5530798636684116
1101	0.5535798803356338
12993	0.5590133947861154
1283	0.5623468392342637
12981	0.5686093100377978
10533	0.5827475192569311
143	0.5864528817627253
9565	0.5872810037064128
109	0.5922145014896723
6105	0.5990480626083763
5919	0.6064816437277467
5162	0.6123818404009693
2945	0.6126818504013027
6117	0.6133485392909322
13183	0.6157152848491175
13130	0.6171031717828749
5000	0.6197820870758585
2320	0.6201873395779858
1348	0.6216298446845503
12451	0.628115698196229
5444	0.6295653125544436
489	0.6311543718123938
2872	0.6328877629254309
10966	0.6343825737587481
7595	0.6348654514898924
7093	0.6356826170935257
9783	0.6376493493179333
2159	0.6409494593215999
1170	0.6489830604416373
1161	0.6518831571115263
2216	0.6590167282305637
438	0.6592167348974527
5192	0.6627168515680081
12189	0.6673503393509344
12155	0.6762892096403212
2240	0.6790507293639347
22	0.679484077142194
5984	0.679684083809083
12935	0.684250902703046
9769	0.6868176549281204
6987	0.6893177382642314
299	0.6897229907663588
836	0.6924178416010093
4940	0.6925511793789352
8693	0.6930511960461576
11279	0.6934564485482848
7315	0.6956846171601945
716	0.7030346504212613
355	0.706351639394269
325	0.7096517493979358
4957	0.712351839400936
8999	0.7123851738454174
4045	0.7170519960728251
8124	0.7257189516380106
12113	0.7263575452515083
6087	0.7306857838657514
2202	0.7322858372008626
13437	0.7346859172035293
9562	0.7356859505379738
5323	0.7368526560948256
10813	0.7391211761566056
9597	0.7403194383209001
7904	0.7404527760988259
7628	0.7460196283272336
169	0.7489813601753181
3136	0.7493530727753819
3976	0.7495530794422708
3	0.7507197849991225
2047	0.7517864872225299
7088	0.7522865038897522
2278	0.7573200050064561
12271	0.7573200050064561
7587	0.7590200616750118
10375	0.7598534227870488
11812	0.7622868372341971
13336	0.7623868405676415
4916	0.7624535094566045
