3267	0.08687604269752361
7736	0.1289167116014752
10453	0.1325621693889175
4908	0.15560526935615837
4900	0.1619859895635043
2040	0.16274490940135442
6934	0.17092221487070933
10502	0.1745219335953676
10401	0.18295594932852458
9567	0.18572270822048764
7634	0.1878238464171254
805	0.18894168632341998
10667	0.19034752610890127
6086	0.19092288155959894
7120	0.19278961045056195
4932	0.19425632600774723
9552	0.2008898804595623
94	0.20389332068952992
9832	0.20396592399129482
829	0.20898435735130358
834	0.2094568326913033
11604	0.2094568326913033
8776	0.21051774179745184
2878	0.21085687935952563
7030	0.21298218926727874
5385	0.21311552704520464
1139	0.21497189614696216
7581	0.22190031857171322
5146	0.22218479736597074
5909	0.22275727603941492
10350	0.22290401428662976
1298	0.22336552509250027
7038	0.2238515195900449
9030	0.2242239915966002
7064	0.22425732604108164
7771	0.22425732604108164
8028	0.22425732604108164
1482	0.22499585523654453
320	0.2252195927724549
164	0.22609072048756318
7706	0.22698358963044898
7155	0.22721599706087187
9033	0.23026680068718466
12075	0.2361243882764895
2910	0.23793415697783346
5908	0.23929116050223037
8950	0.23945783272463778
736	0.24095788272630453
9725	0.24159123717145267
1176	0.24225792606108235
11429	0.2433892783427358
8794	0.24340480954881155
13143	0.24348550738963817
10532	0.24362111041770795
8351	0.2438763873795228
6094	0.24400059181355552
887	0.24425799272997128
13220	0.2442913271744528
9577	0.24439545633774998
4238	0.24779715783676345
551	0.24796360963812394
4974	0.24805186283422065
8169	0.24855593977016371
11540	0.24869491580543357
4976	0.24909148717978627
1171	0.2542583260744161
4978	0.25467994632261454
2989	0.2558250449650458
10429	0.2560250516319347
10397	0.2563731416796068
1444	0.25642585056893097
7146	0.2571859640715276
13344	0.2573193018494535
8908	0.25755843607808293
12288	0.2575917705225644
816	0.25759177052256443
2314	0.25759177052256443
7610	0.25759177052256443
13197	0.25759177052256443
13549	0.2576435129503752
1154	0.2578251116339348
64	0.25898372265172487
9638	0.2594918338580089
10500	0.2594918338580089
374	0.25977450406931735
12996	0.2612523028488878
9642	0.2628494760156525
6965	0.2637833073016077
3233	0.2676254383114907
4949	0.26769210720045367
5992	0.2685233375757038
3248	0.26922549164660187
6264	0.2704380052184626
7158	0.2704864074196392
1732	0.2708588794261945
9604	0.27092554831515747
6977	0.2709588827596389
8358	0.2710138241185411
286	0.2710255516486019
10346	0.27115902393988467
