166	0.006633554451815061
270	0.006633554451815061
583	0.006633554451815061
589	0.006633554451815061
1297	0.006633554451815061
1519	0.006633554451815061
2380	0.006633554451815061
2856	0.006633554451815061
2986	0.006633554451815061
3097	0.006633554451815061
3099	0.006633554451815061
3240	0.006633554451815061
3558	0.006633554451815061
3566	0.006633554451815061
3767	0.006633554451815061
5211	0.006633554451815061
5329	0.006633554451815061
5422	0.006633554451815061
5770	0.006633554451815061
5912	0.006633554451815061
6150	0.006633554451815061
6913	0.006633554451815061
7966	0.006633554451815061
8467	0.006633554451815061
8725	0.006633554451815061
9507	0.006633554451815061
9642	0.006633554451815061
9862	0.006633554451815061
10066	0.006633554451815061
10167	0.006633554451815061
10224	0.006633554451815061
10437	0.006633554451815061
10512	0.006633554451815061
10849	0.006633554451815061
11346	0.006633554451815061
11369	0.006633554451815061
11647	0.006633554451815061
12121	0.006633554451815061
12124	0.006633554451815061
12251	0.006633554451815061
12442	0.006633554451815061
12588	0.006633554451815061
13220	0.006633554451815061
13394	0.006633554451815061
13498	0.006633554451815061
1400	0.00666688889629655
2013	0.00666688889629655
6057	0.00666688889629655
6665	0.00666688889629655
9691	0.00666688889629655
2871	0.00676689222974099
3934	0.00676689222974099
7635	0.00676689222974099
11239	0.0070002333411113594
805	0.007533584452815104
1140	0.009566985566185533
11331	0.00980032667755593
713	0.009933664455481845
2592	0.009933664455481845
3339	0.009933664455481845
7172	0.009933664455481845
8090	0.009933664455481845
8776	0.009933664455481845
12534	0.009933664455481845
13039	0.009933664455481845
374	0.009966998899963334
1241	0.009966998899963334
3394	0.009966998899963334
5308	0.009966998899963334
6369	0.009966998899963334
8805	0.009966998899963334
9661	0.009966998899963334
12300	0.009966998899963334
13286	0.009966998899963334
1127	0.010000333344444823
3887	0.010000333344444823
7613	0.010000333344444823
9030	0.010000333344444823
10950	0.010000333344444823
11221	0.010000333344444823
11592	0.010000333344444823
6417	0.010033667788926313
7100	0.010767025567518924
9635	0.011000366678889307
6944	0.012233741124704173
8775	0.013167105570185678
7930	0.013267108903630118
13162	0.013267108903630118
8676	0.013300443348111594
10354	0.013300443348111594
10447	0.013300443348111608
2077	0.013333777792593097
4172	0.013333777792593097
8069	0.013333777792593097
12765	0.013333777792593097
9641	0.01343378112603755
546	0.013467115570518998
383	0.013600453348444941
13053	0.01373379112637087
4096	0.014133804460148686
