8929	0.009200306676889225
6040	0.009233641121370708
12430	0.011933731124370812
10380	0.015767192239741323
758	0.01580052668422281
3947	0.015833861128704284
6350	0.01586719557318577
6045	0.01590053001766725
138	0.01743391446381546
10555	0.017467248908296935
13109	0.017467248908296942
2131	0.017500583352778418
12324	0.018200606686889567
11504	0.018333944464815486
6325	0.01930064335477849
52	0.020767358911963733
7965	0.02083402780092669
2962	0.02100070002333411
6310	0.02253408446948231
1103	0.02293409780326011
4297	0.02360078669288977
281	0.02400080002666755
755	0.024100803360112007
6013	0.024134137804593482
6077	0.024167472249074968
12995	0.02416747224907497
11300	0.024200806693556447
2427	0.02566752225074169
83	0.02580086002866762
2137	0.0258341944731491
6308	0.0258341944731491
13402	0.0258341944731491
4493	0.025867528917630583
11268	0.027567585586186202
11764	0.028434281142704756
4053	0.02896763225440848
1350	0.029167638921297374
5331	0.029167638921297374
8451	0.029434314477149233
718	0.02956765225507517
9714	0.030767692256408546
9898	0.030767692256408546
9692	0.030801026700890025
158	0.03080102670089003
8883	0.03080102670089003
10804	0.03080102670089003
6172	0.030801026700890032
8899	0.03086769558985299
416	0.03146771559051968
12213	0.03150105003500117
6074	0.032467748924964165
12914	0.03250108336944564
9830	0.03250108336944565
1365	0.03263442114737158
3609	0.034001133371112366
6257	0.034001133371112366
8701	0.034001133371112366
5401	0.03406780226007534
10004	0.034134471149038295
6152	0.0341344711490383
8901	0.0341344711490383
7923	0.034167805593519784
13222	0.034334477815927196
8367	0.03443448114937164
1120	0.03443448114937165
6042	0.035001166705556856
2165	0.03516783892796427
4078	0.035601186706223545
2025	0.035834527817593914
13463	0.035867862262075396
2186	0.0358678622620754
11400	0.0358678622620754
10422	0.035901196706556886
1813	0.03613453781792727
6300	0.036334544484816156
11425	0.03666788892963098
4017	0.03733457781926064
5314	0.037434581152705086
8141	0.03743458115270509
7630	0.03746791559718657
7125	0.03750125004166805
527	0.03750125004166806
448	0.03756791893063102
11241	0.03756791893063102
3984	0.03763458781959399
3679	0.03790126337544585
765	0.03850128337611254
9166	0.03910130337677922
10663	0.03910130337677922
11274	0.03910130337677922
774	0.03913463782126071
7980	0.03913463782126071
8847	0.03920130671022367
9645	0.03923464115470515
12345	0.039334644488149606
336	0.04010133671122371
1267	0.040668022267408906
12629	0.04066802226740891
6118	0.04080136004533484
12107	0.04080136004533485
