10679	0.02776759225307509
1440	0.029934331144371475
7724	0.030134337811260375
5323	0.03210107003566785
3905	0.03326777559251974
5903	0.03340111337044569
1149	0.03353445114837161
13436	0.03650121670722356
3375	0.036601220040668014
6117	0.03676789226307543
11443	0.03690123004100138
497	0.04013467115570519
12434	0.04016800560018668
7723	0.04156805226840894
4104	0.04326810893696457
9943	0.04353478449281644
12471	0.04403480116003867
6146	0.04646821560718689
7785	0.04673489116303876
12082	0.046734891163038764
10519	0.046768225607520246
6043	0.04726824227474249
9810	0.04753491783059436
1474	0.04800160005333513
7735	0.048468282276075865
1111	0.049834994499816654
3640	0.049834994499816654
2240	0.04983499449981666
6994	0.04986832894429813
2094	0.049934997833261094
4501	0.050168338944631484
5046	0.051268375612520435
4022	0.05230174339144638
8920	0.05326844228140937
1563	0.053268442281409374
7015	0.053268442281409374
6038	0.05340178005933532
4290	0.05476849228307609
8754	0.05486849561652053
836	0.0567352245074836
7389	0.05676855895196507
747	0.05680189339644654
2278	0.056801893396446576
11418	0.058135271175705855
7751	0.0582352745091503
13443	0.05873529117637255
3962	0.05876862562085406
4007	0.05966865562185407
2038	0.05980199339977997
9088	0.05993533117770592
11668	0.05993533117770592
9215	0.06010200340011333
11428	0.06083536117870596
4424	0.0617020567352245
88	0.06280209340311343
6973	0.06293543118103936
4249	0.06323544118137271
3673	0.0633021100703357
4009	0.06336877895929863
7829	0.06336877895929866
7830	0.06340211340378012
2074	0.06340211340378013
7315	0.06340211340378013
11324	0.06390213007100237
7309	0.06503550118337277
3655	0.06503550118337278
6512	0.06583552785092835
1566	0.06640221340711355
6182	0.06643554785159503
7908	0.06643554785159503
9835	0.06643554785159503
3969	0.06643554785159506
7644	0.06643554785159506
2458	0.06646888229607652
5349	0.06646888229607653
73	0.06650221674055802
6954	0.06650221674055803
5105	0.06660222007400246
8609	0.06660222007400246
9657	0.06660222007400246
12167	0.06660222007400246
12113	0.06660222007400247
11692	0.06673555785192839
8579	0.06676889229640988
1445	0.06680222674089135
7535	0.06690223007433582
12541	0.0669355645188173
6449	0.06820227340911364
12050	0.0683022767425581
10598	0.06933564452148405
13086	0.06963565452181739
22	0.06980232674422479
1279	0.06986899563318776
7	0.06990233007766924
555	0.06990233007766924
8045	0.06993566452215075
2923	0.07016900563352113
3242	0.07020234007800259
2099	0.0702356745224841
285	0.07040234674489151
