5141	0.004266808893629792
12096	0.005033501116703889
1307	0.006466882229407649
6008	0.006633554451815061
12170	0.006633554451815061
4275	0.00683356111870396
1266	0.007014849517749838
11649	0.007068238062205448
2574	0.007168241395649902
429	0.007266908896963235
1422	0.0074712375240773045
10734	0.009001635842131447
7240	0.010000333344444813
7968	0.010000333344444817
13317	0.010000333344444818
8790	0.010005346869438351
7267	0.010033667788926299
4331	0.010133671122370748
9781	0.010335013621390757
12492	0.01033501362139076
3682	0.010501685843798172
2276	0.010535020288279654
1257	0.010933697789926328
12955	0.012100403346778229
362	0.013333777792593086
6172	0.013333777792593086
7281	0.01346711557051902
4199	0.013600453348444952
3366	0.01380179584746496
1546	0.013835130291946442
2435	0.013835130291946442
2296	0.013835130291946445
8964	0.013835130291946445
3095	0.013835130291946447
4476	0.01400180251435386
9112	0.014033801126704227
12229	0.014253861893567253
5312	0.014367145571519052
2104	0.01480182918190944
2571	0.014837835290653162
5419	0.014837835290653165
12297	0.014837835290653165
9912	0.015031759766843632
10882	0.0152568340587002
2224	0.015267175572519082
8092	0.015300839820531506
8439	0.015300839820531506
4962	0.015334174265012985
252	0.01546751204293892
9759	0.01546751204293892
11878	0.01546751204293892
6305	0.015714180796222242
3007	0.01598827437490365
12425	0.016018135655844232
4627	0.016304550847838405
7922	0.01659618409414762
521	0.016633887796259877
10777	0.016633887796259877
2082	0.016667222240741356
453	0.01666722224074136
5006	0.01666722224074136
9582	0.01666722224074136
2144	0.016800560018667293
305	0.016854168432143535
5234	0.01687763305855386
12591	0.01700089648908712
7332	0.017035236962168784
9771	0.017071243070912505
2717	0.017167568711494538
8927	0.01716857474009472
12348	0.017171246404356952
7371	0.017334240933901957
13224	0.01760058668622288
3211	0.017669927239448078
11048	0.01770560354466086
1272	0.01800460751639402
12932	0.0180379419608755
1416	0.018137945294319953
6017	0.018167272242408085
838	0.018171279738801435
1683	0.018204614183282918
11303	0.018284877880585058
6370	0.018454001898234082
2870	0.0186009498241983
1576	0.018634284268679774
3648	0.018634284268679774
3784	0.018634284268679774
7265	0.018634284268679774
8125	0.018634284268679774
10444	0.018634284268679774
2671	0.01863428426867978
2946	0.01863428426867978
4591	0.01863428426867978
7933	0.01863428426867978
12200	0.01863428426867978
12420	0.01863428426867978
9595	0.018636358962984847
1233	0.018667618713161256
6100	0.018667618713161256
10694	0.018667618713161256
