3600	6.666888896296463e-05
4027	6.666888896296463e-05
4078	6.666888896296463e-05
11290	6.666888896296463e-05
12975	6.666888896296463e-05
2	0.00010000333344444695
1509	0.00010000333344444695
1583	0.00010000333344444695
3003	0.00010000333344444695
6279	0.00010000333344444695
7355	0.00010000333344444695
10424	0.00010000333344444695
10765	0.00010000333344444695
11539	0.00010000333344444695
13375	0.00010000333344444695
8736	0.00013333777792592927
12223	0.00013333777792592927
7547	0.00013333777792593274
3250	0.00020000666688889737
6032	0.000633354445148171
1422	0.0006666888896296533
6388	0.0006666888896296533
10049	0.0006666888896296533
1103	0.0007000233341111391
1206	0.0007333577785926214
1257	0.0008333611120370683
2104	0.0008333611120370683
4993	0.0008333611120370683
12302	0.0008333611120370683
524	0.000900030001000033
11848	0.000900030001000033
3252	0.0011000366678889303
12348	0.0011000366678889303
7557	0.0013000433347778277
1795	0.0013667122237407923
1120	0.0014000466682222747
1488	0.0014000466682222747
4139	0.0014000466682222747
7269	0.0014000466682222747
7635	0.0014000466682222747
477	0.0015333844461482074
606	0.0015333844461482074
713	0.0015333844461482074
774	0.0015333844461482074
839	0.0015333844461482074
1162	0.0015333844461482074
1227	0.0015333844461482074
1457	0.0015333844461482074
1743	0.0015333844461482074
1930	0.0015333844461482074
2084	0.0015333844461482074
2108	0.0015333844461482074
2141	0.0015333844461482074
2168	0.0015333844461482074
2273	0.0015333844461482074
2365	0.0015333844461482074
2926	0.0015333844461482074
3145	0.0015333844461482074
3596	0.0015333844461482074
4017	0.0015333844461482074
4456	0.0015333844461482074
4605	0.0015333844461482074
5006	0.0015333844461482074
6118	0.0015333844461482074
6145	0.0015333844461482074
6172	0.0015333844461482074
6193	0.0015333844461482074
6233	0.0015333844461482074
6236	0.0015333844461482074
6459	0.0015333844461482074
7564	0.0015333844461482074
7621	0.0015333844461482074
7870	0.0015333844461482074
8170	0.0015333844461482074
8361	0.0015333844461482074
8418	0.0015333844461482074
9132	0.0015333844461482074
9264	0.0015333844461482074
9288	0.0015333844461482074
9703	0.0015333844461482074
9925	0.0015333844461482074
10134	0.0015333844461482074
10530	0.0015333844461482074
10939	0.0015333844461482074
10996	0.0015333844461482074
11227	0.0015333844461482074
11265	0.0015333844461482074
12221	0.0015333844461482074
12322	0.0015333844461482074
12639	0.0015333844461482074
13017	0.0015333844461482074
13404	0.0015333844461482074
119	0.0015667188906296863
484	0.0015667188906296863
583	0.0015667188906296863
1625	0.0015667188906296863
3936	0.0015667188906296863
6390	0.0015667188906296863
11580	0.0015667188906296863
6391	0.0015667188906296897
