801	0.0
4257	0.0
5645	0.0
12939	3.3334444481489256e-05
8893	0.00016667222240740465
8916	0.00016667222240740465
13344	0.00018672632238155538
7173	0.000997047206350422
5240	0.0016717357490676696
7018	0.001720645101382208
5146	0.0018534485464556851
2993	0.0021484450217955017
8777	0.0025309659853510764
7493	0.002837749741151207
11827	0.002871084185632696
9665	0.003566361161176517
26	0.003834796947501629
2921	0.003834796947501629
4229	0.003834796947501629
6002	0.003834796947501629
9064	0.003834796947501629
12472	0.003834796947501629
12058	0.003868131391983118
2984	0.003968134725427558
187	0.004001469169909034
118	0.004006482694902573
5497	0.005534853616057248
7002	0.005534853616057248
2149	0.005568188060538737
2414	0.005790543390727461
6267	0.005930387757693962
8493	0.0066725466886528376
13166	0.007039917142717513
1332	0.007554549986578212
4915	0.008436553284503587
4982	0.008820032979253748
12963	0.009036038952317832
12391	0.009280208612953946
1312	0.009302981674595914
2956	0.009581978843760549
6348	0.009753130258309043
4611	0.01000033334444482
11402	0.010501685843798163
11337	0.010507343636154468
3915	0.011504390842504892
7226	0.011504390842504892
10212	0.011504390842504892
286	0.011537725286986381
9453	0.011537725286986381
10345	0.011667055568518957
2305	0.012156306323580167
13061	0.012168408067872312
7341	0.012490766731505483
8742	0.01265482992675538
6390	0.01267194519604105
8828	0.01281749465276944
4082	0.012838083085596013
7508	0.012917607920724192
7957	0.013201775846798278
10869	0.013204447511060511
8948	0.013333777792593086
9970	0.013333777792593086
11277	0.013333777792593086
12158	0.013333777792593086
13333	0.013333777792593086
7043	0.013368448069205698
1500	0.013536188957317993
2132	0.014469553402799519
3975	0.01477105646717989
13184	0.014804500846171676
8565	0.015038847986142238
4688	0.015135173626724266
2146	0.015187069107132854
488	0.015251176266343902
191	0.015300839820531506
441	0.015300839820531506
502	0.015300839820531506
891	0.015300839820531506
950	0.015300839820531506
1038	0.015300839820531506
1338	0.015300839820531506
2283	0.015300839820531506
2460	0.015300839820531506
2469	0.015300839820531506
2857	0.015300839820531506
3043	0.015300839820531506
3078	0.015300839820531506
3233	0.015300839820531506
3255	0.015300839820531506
3292	0.015300839820531506
3663	0.015300839820531506
3938	0.015300839820531506
4068	0.015300839820531506
4127	0.015300839820531506
4197	0.015300839820531506
4214	0.015300839820531506
4292	0.015300839820531506
4965	0.015300839820531506
5481	0.015300839820531506
5629	0.015300839820531506
