13347	0.00016667222240741505
12594	0.0033334444481482733
274	0.0033444816053511683
6076	0.006644591609017959
2561	0.0067112604979809275
7345	0.0067447053140344375
6564	0.006906521187272578
3030	0.008344648277573578
10834	0.009855735436443202
11755	0.010011260130075686
7034	0.010011370501647713
10554	0.011705908591601883
6159	0.013277481601672119
6272	0.013344704578223957
10938	0.013344704578223957
6328	0.013344925321368013
7404	0.01336711223707457
10016	0.013377926421404684
12970	0.013377926421404684
13487	0.013377926421404684
12716	0.013378149394277467
12350	0.013389186551480371
2789	0.013400223708683266
10319	0.013400223708683266
7679	0.013400334080255299
1860	0.013410819379598052
2503	0.013411260865886166
6139	0.013411260865886166
9764	0.013411260865886166
9921	0.013411260865886166
10607	0.013411260865886166
13413	0.013411260865886166
8329	0.013544598643812095
660	0.014046712370902886
874	0.014983500564846031
11007	0.015033611488275917
13221	0.015211543840759015
820	0.01655518394648829
490	0.016611480137409262
11732	0.016644814581890745
10489	0.01666699926786857
4865	0.01666722224074136
7858	0.01666722224074136
5396	0.01667803642507147
5722	0.01667803642507147
3304	0.016711593842425737
6381	0.016711593842425737
12505	0.016722408026755852
10176	0.01674470531403444
8675	0.016755742471237334
10165	0.016778150130087946
1904	0.01677815013008795
6503	0.016855635433109754
12260	0.01772045690263254
12730	0.018339463043416944
8190	0.019130878498625537
5293	0.019878143095293812
10976	0.01988918025249671
9861	0.019944924585557536
10655	0.019944924585557536
12633	0.019944924585557536
1631	0.019978259030039018
2457	0.019978369401611046
10836	0.019978369401611046
6514	0.019989296187241917
7369	0.020011480873219745
7937	0.020011480873219745
9822	0.020011480873219745
3581	0.020011703846092528
5731	0.020011703846092528
11989	0.020011703846092528
226	0.02003344481605351
833	0.02003344481605351
1041	0.02003344481605351
1191	0.02003344481605351
1341	0.02003344481605351
2028	0.02003344481605351
3085	0.02003344481605351
3385	0.02003344481605351
4774	0.02003344481605351
4895	0.02003344481605351
5840	0.02003344481605351
5874	0.02003344481605351
6823	0.02003344481605351
7207	0.02003344481605351
7421	0.02003344481605351
7558	0.02003344481605351
8105	0.02003344481605351
8264	0.02003344481605351
8521	0.02003344481605351
10086	0.02003344481605351
11011	0.02003344481605351
11822	0.02003344481605351
12747	0.02003344481605351
13491	0.02003344481605351
1734	0.020056075447776912
2629	0.020056075447776912
10779	0.020056075447776912
13654	0.02006677926053499
193	0.020066779260534993
