11277	0.011504390842504892
13094	0.017030223437175272
1150	0.020100670022334073
6917	0.030597342341138714
8711	0.030630676785620196
13293	0.033864117900324016
5004	0.04026433124076869
9700	0.040564341241102045
12537	0.040697679019027974
1144	0.050398002363139446
11347	0.05563518783959464
1314	0.05680189339644657
7376	0.05693155348151005
10398	0.057298232370806404
7211	0.060331666818621295
5740	0.06056500792999167
619	0.060629712059159874
2993	0.06385450925341338
7108	0.06445254915458616
8777	0.06564198047567449
441	0.06693188682595488
11301	0.06723189682628822
6275	0.06729856571525117
7337	0.06733190015973267
10456	0.06986899563318777
10808	0.0713143992350716
2112	0.07138106812403458
121	0.07216539460954766
1429	0.07326543127743657
10370	0.07363211016673289
2009	0.07363712369172644
2167	0.07389878572258475
9009	0.07396545461154776
6302	0.07536550127977
11423	0.07558326748330732
1545	0.07599885572491821
715	0.0769655546148812
9970	0.07830661758339626
9064	0.0788079700827496
6974	0.08111973943762105
1335	0.08169904573125175
13291	0.08363244351117771
9556	0.08379911573358512
12442	0.08393245351151106
4086	0.08396578795599255
10869	0.08490283009433645
148	0.0849735064796928
12539	0.0853991690686963
7005	0.08696588795932599
3688	0.08736590129310376
12550	0.08739923573758526
1152	0.0877999406361314
10536	0.08916963898796626
4220	0.09029933240747424
12555	0.09043267018540019
6407	0.09046600462988166
2264	0.09059934240780756
13344	0.09138700016464484
3675	0.09214842703599825
1117	0.09362182175383911
7137	0.09379944907802996
9727	0.09434850037177613
8283	0.09503282352384479
5308	0.09529949907969666
8072	0.09569951241347446
5272	0.09666621130343744
12542	0.09703289019273376
6955	0.09729956574858561
286	0.09730324344144806
12133	0.09765365585814295
717	0.09863294352784494
2956	0.09865896988400716
12973	0.0988996190836968
12072	0.0989699656655222
4978	0.0993793298242178
4158	0.10026633130743758
3255	0.10029966575191906
13248	0.10118206149048009
1136	0.10180339344644822
11237	0.10223306353184507
4191	0.103236774559152
1551	0.10359977575558584
5370	0.10366644464454881
719	0.10523316353517853
7917	0.10526649797965999
1269	0.10529983242414148
10807	0.10529983242414151
12058	0.10560886344586169
7018	0.10665364140431147
11269	0.10686655131477114
1318	0.10693322020373412
10619	0.1069665546482156
4154	0.10696655464821561
6314	0.10696655464821561
1198	0.10699988909269707
7969	0.10699988909269709
4949	0.10716656131510452
2977	0.10723323020406747
3992	0.10726656464854895
7877	0.10779991576025265
