11485	6.666888896296637e-05
2109	0.00010000333344444869
9112	0.00010000333344444869
113	0.000133337777925931
272	0.000133337777925931
477	0.000133337777925931
596	0.000133337777925931
663	0.000133337777925931
1197	0.000133337777925931
1274	0.000133337777925931
2029	0.000133337777925931
2069	0.000133337777925931
2310	0.000133337777925931
2775	0.000133337777925931
3510	0.000133337777925931
3933	0.000133337777925931
4050	0.000133337777925931
4089	0.000133337777925931
4132	0.000133337777925931
4345	0.000133337777925931
4497	0.000133337777925931
4573	0.000133337777925931
4748	0.000133337777925931
4967	0.000133337777925931
5284	0.000133337777925931
5307	0.000133337777925931
5446	0.000133337777925931
5595	0.000133337777925931
5786	0.000133337777925931
6013	0.000133337777925931
6152	0.000133337777925931
6216	0.000133337777925931
6637	0.000133337777925931
7496	0.000133337777925931
7749	0.000133337777925931
7885	0.000133337777925931
8137	0.000133337777925931
8252	0.000133337777925931
8522	0.000133337777925931
8909	0.000133337777925931
8923	0.000133337777925931
9026	0.000133337777925931
9130	0.000133337777925931
9614	0.000133337777925931
9680	0.000133337777925931
9971	0.000133337777925931
9999	0.000133337777925931
10565	0.000133337777925931
10777	0.000133337777925931
10959	0.000133337777925931
11130	0.000133337777925931
11275	0.000133337777925931
11311	0.000133337777925931
11321	0.000133337777925931
11481	0.000133337777925931
11501	0.000133337777925931
11666	0.000133337777925931
11789	0.000133337777925931
11907	0.000133337777925931
11935	0.000133337777925931
11993	0.000133337777925931
12987	0.000133337777925931
13585	0.000133337777925931
65	0.00016667222240741332
138	0.00016667222240741332
216	0.00016667222240741332
264	0.00016667222240741332
297	0.00016667222240741332
345	0.00016667222240741332
501	0.00016667222240741332
707	0.00016667222240741332
763	0.00016667222240741332
789	0.00016667222240741332
815	0.00016667222240741332
996	0.00016667222240741332
1056	0.00016667222240741332
1078	0.00016667222240741332
1271	0.00016667222240741332
1354	0.00016667222240741332
1523	0.00016667222240741332
1567	0.00016667222240741332
1770	0.00016667222240741332
1912	0.00016667222240741332
2080	0.00016667222240741332
2092	0.00016667222240741332
2131	0.00016667222240741332
2169	0.00016667222240741332
2227	0.00016667222240741332
2262	0.00016667222240741332
2329	0.00016667222240741332
2445	0.00016667222240741332
2453	0.00016667222240741332
2537	0.00016667222240741332
2543	0.00016667222240741332
2613	0.00016667222240741332
2625	0.00016667222240741332
2719	0.00016667222240741332
2835	0.00016667222240741332
2850	0.00016667222240741332
2967	0.00016667222240741332
