4335	0.0
4371	0.0
5688	0.0
6937	0.0
9377	0.0
10172	0.0
12856	0.0
171	0.0001333377779259362
387	0.0001333377779259362
617	0.0001333377779259362
722	0.0001333377779259362
913	0.0001333377779259362
1110	0.0001333377779259362
1438	0.0001333377779259362
1441	0.0001333377779259362
1552	0.0001333377779259362
1769	0.0001333377779259362
2067	0.0001333377779259362
2184	0.0001333377779259362
2248	0.0001333377779259362
2304	0.0001333377779259362
2457	0.0001333377779259362
2478	0.0001333377779259362
3521	0.0001333377779259362
3738	0.0001333377779259362
3771	0.0001333377779259362
4566	0.0001333377779259362
4608	0.0001333377779259362
4620	0.0001333377779259362
4717	0.0001333377779259362
5232	0.0001333377779259362
5260	0.0001333377779259362
5869	0.0001333377779259362
5897	0.0001333377779259362
6149	0.0001333377779259362
6291	0.0001333377779259362
6318	0.0001333377779259362
6480	0.0001333377779259362
6795	0.0001333377779259362
6868	0.0001333377779259362
7221	0.0001333377779259362
7263	0.0001333377779259362
7279	0.0001333377779259362
7526	0.0001333377779259362
8050	0.0001333377779259362
8102	0.0001333377779259362
8413	0.0001333377779259362
8489	0.0001333377779259362
8602	0.0001333377779259362
8855	0.0001333377779259362
8904	0.0001333377779259362
9450	0.0001333377779259362
9861	0.0001333377779259362
9864	0.0001333377779259362
10065	0.0001333377779259362
10093	0.0001333377779259362
10337	0.0001333377779259362
10355	0.0001333377779259362
10655	0.0001333377779259362
10811	0.0001333377779259362
10836	0.0001333377779259362
10852	0.0001333377779259362
10921	0.0001333377779259362
11072	0.0001333377779259362
11088	0.0001333377779259362
11298	0.0001333377779259362
11598	0.0001333377779259362
11610	0.0001333377779259362
11709	0.0001333377779259362
11877	0.0001333377779259362
12015	0.0001333377779259362
12298	0.0001333377779259362
12577	0.0001333377779259362
12633	0.0001333377779259362
13161	0.0001333377779259362
13520	0.0001333377779259362
1825	0.00016667222240741159
3289	0.00016667222240741852
5221	0.00016667222240741852
6211	0.00016667222240741852
6881	0.00016667222240741852
13360	0.00016667222240741852
11746	0.00023334111137037622
12967	0.0015000500016667181
643	0.0018333944464815483
5482	0.0018333944464815483
7348	0.0018333944464815483
11195	0.0018333944464815483
10856	0.0021667388912963784
9081	0.0022000733357778607
156	0.003166772225740855
208	0.003200106670222337
490	0.003200106670222337
2620	0.003200106670222337
5521	0.003200106670222337
6563	0.003200106670222337
7169	0.003200106670222337
8691	0.003200106670222337
9792	0.003200106670222337
7188	0.0033334444481482733
