7578	0.6837951972184706
12922	0.8990742904919573
6957	1.040866545766528
11341	1.2842516725593351
2043	1.305020451350608
10404	1.643957438249216
5423	1.7182567903561428
411	1.928302801485324
1238	2.2477018182856456
7708	2.3175446208933197
12255	2.395284224476538
3371	2.4015770763787367
2218	2.461723451380534
5167	2.46195414468904
13280	2.532199936605627
104	2.5468337577329976
50	2.6318534200383525
1559	2.703672429389946
10496	2.7924230465310784
5977	2.8974665583334387
5230	3.1024705621259203
2387	3.167276666830923
1130	3.176247044753379
7661	3.1875972569845334
6005	3.4429355341467263
4066	3.4839700282571933
2049	3.610306329449714
2861	3.6119063827848246
6018	3.6188197693068505
8930	3.6906986413004654
10341	3.724931890547012
8684	3.7546868400152276
12516	3.7562018291993713
36	3.7790613056268936
2912	3.812594455887819
5070	3.8978848117201927
1252	3.9339566205798198
5906	3.966377285438102
890	3.992954537009809
6203	4.058332077465171
6978	4.0747005171712445
12084	4.096544612085891
9569	4.141799965636695
8026	4.142583158967219
1349	4.153837044687601
1195	4.1655821418764605
10599	4.168016002269354
13299	4.203253019645964
5987	4.241704856557807
11238	4.249640238127383
5936	4.357688938731466
3674	4.360594326786526
3073	4.37102410699882
7727	4.384195362094169
67	4.384553314940089
10850	4.457647061320263
12308	4.465243516641667
11622	4.474144266745506
58	4.474670997792616
10450	4.499968538925816
5988	4.516767984080119
12181	4.53920028031831
6961	4.56120469272849
9845	4.582023782461804
13360	4.594320623794642
1604	4.5954380523466085
12940	4.632517437712966
9706	4.734300094682245
7947	4.734910482921496
3721	4.766842651006029
7169	4.793521689694163
3507	4.814730441046553
2951	4.820994735897153
5266	4.828281043434049
1419	4.841823299747832
5048	4.885336005466785
13354	4.89484914754365
2866	4.9054362295433735
2357	4.915302783623605
5030	4.918437225897655
4699	4.928573638471497
11467	4.943493355416354
3450	4.958188326854087
96	4.963736506219263
9585	4.9641060837559055
12443	4.97892786990017
2034	4.982104118473004
6960	4.9869051703698295
6101	4.990273505613111
5021	4.991761966599714
4103	5.002061746937989
13048	5.005018038346142
13468	5.030805408516006
10139	5.043352649499847
1169	5.063064449257721
6542	5.063386983977663
2925	5.069375027503305
2067	5.078531190010841
13028	5.079231208885494
7006	5.080296800703995
