2484	0.00010000333344444782
12374	0.00010000333344444782
2162	0.000133337777925931
2995	0.000133337777925931
11794	0.000133337777925931
11983	0.000133337777925931
5273	0.00016667222240741245
5648	0.00016667222240741245
9052	0.00016667222240741245
10106	0.00016667222240741245
12145	0.00016667222240741245
2554	0.0002000066668888965
5031	0.00026667555585186027
10076	0.00030001000033334346
642	0.00036667888929630896
11473	0.00036667888929630896
11579	0.00036667888929630896
11867	0.00036667888929630896
12166	0.00036667888929630896
114	0.0004666822227407585
1231	0.0004666822227407585
2138	0.0004666822227407585
2328	0.0004666822227407585
3849	0.0004666822227407585
6345	0.0004666822227407585
7670	0.0004666822227407585
8046	0.0004666822227407585
9321	0.0004666822227407585
9560	0.0004666822227407585
10997	0.0004666822227407585
13268	0.0005333511117037223
3723	0.0005666855561852072
753	0.0006333544451481736
6028	0.0006333544451481736
9206	0.0006333544451481736
8587	0.0006666888896296533
2704	0.0006666888896296559
8884	0.0006666888896296559
9773	0.0006666888896296559
1884	0.0007000233341111365
12888	0.0007000233341111365
4306	0.0008000266675555852
12329	0.0008000266675555852
10817	0.0008333611120370675
13205	0.0008666955565185498
7656	0.0008666955565185515
9253	0.0008666955565185515
53	0.000900030001000033
2123	0.0009666988899629985
2130	0.0009666988899629985
7246	0.0009666988899629985
8706	0.0009666988899629985
9564	0.0009666988899629985
9819	0.0009666988899629985
9886	0.0009666988899629985
10335	0.0009666988899629985
11272	0.0009666988899629985
12855	0.0009666988899629985
13403	0.0009666988899629985
678	0.0010000333344444808
699	0.0010000333344444808
928	0.0010000333344444808
1014	0.0010000333344444808
1070	0.0010000333344444808
1544	0.0010000333344444808
1790	0.0010000333344444808
1853	0.0010000333344444808
2425	0.0010000333344444808
2707	0.0010000333344444808
2786	0.0010000333344444808
2795	0.0010000333344444808
2932	0.0010000333344444808
3051	0.0010000333344444808
3356	0.0010000333344444808
3994	0.0010000333344444808
3996	0.0010000333344444808
4374	0.0010000333344444808
4555	0.0010000333344444808
4574	0.0010000333344444808
4708	0.0010000333344444808
4783	0.0010000333344444808
4817	0.0010000333344444808
5195	0.0010000333344444808
5407	0.0010000333344444808
5571	0.0010000333344444808
5636	0.0010000333344444808
5685	0.0010000333344444808
5769	0.0010000333344444808
5788	0.0010000333344444808
6164	0.0010000333344444808
6250	0.0010000333344444808
6282	0.0010000333344444808
6355	0.0010000333344444808
6434	0.0010000333344444808
6672	0.0010000333344444808
6684	0.0010000333344444808
6685	0.0010000333344444808
6739	0.0010000333344444808
6880	0.0010000333344444808
7109	0.0010000333344444808
