13463	0.0
3754	3.333444448148232e-05
6040	3.333444448148232e-05
7354	3.333444448148232e-05
8463	3.333444448148232e-05
8795	3.333444448148232e-05
9645	3.333444448148232e-05
9849	3.333444448148232e-05
11255	3.333444448148232e-05
8929	6.666888896296507e-05
10992	6.666888896296507e-05
3497	0.00016667222240741852
9173	0.00016667222240741852
12345	0.00020000666688890128
474	0.00040001333377779214
12212	0.001700056668555612
12324	0.002000066668888968
416	0.002766758891963065
4394	0.003300110003666789
9342	0.003300110003666789
12261	0.003300110003666789
393	0.003333444448148271
4640	0.003333444448148271
6704	0.003333444448148271
7506	0.003333444448148271
8618	0.003333444448148271
12333	0.003333444448148271
13621	0.003333444448148271
242	0.0033334444481482733
4485	0.0033667788926297544
6045	0.0033667788926297544
10169	0.0033667788926297544
11905	0.0033667788926297544
4327	0.0034667822260742074
13484	0.0034667822260742074
1337	0.004233474449148305
10403	0.004233474449148306
448	0.004966832227740919
7377	0.005000166672222408
1350	0.005033501116703891
2148	0.005033501116703891
3947	0.005033501116703891
5289	0.005033501116703891
7318	0.005033501116703891
6385	0.005066835561185373
11408	0.005066835561185373
11670	0.005066835561185373
718	0.0053668455615187086
1436	0.006066868895629853
4128	0.0065668855628520945
7147	0.0065668855628520945
12277	0.0065668855628520945
10678	0.006633554451815063
13402	0.006633554451815063
6350	0.00666688889629654
10004	0.006666888896296543
10555	0.006666888896296543
264	0.0067002233407780255
763	0.0067002233407780255
2131	0.0067002233407780255
6200	0.0067002233407780255
12715	0.0067002233407780255
1389	0.006700223340778029
12995	0.006700223340778031
1103	0.007100236674555813
10923	0.00833361112037068
3537	0.008333611120370682
12934	0.008333611120370683
6325	0.008500283342778098
5360	0.009200306676889225
9069	0.009233641121370711
282	0.00996699889996333
11400	0.010000333344444818
683	0.010033667788926297
1693	0.010167005566852232
5109	0.010833694456481881
11504	0.010867028900963365
4695	0.01090036334544485
2165	0.011033701123370772
3423	0.011533717790593022
8356	0.011633721124037464
1869	0.011633721124037466
3503	0.011633721124037466
13031	0.011633721124037466
12574	0.011633721124037473
9876	0.011667055568518955
3412	0.011700390013000437
9720	0.011700390013000437
6310	0.011733724457481916
8847	0.011733724457481916
10422	0.011733724457481916
1464	0.011867062235407849
13689	0.012567085569518984
4297	0.01283376112537085
281	0.013200440014667155
12629	0.013200440014667155
5632	0.01326710890363012
7359	0.01326710890363012
2227	0.0133004433481116
5331	0.01330044334811161
