1279	0.0
1668	0.0
3128	0.0
3969	0.0
9929	0.0
13339	0.0
1563	3.333444448148232e-05
2997	3.333444448148232e-05
3277	3.333444448148232e-05
4200	3.333444448148232e-05
4370	3.333444448148232e-05
6403	3.333444448148232e-05
7171	3.333444448148232e-05
8836	3.333444448148232e-05
10460	3.333444448148232e-05
11714	3.333444448148232e-05
152	0.0001333377779259362
1929	0.0001333377779259362
7015	0.0001333377779259362
8321	0.0001333377779259362
2053	0.00016667222240741505
1134	0.00016667222240741852
2094	0.00016667222240741852
11360	0.00016667222240741852
12490	0.00016667222240741852
3929	0.0004000133337777913
8585	0.0007333577785926179
7362	0.0008333611120370718
74	0.0016333877795926544
13599	0.0016667222240741332
12729	0.0018667288909630323
8138	0.0024667488916297227
5728	0.0025334177805926873
6472	0.002633421114037141
1761	0.0027000900030001006
8171	0.0031001033367778937
9696	0.0031667722257408583
38	0.0033001100036667876
1184	0.0033001100036667876
2229	0.0033001100036667876
2668	0.0033001100036667876
6146	0.0033001100036667876
10222	0.0033001100036667876
10597	0.0033001100036667876
6373	0.003300110003666791
3756	0.00333344444814827
10461	0.00333344444814827
11505	0.00333344444814827
964	0.0033334444481482733
2073	0.0033334444481482733
3469	0.0033334444481482733
1573	0.0033667788926297557
3463	0.0033667788926297557
7534	0.0033667788926297557
11406	0.0033667788926297557
5605	0.0034334477815927238
9419	0.0034334477815927238
5299	0.003500116670555692
12149	0.003500116670555692
12306	0.0038667955598519974
285	0.0041001366712223805
12103	0.004300143338111278
8987	0.004366812227074237
291	0.004933497783259442
7941	0.00500016667222241
9388	0.005333511117037233
8747	0.00573352445081503
4022	0.005833527784259471
3460	0.005833527784259477
10013	0.005833527784259477
12692	0.005833527784259477
11317	0.005866862228740959
8577	0.005966865562185413
455	0.006633554451815061
4007	0.006633554451815061
6347	0.006633554451815061
11032	0.006633554451815061
11629	0.006633554451815061
1219	0.00666688889629654
4008	0.00666688889629654
6205	0.00666688889629654
9922	0.00666688889629654
10877	0.00666688889629654
7673	0.006666888896296543
13527	0.006666888896296545
9646	0.006666888896296547
581	0.006700223340778027
4153	0.006700223340778027
4269	0.006700223340778027
4329	0.006700223340778027
4987	0.006700223340778027
5150	0.006700223340778027
5763	0.006700223340778027
5938	0.006700223340778027
11668	0.006700223340778027
13316	0.006700223340778027
3626	0.006700223340778029
486	0.006800226674222476
5009	0.006800226674222476
8154	0.006833561118703958
