2066	0.0
3073	0.0
4699	0.0
5987	0.0
6978	0.0
1169	0.0010667022234074341
3066	0.00670022334077805
4103	0.00670022334077805
8382	0.00670022334077805
10724	0.00670022334077805
11090	0.00670022334077805
11768	0.00670022334077805
13641	0.00670022334077805
4912	0.008300276675889173
11251	0.01003366778892631
6018	0.010367012233741119
1349	0.012533751125037518
3450	0.016667222240741353
9569	0.016667222240741353
2912	0.016700556685222828
2990	0.016700556685222828
7947	0.016700556685222828
7799	0.020134004466815597
12891	0.020134004466815597
584	0.022534084469482324
6931	0.023300776692556396
4642	0.026334211140371322
7727	0.026634221140704684
9378	0.026634221140704684
12927	0.026634221140704684
5204	0.02980099336644554
6939	0.029967665588852943
6961	0.03300110003666787
2545	0.033334444481482706
7661	0.033334444481482706
2951	0.03333444448148273
13048	0.03336777892596424
616	0.03503450115003834
7278	0.04036801226707554
666	0.04480149338311276
2501	0.04556818560618689
47	0.04996833227774258
8880	0.04996833227774258
2049	0.05083502783426114
9585	0.05613520450681689
7959	0.05793526450881695
2866	0.05996866562218739
5048	0.05996866562218739
5936	0.05996866562218739
8026	0.06003533451115037
1643	0.061702056735224525
6840	0.06333544451481715
1604	0.06630221007366913
259	0.06663555451848394
4209	0.06663555451848394
9038	0.06663555451848394
12254	0.06663555451848394
2034	0.06666888896296541
3498	0.06666888896296541
4601	0.06666888896296541
6194	0.06666888896296541
9129	0.06666888896296541
9235	0.06666888896296541
10863	0.06666888896296541
11223	0.06666888896296541
12731	0.06666888896296541
13287	0.06666888896296541
9848	0.06666888896296544
12568	0.06666888896296544
6360	0.06680222674089134
7080	0.06680222674089134
67	0.06703556785226172
11238	0.07663588786292874
7983	0.07666922230741022
36	0.0800026667555585
58	0.08330277675922529
1656	0.08333611120370676
5030	0.08333611120370676
12327	0.08333611120370676
9826	0.0834694489816327
6809	0.08996966565552184
11285	0.09130304343478116
57	0.09663655455181838
331	0.09663655455181838
11930	0.09666988899629986
9845	0.09670322344078139
3076	0.09986999566652224
3721	0.09986999566652224
11246	0.09986999566652224
7016	0.09996999899996664
89	0.10000333344444814
649	0.10000333344444814
4500	0.10000333344444814
6203	0.10000333344444814
7419	0.10000333344444814
9716	0.10000333344444814
10850	0.10000333344444814
11819	0.10000333344444814
1384	0.10013667122237405
12443	0.10013667122237405
