2978	0.0
3189	0.0
3941	0.0
6398	0.0
7135	0.0
9530	0.0
9664	0.0
10693	0.0
10737	0.0
13013	0.0
13134	0.0
13367	0.0
13546	0.0
13130	6.289308176100211e-05
5049	0.0015723270440251569
21	0.0029559748427673005
559	0.003207547169811316
1123	0.003207547169811316
13606	0.003207547169811316
12517	0.006226415094339625
169	0.0062893081761006275
358	0.0062893081761006275
2882	0.0062893081761006275
4713	0.0062893081761006275
8996	0.0062893081761006275
3058	0.006289308176100631
3483	0.006289308176100631
7486	0.006289308176100631
7863	0.006289308176100631
9088	0.006289308176100631
9992	0.006289308176100631
361	0.006352201257861637
2983	0.006352201257861637
1262	0.007798742138364782
1401	0.00949685534591195
9863	0.010943396226415096
2026	0.012578616352201255
4336	0.012578616352201255
2097	0.012578616352201259
8890	0.012578616352201259
12981	0.012578616352201259
8840	0.012641509433962264
10854	0.012830188679245284
6906	0.013836477987421388
11218	0.015345911949685539
1348	0.015597484276729565
1248	0.015786163522012578
5091	0.015786163522012578
9526	0.01584905660377358
10798	0.01635220125786163
4928	0.01666666666666667
8608	0.01666666666666667
7595	0.017232704402515727
8858	0.018553459119496858
12815	0.018805031446540884
8223	0.019308176100628936
6153	0.022075471698113205
5046	0.0249685534591195
2044	0.025094339622641515
4546	0.025094339622641515
10838	0.025094339622641515
13095	0.025094339622641515
476	0.025157232704402517
186	0.02515723270440252
1249	0.02515723270440252
3084	0.02515723270440252
4057	0.02515723270440252
6938	0.02515723270440252
8321	0.02515723270440252
12050	0.02515723270440252
13077	0.02515723270440252
13204	0.02635220125786164
2235	0.026666666666666672
5662	0.026666666666666672
6798	0.026666666666666672
8551	0.026666666666666672
8567	0.026666666666666672
13009	0.026666666666666672
0	0.03138364779874214
1	0.03138364779874214
2	0.03138364779874214
3	0.03138364779874214
4	0.03138364779874214
5	0.03138364779874214
6	0.03138364779874214
7	0.03138364779874214
8	0.03138364779874214
9	0.03138364779874214
10	0.03138364779874214
11	0.03138364779874214
12	0.03138364779874214
13	0.03138364779874214
15	0.03138364779874214
16	0.03138364779874214
17	0.03138364779874214
18	0.03138364779874214
20	0.03138364779874214
22	0.03138364779874214
23	0.03138364779874214
24	0.03138364779874214
