7261	0.0033334444481482664
8428	0.0033334444481482664
9545	0.0033334444481482664
13361	0.0033334444481482664
2155	0.0033667788926297487
2510	0.0033667788926297487
2971	0.0033667788926297487
3439	0.0033667788926297487
3461	0.0033667788926297487
4308	0.0033667788926297487
5186	0.0033667788926297487
6030	0.0033667788926297487
7918	0.0033667788926297487
8688	0.0033667788926297487
10464	0.0033667788926297487
10768	0.0033667788926297487
10795	0.0033667788926297487
9096	0.003500116670555685
11460	0.003500116670555685
4955	0.0035005581568437957
10799	0.0035005581568437957
5965	0.004069230401325535
12440	0.0053735782274124885
11693	0.006644481237445932
11664	0.006677815681927407
12071	0.006711260497980917
5584	0.0068450397621949675
6292	0.007012263842462525
2083	0.008333611120370676
3046	0.008350056484602995
6604	0.010000333344444813
11613	0.010000333344444813
806	0.010033667788926295
1201	0.010033667788926295
9202	0.010055742103332089
395	0.010067112604979805
8039	0.010800360012000399
11456	0.01166705556851895
2495	0.011694538089954163
7938	0.011761427722061187
135	0.012989173217702574
11461	0.013267108903630122
4092	0.013300443348111604
8692	0.013300443348111604
4435	0.013333777792593086
4911	0.013333777792593086
5228	0.013333777792593086
11270	0.013333777792593086
13080	0.013378149394277467
318	0.01340022370868326
2118	0.01340022370868326
4284	0.01340022370868326
7232	0.01340022370868326
7029	0.013411260865886166
4954	0.015422698036422839
4795	0.01543362482205371
3089	0.016067202240074668
10594	0.01633387779592653
1651	0.016467215573852462
5696	0.01666722224074136
6988	0.01670055668522284
7280	0.016722630999628636
10407	0.01683389446314878
5229	0.016834335949436886
11474	0.016834335949436886
8897	0.017246377554837107
3732	0.018533728158831607
10664	0.018700623354111802
2953	0.01875150464881717
11587	0.019253066518047805
369	0.01928651133410132
13142	0.019699219628391183
6925	0.01969999222939538
3091	0.019899998896284278
2452	0.019933997799926665
10520	0.019933997799926665
4396	0.01995540765517155
11607	0.019978146428738262
2093	0.020000666688889626
4049	0.020000666688889626
4251	0.020000666688889626
5974	0.020000666688889626
6108	0.020000666688889626
7115	0.020000666688889626
9204	0.020000666688889626
10549	0.020000666688889626
11680	0.020000666688889626
12553	0.020000666688889626
4155	0.020022741003295427
313	0.02003400113337111
434	0.02003400113337111
473	0.02003400113337111
560	0.02003400113337111
1270	0.02003400113337111
1889	0.02003400113337111
2426	0.02003400113337111
2588	0.02003400113337111
3459	0.02003400113337111
3906	0.02003400113337111
4063	0.02003400113337111
