9535	0.0033334444481482595
12155	0.0033667788926297626
1	0.006633554451815071
4057	0.006633554451815071
2915	0.006666888896296547
1161	0.00996699889996333
1666	0.00996699889996333
3075	0.00996699889996333
5919	0.00996699889996333
5984	0.00996699889996333
7652	0.00996699889996333
7737	0.00996699889996333
10601	0.00996699889996333
11427	0.00996699889996333
12512	0.00996699889996333
13157	0.00996699889996333
558	0.010000333344444806
878	0.010000333344444806
1123	0.010000333344444806
1526	0.010000333344444806
2465	0.010000333344444806
3283	0.010000333344444806
3483	0.010000333344444806
6096	0.010000333344444806
7094	0.010000333344444806
7098	0.010000333344444806
7628	0.010000333344444806
8938	0.010000333344444806
8999	0.010000333344444806
9872	0.010000333344444806
10218	0.010000333344444806
12264	0.010000333344444806
12326	0.010000333344444806
13183	0.010000333344444806
13367	0.010000333344444806
4301	0.010033667788926282
21	0.013300443348111618
430	0.013300443348111618
10557	0.013300443348111618
10889	0.013300443348111618
12429	0.013300443348111618
13013	0.013300443348111618
10969	0.016633887796259877
401	0.019900663355445186
3939	0.019967332244408137
9473	0.02000066668888964
3060	0.0233341111370379
5225	0.0233341111370379
6526	0.0233341111370379
6987	0.0233341111370379
10391	0.0233341111370379
12685	0.0233341111370379
12930	0.0233341111370379
4801	0.023367445581519375
8751	0.023367445581519375
11218	0.023367445581519375
4045	0.02633421114037135
3941	0.026634221140704684
5087	0.026634221140704684
6940	0.026634221140704684
155	0.02666755558518616
5758	0.02666755558518616
9600	0.02666755558518616
11553	0.02666755558518616
12469	0.02666755558518616
2784	0.026700890029667662
7262	0.026700890029667662
1050	0.03133437781259374
5428	0.03143438114603819
109	0.03386779559318645
6004	0.035567852261742056
189	0.03663455448514952
1225	0.03813460448681624
4921	0.03996799893329778
10257	0.03996799893329778
818	0.04000133337777925
8192	0.04000133337777925
240	0.04003466782226073
4981	0.04003466782226073
5962	0.04003466782226073
12938	0.04003466782226073
8718	0.041968065602186744
1804	0.043301443381446036
2945	0.043301443381446036
4115	0.043301443381446036
7001	0.043301443381446036
8708	0.043301443381446036
8983	0.043301443381446036
10780	0.043301443381446036
12154	0.043301443381446036
13014	0.043301443381446036
51	0.04333477782592754
250	0.04333477782592754
299	0.04333477782592754
633	0.04333477782592754
727	0.04333477782592754
1433	0.04333477782592754
2037	0.04333477782592754
2086	0.04333477782592754
2664	0.04333477782592754
