8922	0.0005333511117037171
9524	0.0005333511117037171
12947	0.0005333511117037171
6942	0.0028000933364445424
8960	0.005533517783926134
11319	0.013567118903963449
3102	0.01386712890429681
4293	0.01386712890429681
12999	0.01386712890429681
10235	0.014033801126704215
12285	0.022200740024667487
7094	0.022767425580852763
5976	0.025534184472815746
3075	0.027800926697556627
12264	0.030567685589519666
6175	0.03386779559318642
1225	0.036134537817927304
5935	0.036134537817927304
257	0.046101536717890634
5939	0.0511350378345945
2068	0.052801760058668656
8273	0.05553518450615019
7664	0.06056868562285411
8716	0.06060202006733556
558	0.06386879562652087
61	0.06930231007700255
9602	0.06943564785492856
824	0.06946898229940995
2219	0.06946898229940995
3483	0.0707690256341878
4902	0.07720257341911396
12234	0.07736924564152137
4899	0.08193606453548452
8925	0.08553618453948464
1246	0.09720324010800357
6436	0.09720324010800357
9863	0.09720324010800357
559	0.09723657455248508
1401	0.09723657455248508
2906	0.09723657455248508
4921	0.09723657455248508
6979	0.09723657455248508
8881	0.09723657455248508
8917	0.09723657455248508
9526	0.09723657455248508
13062	0.09723657455248508
860	0.09736991233041098
1669	0.09736991233041098
4392	0.09736991233041098
6950	0.09736991233041098
301	0.10053668455615183
1177	0.10053668455615183
3045	0.10053668455615183
4941	0.10053668455615183
6096	0.10053668455615183
9150	0.10053668455615183
12252	0.10263675455848525
4998	0.10277009233641127
9364	0.11053701790059667
8681	0.11387046234874493
2065	0.11403713457115233
12271	0.11723724124137469
5103	0.13053768458948628
11612	0.13057101903396778
46	0.1338711290376346
109	0.1338711290376346
343	0.1338711290376346
2358	0.1338711290376346
3028	0.1338711290376346
11624	0.1338711290376346
12079	0.1338711290376346
5072	0.13390446348211604
7583	0.13610453681789397
2753	0.13837127904263474
299	0.14053801793393111
6906	0.14103803460115338
3174	0.14390479682656088
3084	0.14447148238274615
4917	0.14720490683022763
12067	0.1526384212807093
3939	0.15277175905863533
186	0.15280509350311683
9246	0.15280509350311683
9534	0.15280509350311683
12994	0.15280509350311683
13014	0.15280509350311683
818	0.16017200573352447
9190	0.16387212907096899
12316	0.16387212907096899
3060	0.1639054635154505
5962	0.1639054635154505
6111	0.1639054635154505
13259	0.1639054635154505
13431	0.1640388012933764
2320	0.1672055735191173
6908	0.16943898129937668
9522	0.16943898129937668
7271	0.16947231574385818
561	0.17280576019200639
6914	0.17407246908230273
