305	0.0
681	0.0
2084	0.0
2455	0.0
2870	0.0
3284	0.0
3550	0.0
3978	0.0
4993	0.0
5241	0.0
5952	0.0
5991	0.0
6103	0.0
6162	0.0
7625	0.0
7856	0.0
8333	0.0
9692	0.0
9837	0.0
10373	0.0
10897	0.0
11398	0.0
12201	0.0
12422	0.0
12492	0.0
12893	0.0
115	3.333444448148232e-05
148	3.333444448148232e-05
386	3.333444448148232e-05
733	3.333444448148232e-05
1064	3.333444448148232e-05
1180	3.333444448148232e-05
1266	3.333444448148232e-05
1310	3.333444448148232e-05
1625	3.333444448148232e-05
1670	3.333444448148232e-05
1959	3.333444448148232e-05
2021	3.333444448148232e-05
2058	3.333444448148232e-05
2276	3.333444448148232e-05
2574	3.333444448148232e-05
2597	3.333444448148232e-05
2640	3.333444448148232e-05
2666	3.333444448148232e-05
2747	3.333444448148232e-05
2851	3.333444448148232e-05
2902	3.333444448148232e-05
2946	3.333444448148232e-05
3105	3.333444448148232e-05
3161	3.333444448148232e-05
3247	3.333444448148232e-05
3467	3.333444448148232e-05
4033	3.333444448148232e-05
4244	3.333444448148232e-05
4455	3.333444448148232e-05
4591	3.333444448148232e-05
4639	3.333444448148232e-05
4762	3.333444448148232e-05
5137	3.333444448148232e-05
5339	3.333444448148232e-05
5352	3.333444448148232e-05
5419	3.333444448148232e-05
5705	3.333444448148232e-05
7189	3.333444448148232e-05
7192	3.333444448148232e-05
7290	3.333444448148232e-05
7455	3.333444448148232e-05
7860	3.333444448148232e-05
7933	3.333444448148232e-05
8104	3.333444448148232e-05
8262	3.333444448148232e-05
8433	3.333444448148232e-05
8663	3.333444448148232e-05
8707	3.333444448148232e-05
8790	3.333444448148232e-05
8871	3.333444448148232e-05
8927	3.333444448148232e-05
9682	3.333444448148232e-05
9887	3.333444448148232e-05
10131	3.333444448148232e-05
10400	3.333444448148232e-05
10445	3.333444448148232e-05
10451	3.333444448148232e-05
10665	3.333444448148232e-05
10757	3.333444448148232e-05
10882	3.333444448148232e-05
10916	3.333444448148232e-05
11336	3.333444448148232e-05
11416	3.333444448148232e-05
11638	3.333444448148232e-05
11652	3.333444448148232e-05
11747	3.333444448148232e-05
11851	3.333444448148232e-05
12200	3.333444448148232e-05
12208	3.333444448148232e-05
12279	3.333444448148232e-05
12337	3.333444448148232e-05
12356	3.333444448148232e-05
12461	3.333444448148232e-05
12524	3.333444448148232e-05
