4705	0.0
363	7.669593895003306e-05
5760	7.669593895003306e-05
4503	0.0001150439084250483
2956	0.00011504390842504916
3589	0.00011504390842504916
4565	0.00011504390842504916
4752	0.00011504390842504916
4813	0.00011504390842504916
5399	0.00011504390842504916
5849	0.00011504390842504916
6067	0.00011504390842504916
8213	0.00011504390842504916
8430	0.00011504390842504916
10158	0.00011504390842504916
13067	0.00011504390842504916
2734	0.00015339187790006613
10806	0.00015339187790006613
3501	0.00019173984737508223
4315	0.00019173984737508223
5415	0.0003067837558001314
7871	0.0003067837558001314
11423	0.0003067837558001314
10692	0.0003834796947501636
12391	0.0003834796947501636
7046	0.0004601756337001949
11399	0.0005368715726502271
9474	0.0005368715726502288
8173	0.0006519154810752763
305	0.0006902634505502932
2270	0.0006902634505502932
2331	0.0006902634505502932
4088	0.0006902634505502932
4628	0.0006902634505502932
4797	0.0006902634505502932
4907	0.0006902634505502932
7108	0.0006902634505502932
7623	0.0006902634505502932
13055	0.0006902634505502932
7291	0.0007669593895003254
770	0.0008436553284503585
1152	0.0008436553284503585
2384	0.0008436553284503585
3612	0.0008436553284503585
5622	0.0008436553284503585
5886	0.0008436553284503585
8248	0.0008436553284503585
9675	0.0008436553284503585
10439	0.0008436553284503585
11337	0.0008436553284503585
11369	0.0008436553284503585
12325	0.0008436553284503585
1165	0.0010353951758254407
10882	0.0010737431453004568
2365	0.001112091114775473
2869	0.001112091114775473
1241	0.00115043908425049
6189	0.00115043908425049
11744	0.001188787053725506
3464	0.001227135023200522
4915	0.001227135023200522
442	0.0012654829926755382
1459	0.0012654829926755382
4698	0.0012654829926755382
4994	0.0012654829926755382
5267	0.0012654829926755382
5295	0.0012654829926755382
6497	0.0012654829926755382
8047	0.0012654829926755382
9912	0.0012654829926755382
1678	0.0013421789316255713
3423	0.0013421789316255713
7549	0.0013421789316255713
4614	0.0014188748705756043
6348	0.0016106147179506848
2431	0.0016489626874257
3004	0.0016489626874257
3314	0.0016489626874257
4402	0.0016489626874257
5695	0.0016489626874257
7136	0.0016489626874257
7237	0.0016489626874257
9062	0.0016489626874257
9376	0.0016489626874257
10239	0.0016489626874257
10574	0.0016489626874257
10898	0.0016489626874257
11033	0.0016489626874257
11257	0.0016489626874257
11318	0.0016489626874257
13152	0.0016489626874257
13266	0.0016489626874257
8907	0.0018023545653257657
10	0.0018407025348007823
18	0.0018407025348007823
33	0.0018407025348007823
77	0.0018407025348007823
86	0.0018407025348007823
105	0.0018407025348007823
142	0.0018407025348007823
