8794	1.0586027780480312
7581	1.1577818960771955
10349	1.178091037558778
64	1.1970469574197304
4979	1.2193348131651336
1128	1.2364356547647335
13113	1.2537026254255423
803	1.3007958506815598
2031	1.302370914368507
10350	1.3082163911066247
5958	1.317904765496878
7634	1.3331285426753405
4900	1.3364096199200235
7580	1.3460459019342448
12135	1.3498047385854457
2261	1.350839196644583
12061	1.3603093019284445
7493	1.3632436021483887
151	1.367906432219102
3940	1.3805735211220656
12072	1.382310589927965
7736	1.382754467278304
7049	1.3902924098616598
13197	1.3921426968162547
4904	1.3937739611367328
7120	1.400574187810955
10347	1.4024409167019183
12263	1.405704042639136
11236	1.4124578200572704
7078	1.4177903456076695
10363	1.4223415800573633
805	1.4244158407838143
2878	1.433975301181401
1113	1.437774947384157
8950	1.444908998971327
3956	1.4473424134184754
13138	1.4488091289756606
8777	1.4494730362665178
286	1.450879542226375
1121	1.45644271676192
1154	1.4590094689869946
2887	1.461409548989661
9008	1.4635454934971037
887	1.4676635379266165
269	1.4713765478896246
6264	1.4768558703551151
12074	1.4769100656735505
13284	1.4772669301212513
5481	1.4781434401193652
2884	1.480810195677884
5337	1.4856770245721806
4238	1.494745904495827
7934	1.494911970846284
12984	1.4956773579166254
4938	1.4974107490296624
11226	1.498010769030329
2989	1.4989441334758107
10400	1.5002811889479326
736	1.5040443034814772
9814	1.505611022372107
1202	1.506977734595848
92	1.5097657705987007
164	1.5106111890443294
10517	1.5130096034113345
1232	1.5180114357192187
0	1.5197663416927902
7136	1.5234235602375952
9523	1.5240116357258855
4953	1.5240783046148487
10604	1.5257116923944412
6965	1.5352026488906914
1335	1.536112039072664
8955	1.5373120790739971
3233	1.5374120824074415
3255	1.5374787512964045
94	1.5387790554132197
2253	1.5389346259639463
5055	1.5390121357425528
2853	1.5399047507200447
10005	1.5467229161314844
9648	1.5531126057582199
2934	1.5606795246555165
3959	1.5633927520774105
10518	1.5655774610715614
6086	1.5673464135518131
8351	1.5676706420892668
8699	1.5706131891109985
4974	1.5712310889260241
12121	1.5724044596367581
7579	1.5740466368925912
5040	1.5775134191186655
415	1.5783723452343172
9638	1.584313645792888
12996	1.5857392574647247
4087	1.5867803946845176
7883	1.5907138591333325
799	1.5927801878856223
13124	1.593466480111719
8072	1.5939473002480364
177	1.5990474702537032
