708	0.06176872562418746
6117	0.07670255675189175
497	0.07673589119637322
12471	0.08370279009300309
10679	0.08446948231607722
7309	0.084869495649855
7735	0.08490283009433647
4009	0.08650288342944763
2923	0.08980299343311444
2074	0.0900363345444848
11443	0.09016967232241074
4920	0.09016967232241077
898	0.09020300676689222
6087	0.09156971899063304
2202	0.09326977565918863
2619	0.09700323344111471
5069	0.09810327010900362
10372	0.10150338344611487
10458	0.10480349344978163
4022	0.10567018900630022
12113	0.10667022234074472
10087	0.10680356011867062
12485	0.11660388679622655
9146	0.11980399346644888
7724	0.12063735457848596
8729	0.12153738457948599
402	0.12173739124637485
6938	0.12660422014067135
9134	0.12683756125204176
2268	0.12700423347444914
1179	0.12780426014200474
9943	0.13010433681122704
2099	0.13180439347978268
2877	0.13337111237041233
10598	0.13567118903963465
5105	0.13613787126237542
4501	0.13657121904063468
10577	0.13853795126504215
7001	0.1420380679355979
6205	0.14320477349244976
4104	0.1434381146038201
1302	0.14367145571519052
11324	0.14397146571552388
8967	0.14403813460448683
3239	0.14517150571685722
10873	0.1465048834961165
12376	0.14650488349611657
4038	0.14653821794059801
11629	0.14853828460948698
5323	0.14900496683222775
3375	0.1498383279442648
3013	0.15070502350078335
2085	0.15313843794793158
1149	0.15317177239241309
7060	0.15317177239241309
5384	0.153371779059302
3670	0.15343844794826494
5000	0.1535717857261909
7723	0.1548051601720057
747	0.15643854795159837
836	0.15653855128504285
10732	0.15827194239807993
4170	0.15980532684422816
8886	0.1599053301776726
10360	0.16147204906830226
9531	0.1631721057368579
7774	0.16337211240374677
1283	0.16347211573719123
1440	0.16350545018167273
2369	0.16443881462715426
1170	0.16643888129604317
1445	0.16643888129604317
7699	0.16647221574052468
8920	0.16650555018500615
7297	0.16980566018867294
7534	0.1698389946331544
9114	0.17017233907796925
12632	0.17023900796693225
9806	0.17137237907930264
3905	0.17303910130337677
6105	0.17327244241474715
7535	0.17347244908163606
9530	0.1734724490816361
12541	0.17350578352611754
9769	0.1739391313043768
6285	0.17393913130437683
6265	0.17407246908230276
4167	0.17477249241641388
22	0.1762725424180806
3471	0.17647254908496948
4207	0.17653921797393246
6998	0.1784059468648955
7963	0.1789392979765992
11428	0.17913930464348812
5349	0.17970599019967332
13276	0.17977265908863627
4419	0.1797726590886363
12434	0.17980599353311777
11413	0.17983932797759924
5961	0.17993933131104373
