13113	0.2802629355619044
9008	0.30506178702688785
7581	0.3522509560776209
1126	0.3911182660337045
1154	0.4194192093984833
7580	0.42684050252655487
11269	0.43458638163755786
5908	0.4470756829149206
7044	0.47326348786789624
1113	0.5077554872744124
6916	0.5099005260959679
816	0.5161224328392645
4974	0.5211559339559685
2878	0.5276561506298576
8699	0.528522846186376
12939	0.5286398121767457
151	0.5321713325084694
2989	0.5447100511193511
10349	0.5509183613309986
805	0.5518569573234141
7120	0.55353178308558
2040	0.5573904751073402
1186	0.557723819552155
12058	0.5601208406293282
6086	0.5610905984447848
1176	0.5630308578913414
3688	0.5700242295658221
7049	0.577057797351415
3940	0.587691485141008
6264	0.5877581540299709
7577	0.5944583773707489
9604	0.5945583807041934
9814	0.6003690306016737
5055	0.6058131323331694
10667	0.6103589073884161
12581	0.6118216999390176
10485	0.6181624341726424
6275	0.618425842952935
5004	0.6320236818351461
1232	0.6329629275224208
7634	0.6342930385261207
6977	0.6356556251221446
13248	0.64210506363284
5337	0.6450267296491582
1129	0.6548219581175582
20	0.6609900055492046
1545	0.6633606741139737
2408	0.6676941518965664
177	0.6710609307891963
12275	0.6743943752373446
13094	0.674561047459752
12135	0.6772860402536294
11267	0.680227903021604
3255	0.6824895470371889
4979	0.6834520680101102
12361	0.6855934400427726
8072	0.6871092918783567
11221	0.6882765360152527
7576	0.6909949285891228
13138	0.6929616608135304
286	0.697361807485086
9691	0.697695151929901
64	0.6977951552633455
9708	0.707362140829531
4238	0.7083621741639753
10363	0.7085955152753458
13284	0.7092654735550009
7706	0.7105798938395985
7880	0.7114622775007532
1121	0.7127956552800127
2253	0.7142296834731092
2934	0.7143623741706422
3034	0.7145623808375311
754	0.7167206214063345
12489	0.718629183064272
5061	0.7211292664003833
12129	0.7243960419595685
8872	0.7287295197421613
1318	0.7343630408595319
12550	0.7345630475264208
8955	0.7376964853076802
2015	0.740929926422384
12417	0.7410299297558285
5947	0.7429332598668322
7883	0.7442581419380647
164	0.7469301264290509
715	0.7476634842076435
12996	0.7510302631002732
44	0.7511302664337177
4047	0.7543637075484215
4938	0.7577304864410512
11466	0.7577638208855328
415	0.7635059822255513
5973	0.7657529747723617
7197	0.7658556592409289
11604	0.7676641508965332
834	0.7677641542299776
719	0.7692642042316442
8670	0.776764454239978
11619	0.7777311531299409
