3150	0.0017667255575185767
5934	0.028334277809260323
11631	0.03663455448514951
4923	0.04150138337944597
2872	0.041701390046334864
8840	0.043805864807652924
12144	0.047801593386446205
3943	0.048334944498149957
6190	0.04883496116537218
1514	0.05830194339811328
13309	0.05836861228707624
6153	0.05993942146079922
716	0.06147993193064507
7174	0.06816893896463216
5296	0.07496916563885464
8694	0.07500250008333613
1448	0.07500250008333614
10528	0.07500250008333614
12735	0.07500250008333614
6912	0.07619730091631985
7118	0.07632214365216783
5953	0.07764367617285357
1820	0.07779735425143103
227	0.07870262342078069
1415	0.07936407314206073
10473	0.07956931897729927
476	0.08129180825943674
5940	0.0813360445348178
2377	0.08776435315139439
9562	0.08779768759587586
12480	0.08833627787592918
6826	0.08943107537546852
7595	0.09038063532935375
1122	0.0911978009329871
250	0.09160305343511449
12104	0.0916697223240775
11279	0.09513650455015168
9290	0.0957031901063369
8693	0.09606462982728356
489	0.09836994566485552
2222	0.09836994566485552
1185	0.09916473316406146
2879	0.10000333344444812
10813	0.1008332332251746
11292	0.10113146538846894
3697	0.10219816761187638
10669	0.1030367678922631
10912	0.10436857119555976
9006	0.10446490983661719
3136	0.10449824428109869
11453	0.1067035567852262
8388	0.10789835761820993
11433	0.10830361012033735
695	0.10830361012033737
2097	0.10859397619333643
8680	0.11050368345611522
9040	0.11184450173496349
2474	0.11333711123704125
283	0.11430381012700425
8886	0.11449857762554352
9992	0.11453840914193998
9574	0.11456524651450646
12556	0.1146985842924324
12293	0.1150038334611154
7605	0.11543718123937466
6398	0.11641603986380263
9197	0.11779868762921031
10602	0.11786535651817326
12993	0.11799869429609922
6215	0.11830394346478218
12474	0.11830394346478218
11302	0.11843728124270811
7604	0.11847061568718958
10375	0.11866538318572883
66	0.11870018099135798
13264	0.11870395679855997
2070	0.11943207540880293
9597	0.1204987776322104
3656	0.12099879429943261
9546	0.12109879763287709
5192	0.12113213207735857
4270	0.12116546652184004
8997	0.12116546652184004
12376	0.12116546652184004
750	0.12116546652184007
12419	0.12129880429976597
6749	0.12133213874424748
3701	0.1228321887459142
9664	0.12321626653802507
10693	0.12324960098250658
10798	0.12353128752090478
1248	0.12396398747882792
1375	0.12449891096998833
7379	0.12449891096998833
8715	0.12449891096998833
7093	0.1245322454144698
11359	0.12453224541446983
7054	0.12463224874791426
130	0.1249708323610787
3201	0.1250041668055602
