10905	0.00020000666688890084
12541	0.00020000666688890084
6973	0.0006000200006666678
13195	0.0006000200006666678
8038	0.002033401113370463
6231	0.00490016333877797
1258	0.008500283342778095
8223	0.013033767792259746
4940	0.013600453348444945
2337	0.0148671622387413
2877	0.01650055001833394
414	0.016533884462815424
13006	0.016533884462815424
10387	0.01670055668522285
130	0.01680056001866729
7135	0.01680056001866729
3201	0.01683389446314878
4003	0.01683389446314878
10635	0.01683389446314878
9616	0.01703390113003766
711	0.018533951131704397
10368	0.019500650021667384
10458	0.019667322244074796
4223	0.019833994466482208
9	0.019900663355445186
4336	0.02016733891129705
3062	0.021767392246408196
66	0.023134104470149
8935	0.023200773359111956
11302	0.023334111137037893
12393	0.023434114470482346
6215	0.023467448914963822
12474	0.023467448914963822
3	0.02480082669422313
12273	0.024834161138704618
169	0.025167505583519455
752	0.02576752558418615
7605	0.026334211140371343
322	0.026434214473815783
4525	0.02650088336277874
802	0.026600886696223187
12293	0.026767558918630606
3436	0.026800893363112123
9269	0.028700956698556615
6946	0.029834327810927014
3086	0.030034334477815942
12632	0.03010100336677888
3520	0.03063435447848262
11520	0.03156771892396415
19	0.03220107336911229
9040	0.033134437814593805
361	0.03316777225907529
3670	0.033201106703556776
4218	0.033201106703556776
6448	0.033201106703556776
8686	0.033201106703556804
13134	0.033334444481482706
7535	0.03343444781492715
2278	0.03346778225940863
9943	0.033467782259408635
136	0.03346778225940864
1248	0.03346778225940864
1348	0.03346778225940864
8318	0.03346778225940864
9134	0.03346778225940864
9530	0.03346778225940864
11323	0.03346778225940864
11433	0.03346778225940864
12064	0.03346778225940864
7601	0.03346778225940867
1283	0.03350111670389013
2605	0.03446781559385313
11453	0.0350678355945198
10966	0.035134504483482785
3239	0.03516783892796426
7001	0.03520117337244577
3962	0.03543451448381611
4996	0.036501216707223554
13323	0.037167905596853214
5041	0.037534584486149554
7954	0.038434614487149556
325	0.038467948931631045
744	0.039667988932964415
9114	0.039834661155371834
5664	0.03996799893329776
11569	0.04000133337777925
6933	0.040101336711223685
11443	0.04010133671122369
5000	0.04013467115570519
11498	0.04043468115603852
2098	0.04320144004800161
13177	0.043501450048334965
5903	0.043601453381779384
13264	0.043868128937631264
11487	0.04453481782726089
5046	0.04536817893929797
1578	0.046068202273409124
6361	0.04653488449614987
8773	0.04656821894063136
4114	0.04660155338511283
