1111	0.0
3157	0.0
3640	0.0
8920	0.0
13436	0.0
7179	3.333444448148232e-05
7699	3.333444448148232e-05
5486	0.0001333377779259362
8971	0.0001333377779259362
9948	0.00016667222240741852
11704	0.003133437781259376
4702	0.003300110003666791
3757	0.004133471115703859
7802	0.0053668455615187155
10679	0.005433514450481673
5604	0.006600220007333582
2502	0.006633554451815064
10480	0.006633554451815064
2581	0.006666888896296547
3719	0.006666888896296547
5060	0.006666888896296547
11718	0.006666888896296547
6935	0.006700223340778029
6485	0.006766892229741001
2368	0.006833561118703958
11715	0.008300276675889201
5102	0.008366945564852159
13228	0.008366945564852159
5010	0.008433614453815137
13443	0.009066968898963305
1219	0.009966998899963338
4008	0.009966998899963338
10877	0.009966998899963338
12471	0.010000333344444813
455	0.010000333344444817
4007	0.010000333344444817
6347	0.010000333344444817
11032	0.010000333344444817
11629	0.010000333344444817
7673	0.010033667788926299
5009	0.010100336677889274
289	0.011500383346111531
4290	0.011667055568518953
7723	0.011700390013000425
10416	0.011700390013000425
2438	0.011700390013000432
504	0.011900396679889326
5349	0.013067102236741228
12485	0.013167105570185668
3756	0.013300443348111608
10461	0.013300443348111608
11505	0.013300443348111608
38	0.01333377779259309
1184	0.01333377779259309
2229	0.01333377779259309
2668	0.01333377779259309
6146	0.01333377779259309
10222	0.01333377779259309
10597	0.01333377779259309
9696	0.01346711557051902
5605	0.013467115570519026
9419	0.013467115570519026
7293	0.014900496683222762
7194	0.014933831127704262
291	0.014967165572185744
13599	0.014967165572185744
11324	0.015833861128704295
8585	0.01590053001766726
3929	0.016233874462482086
12113	0.016533884462815424
1279	0.016633887796259877
1668	0.016633887796259877
3128	0.016633887796259877
3969	0.016633887796259877
5617	0.016633887796259877
6994	0.016633887796259877
9929	0.016633887796259877
13339	0.016633887796259877
5967	0.016633887796259884
73	0.016667222240741353
747	0.016667222240741353
1149	0.016667222240741353
3375	0.016667222240741353
7830	0.016667222240741353
8793	0.016667222240741353
11608	0.016667222240741353
12494	0.016667222240741353
13135	0.016667222240741353
1563	0.01666722224074136
2177	0.01666722224074136
2997	0.01666722224074136
3277	0.01666722224074136
4200	0.01666722224074136
4370	0.01666722224074136
6403	0.01666722224074136
7171	0.01666722224074136
8836	0.01666722224074136
9667	0.01666722224074136
10460	0.01666722224074136
11714	0.01666722224074136
