2014	0.03833438818083233
451	0.04160138671289043
5232	0.041668055601853396
2181	0.04503483449448316
8719	0.04546950450187806
12432	0.046645591642352414
12967	0.04674625943495776
11490	0.048335054869721956
2304	0.05527931867517102
13110	0.0583572395556998
13520	0.05839046362860925
12940	0.06516883896129871
9007	0.06833561118703957
4215	0.07007937053866124
13274	0.07211277165203166
3041	0.07492390660513655
4566	0.07511287165536512
10355	0.07511287165536512
12298	0.07511287165536512
4276	0.07516939081915885
24	0.07683477966545375
4536	0.08144641610684682
10450	0.08168053650840755
12156	0.08177976055166164
5498	0.08180194523763945
1115	0.08191353981587571
2180	0.08332451772918631
9864	0.08344063085268952
4445	0.08520172523030592
7387	0.08660177189852819
10739	0.08671359390909464
5021	0.08833549858573883
10856	0.08980187856875052
869	0.09016855745804683
12504	0.09149145662714958
10064	0.09165812884955699
1408	0.091658239221129
7363	0.09169157366561048
1534	0.09171331463557147
9619	0.09174664908005295
8027	0.091746759451625
3653	0.09175712769020952
2067	0.09183527968212096
12720	0.09346866746171362
9000	0.09511353834425476
7169	0.09516872413026925
2248	0.0985242428928233
3507	0.09896874042958623
6101	0.10018081539172824
8484	0.10178042724055131
11877	0.10186872449817447
7812	0.10346866746171363
4067	0.10511387168869957
7958	0.1055024019195289
2774	0.10838053687631284
12132	0.10838064724788488
8449	0.10841398169236637
6755	0.10841409206393834
268	0.10843583303389936
4624	0.10843583303389936
5019	0.10849090844834182
804	0.10852435326439533
13279	0.10852435326439533
7279	0.1085576877088768
11610	0.1085576877088768
10591	0.11014714983253067
9918	0.11015774104398798
11335	0.11096925081449205
2288	0.11100258525897354
4245	0.11182446326806211
6009	0.1118359463710106
5591	0.11439099252026352
5079	0.11516939081915888
159	0.11535835586938742
2759	0.11680277859875153
6480	0.11683499817886908
1685	0.11786903041695596
4661	0.11855802105332162
5115	0.11855802105332162
12304	0.11868099059266303
3010	0.1190810039264408
12219	0.1201582973613056
11006	0.12080291193652945
10139	0.12169224035450013
4862	0.12180294527097393
1311	0.12183627971545541
7201	0.12183627971545541
4196	0.12187987202694942
4159	0.1218914655014699
990	0.12510294490306867
3966	0.12510294490306867
6975	0.12510294490306867
8194	0.12510294490306867
870	0.12513638971912222
11197	0.12513638971912222
4271	0.1251582410606552
608	0.12527016898333626
9297	0.12527016898333626
171	0.12527998536406063
6291	0.12528009573563265
