4399	0.0001150439084250457
11240	0.0001150439084250457
1720	0.0002817161308324599
6370	0.0019351580103992485
13501	0.0020657768266573433
5312	0.0024151205776473533
6997	0.0024484550221288365
10827	0.0029219110003363795
6364	0.003276802609172371
1321	0.0033151505786473863
6459	0.0033151505786473863
7281	0.0033151505786473863
12960	0.0033151505786473863
13224	0.0033151505786473863
3912	0.0034484883565733177
8815	0.0034484883565733177
9131	0.0034484883565733177
10949	0.0034484883565733177
4089	0.0034818228010547996
8909	0.0034818228010547996
10777	0.0034818228010547996
6107	0.0034818228010548005
2109	0.003515157245536282
9112	0.003515157245536282
3540	0.0037197530390765832
4212	0.0037530874835580656
10503	0.003781832801388145
12988	0.003781832801388145
9983	0.0038864252614839966
1103	0.0041531008173358586
8968	0.004276835943616853
5154	0.004315183913091868
9809	0.004353107484224755
11099	0.004353107484224755
10050	0.004615193913425212
2302	0.004619783040076615
1376	0.004715197246869661
4126	0.004719786373521064
9130	0.004785653763205357
11303	0.004866137329528116
8928	0.004944059166098955
349	0.004986461929372927
1467	0.0051485450251289346
3378	0.0051485450251289346
7342	0.005219803040743306
11299	0.005219803040743306
463	0.005353140818669237
3106	0.00538647526315072
4897	0.00538647526315072
13032	0.00538647526315072
13327	0.00538647526315072
4337	0.0054165564131119165
3408	0.0055531474855581315
6834	0.005578215110525798
1289	0.00565315081900258
12025	0.006633554451815061
4199	0.006648595026795658
4331	0.006648595026795658
8687	0.006648595026795658
10691	0.00665723894724601
4880	0.006710250390765091
7423	0.006710250390765091
7640	0.006710250390765091
2670	0.006748598360240107
3035	0.006748598360240107
3442	0.006748598360240107
3987	0.006748598360240107
8887	0.006748598360240107
9576	0.006748598360240107
10266	0.006748598360240107
10405	0.006748598360240107
10681	0.006748598360240107
11334	0.006748598360240107
12037	0.006748598360240107
468	0.006781932804721589
5083	0.006781932804721589
6017	0.006781932804721589
11880	0.006901990238140173
101	0.006919859709298924
213	0.006919859709298924
2427	0.006919859709298924
5322	0.006919859709298924
5333	0.006919859709298924
7719	0.006919859709298924
12838	0.006919859709298924
13500	0.006919859709298924
4961	0.007017678413927982
2665	0.0070198630427433725
11745	0.0070198630427433725
11574	0.007051012858409464
1413	0.007053197487224855
1462	0.007053197487224855
2658	0.007053197487224855
3497	0.007053197487224855
3618	0.007053197487224855
5379	0.007053197487224855
5995	0.007053197487224855
6128	0.007053197487224855
6367	0.007053197487224855
7087	0.007053197487224855
