5944	0.0003666788892963107
6370	0.0004666822227407594
10653	0.0004666822227407594
7372	0.0006000200006666904
1289	0.0007000233341111373
8010	0.0012000400013333773
5404	0.001466715557185241
1304	0.0015000500016667234
12750	0.0017333911130371004
482	0.0020000666688889633
216	0.002100070002333412
1523	0.002200073335777859
2440	0.002633421114037136
4076	0.0026667555585186183
1558	0.002733424447481582
13501	0.0027667588919630653
13224	0.002766758891963067
11303	0.0031667722257408583
2639	0.0034334477815927186
4126	0.0035667855595186504
12197	0.0036001200040001353
4671	0.0036334544484816177
5307	0.0037001233374445823
1395	0.0037667922264075487
3438	0.0037667922264075487
3710	0.0037667922264075487
1939	0.0037667922264075504
3948	0.0037667922264075504
9690	0.0037667922264075504
9743	0.0037667922264075504
10241	0.0037667922264075504
11677	0.0037667922264075504
12774	0.0038001266708890327
1330	0.003866795559851994
7970	0.0038667955598519974
7288	0.004000133337777927
9440	0.00403346778225941
8054	0.00406680222674089
9655	0.004300143338111271
4345	0.004333477782592753
5312	0.004400146671555721
12450	0.004466815560518686
9765	0.004533484449481649
12345	0.004533484449481649
12600	0.004533484449481649
3646	0.004533484449481651
448	0.004566818893963131
1380	0.004566818893963131
3199	0.004566818893963131
7336	0.004566818893963131
9645	0.004566818893963131
10192	0.004566818893963131
10582	0.004566818893963131
11351	0.004566818893963131
12344	0.004566818893963131
945	0.004566818893963133
1689	0.004566818893963133
2950	0.004566818893963133
3344	0.004566818893963133
5052	0.004566818893963133
48	0.0046001533384446135
8928	0.0046001533384446135
725	0.004600153338444615
5446	0.004600153338444615
13115	0.004600153338444615
3332	0.004666822227407578
9083	0.004666822227407578
2055	0.004700156671889062
9112	0.004733491116370546
12991	0.004800160005333511
1481	0.004900163338777959
7836	0.004933497783259439
5510	0.004933497783259444
2313	0.00503350111670389
2208	0.005166838894629822
1321	0.005300176672555753
1268	0.005300176672555754
3303	0.005300176672555754
7281	0.005300176672555754
11536	0.005300176672555754
6056	0.005333511117037237
501	0.005433514450481684
2719	0.005433514450481684
4199	0.005433514450481684
5715	0.005433514450481684
7368	0.005433514450481684
2092	0.005433514450481685
2453	0.005433514450481685
3251	0.005433514450481685
7926	0.005433514450481685
10004	0.005433514450481685
13322	0.005433514450481685
510	0.005466848894963166
8399	0.005466848894963166
9680	0.005466848894963166
12426	0.005466848894963166
10418	0.005466848894963167
1197	0.005466848894963168
2775	0.005466848894963168
6152	0.005466848894963168
