7253	0.03596786559551985
8700	0.03923464115470516
1190	0.039601320044001465
3004	0.040801360045334835
9630	0.043501450048334944
7980	0.04920164005466848
3314	0.04920164005466849
10663	0.04923497449914997
11274	0.04923497449914997
6173	0.04993499783326111
12107	0.05093503116770559
7004	0.051135037834594485
12356	0.05156838561285376
1326	0.05243508116937231
5107	0.05256841894729824
8151	0.05260175339177973
9724	0.05260175339177973
13312	0.052735091169705664
10962	0.054235141171372375
948	0.05453515117170571
809	0.055635187839594646
3487	0.05573519117303909
9023	0.0557351911730391
11296	0.05586852895096503
8118	0.055901863395446505
9830	0.05590186339544652
9031	0.0574685822860762
9015	0.05856861895396513
11230	0.05906863562118736
2446	0.05926864228807626
10445	0.06093536451215041
11241	0.06103536784559486
13131	0.06106870229007633
5007	0.06256875229174305
3679	0.06376879229307643
13219	0.06410213673789127
2297	0.0642354745158172
4934	0.06426880896029867
10565	0.064635487849595
2427	0.0657355245174839
9579	0.06593553118437281
8367	0.06723557451915063
11268	0.06750225007500249
10419	0.06753558451948398
2080	0.06756891896396545
6077	0.06756891896396547
9714	0.06756891896396547
9898	0.06756891896396547
6013	0.06760225340844694
9788	0.06760225340844694
10373	0.06763558785292842
7021	0.06766892229740992
12430	0.06786892896429882
178	0.06843561452048401
4297	0.0684689489649655
5283	0.06886896229874329
7836	0.0688689622987433
5944	0.06916897229907663
4493	0.06920230674355812
6074	0.06920230674355812
6308	0.0692356411880396
12223	0.0692356411880396
83	0.06926897563252107
723	0.06926897563252107
10640	0.06926897563252107
7898	0.06930231007700256
9890	0.06960232007733591
2082	0.06970232341078036
3065	0.0707690256341878
11806	0.07083569452315078
2382	0.07093569785659522
8901	0.07093569785659522
8701	0.07106903563452116
11425	0.0717357245241508
1439	0.07180239341311376
765	0.07190239674655821
4141	0.07216907230241007
758	0.07253575119170638
5634	0.07253575119170638
7210	0.07256908563618786
879	0.07256908563618787
3438	0.07256908563618787
11328	0.07256908563618789
11737	0.07260242008066936
9581	0.07266908896963233
12229	0.07313577119237308
10409	0.07410247008233606
138	0.074235807860262
5014	0.074235807860262
755	0.07423580786026202
5314	0.07423580786026202
6167	0.07423580786026202
8141	0.07423580786026202
9178	0.07423580786026202
10778	0.07423580786026202
621	0.07426914230474349
1405	0.07426914230474349
2868	0.07426914230474349
6479	0.07426914230474349
8444	0.07426914230474349
