5751	0.0
6223	0.0
6734	0.0
7391	0.00016667222240741332
9729	0.0005000166672222417
5352	0.0005333511117037223
10888	0.0008666955565185507
12216	0.0008666955565185507
8576	0.000900030001000033
7899	0.001466715557185241
2492	0.0017333911130371013
2988	0.0017333911130371013
4829	0.0017333911130371013
6382	0.0017333911130371013
7012	0.0017333911130371013
7415	0.0017333911130371013
7632	0.0017333911130371013
9063	0.0017333911130371013
11907	0.0017333911130371013
12409	0.0017333911130371013
13345	0.0017333911130371013
1509	0.0018667288909630306
13352	0.0021667388912963775
10088	0.0023667455581852723
3155	0.002466748891629721
6186	0.002466748891629721
6722	0.002466748891629721
7110	0.002466748891629721
7729	0.002733424447481583
4441	0.0030667688922964096
5957	0.0033001100036667893
1521	0.0033334444481482716
2144	0.0033334444481482716
2171	0.0033334444481482716
4051	0.0033334444481482716
7878	0.0033334444481482716
7973	0.0033334444481482716
9977	0.0033334444481482716
10674	0.0033334444481482716
11843	0.0033334444481482716
845	0.003366778892629754
2982	0.003366778892629754
4105	0.003366778892629754
4605	0.003366778892629754
9313	0.0039667988932964434
1915	0.004000133337777927
8343	0.004100136671222374
5336	0.004200140004666822
3527	0.004366812227074236
8099	0.00490016333877796
3858	0.005300176672555751
7466	0.005300176672555751
5549	0.005300176672555753
690	0.005333511117037233
3651	0.005333511117037233
8361	0.005333511117037233
10642	0.005333511117037233
1290	0.005633521117370579
1905	0.005633521117370579
5424	0.005633521117370579
9314	0.005633521117370579
9461	0.005633521117370579
11563	0.005633521117370579
3510	0.005733524450815028
37	0.0058001933397779926
3687	0.0058001933397779926
4231	0.0058001933397779926
4256	0.0058001933397779926
3555	0.005800193339777994
7407	0.005800193339777994
6168	0.0060335344511483705
9070	0.006066868895629853
5723	0.00626687556251875
8419	0.006400213340444683
10717	0.006400213340444683
10974	0.006400213340444683
5246	0.00650021667388913
7142	0.00650021667388913
7287	0.00650021667388913
7599	0.00650021667388913
4026	0.006533551118370612
4409	0.006533551118370612
11170	0.006600220007333577
13307	0.006600220007333577
2865	0.006633554451815061
529	0.006666888896296543
885	0.006666888896296543
1308	0.006666888896296543
1977	0.006666888896296543
2212	0.006666888896296543
2352	0.006666888896296543
3018	0.006666888896296543
3020	0.006666888896296543
3042	0.006666888896296543
3170	0.006666888896296543
3693	0.006666888896296543
4499	0.006666888896296543
5006	0.006666888896296543
5047	0.006666888896296543
5714	0.006666888896296543
