11470	0.0101342229802309
3729	0.02000066668888963
13180	0.020134445953103687
1450	0.020967807065140755
2130	0.02186783706614079
5132	0.02196717594042432
8668	0.024301251513289022
12257	0.024559865484925295
7750	0.028566731488596998
9941	0.028841353797634944
4431	0.028875023816289955
11225	0.02993366668521058
10650	0.030056185819348935
6157	0.030101444853067014
8226	0.030101444853067014
658	0.03016822411360201
12347	0.0307251925119912
642	0.030834913003231663
753	0.03183494633767615
7156	0.031840464916277594
11583	0.03313487930088194
7163	0.03322251655880167
12565	0.033255851003283154
6653	0.03328918544776463
3431	0.033468223745696773
2974	0.033501668561750284
3395	0.03521850170925429
4971	0.03601112679229775
4101	0.036522849535341254
5522	0.036522849535341254
11959	0.036522849535341254
6547	0.036634554485149504
3952	0.036677815681927406
3171	0.0366787031139611
7416	0.036711814585569796
4140	0.03683511300989855
7031	0.03737850793465691
12349	0.03819475699357202
6028	0.03831120346152006
13102	0.03855591730426687
9819	0.038677882350816366
7167	0.038801734862734
773	0.039777919018705296
1485	0.03981125346318678
1001	0.03986733114069242
1727	0.03986733114069242
10940	0.03988962842797101
7978	0.03992251692670691
8347	0.039944591241112715
4291	0.04001126013007568
12329	0.04002263286145212
6920	0.04137257083597324
10544	0.04161131346518685
2175	0.04311136346685357
11412	0.04314469791133505
4387	0.04320188153428973
5398	0.043244701244779506
10680	0.043244701244779506
12093	0.043245147190525066
2449	0.04325618434772797
11147	0.04325618434772797
10498	0.04327803568926099
346	0.043344704578223946
1242	0.043344704578223946
4150	0.04336866412826917
2041	0.043468667461713614
4302	0.04352374287615607
4015	0.0435687811667301
12166	0.04394472457889064
13722	0.04405885993301225
2425	0.04412563919354725
12052	0.04421140013474249
9996	0.044368697462713644
492	0.04456053217381493
4347	0.04478405021527472
4781	0.04485083170553845
11570	0.04503483449448315
59	0.04513527931421572
10589	0.04527898533072618
10917	0.04589004694805322
10309	0.04652284953534125
1187	0.04652318287978607
1730	0.04655629435139476
2783	0.04655629435139476
3822	0.04655629435139476
8966	0.04655629435139476
767	0.04658962879587624
7219	0.046611480137409254
7949	0.046611480137409254
8741	0.046611480137409254
9386	0.046611480137409254
11802	0.046611480137409254
5361	0.04664481458189074
6066	0.04664481458189074
13112	0.04666799930120301
5149	0.04667814902637222
7338	0.04667814902637222
53	0.04673389335943305
100	0.04750500267511703
12145	0.04772388288082289
