6390	3.834796947501523e-05
2146	0.0001533918779000644
172	0.0003834796947501627
6223	0.0003834796947501627
118	0.00046017563370019665
195	0.00046017563370019665
3265	0.00046017563370019665
6165	0.00046017563370019665
7089	0.00046017563370019665
9179	0.00046017563370019665
11336	0.00046017563370019665
11497	0.00046017563370019665
12063	0.00046017563370019665
13166	0.00046017563370019665
13245	0.00046017563370019665
26	0.0004985236031752119
49	0.0004985236031752119
101	0.0004985236031752119
117	0.0004985236031752119
161	0.0004985236031752119
162	0.0004985236031752119
176	0.0004985236031752119
187	0.0004985236031752119
213	0.0004985236031752119
229	0.0004985236031752119
245	0.0004985236031752119
349	0.0004985236031752119
372	0.0004985236031752119
410	0.0004985236031752119
463	0.0004985236031752119
467	0.0004985236031752119
524	0.0004985236031752119
539	0.0004985236031752119
622	0.0004985236031752119
692	0.0004985236031752119
883	0.0004985236031752119
908	0.0004985236031752119
963	0.0004985236031752119
994	0.0004985236031752119
1084	0.0004985236031752119
1103	0.0004985236031752119
1126	0.0004985236031752119
1256	0.0004985236031752119
1289	0.0004985236031752119
1317	0.0004985236031752119
1392	0.0004985236031752119
1413	0.0004985236031752119
1462	0.0004985236031752119
1477	0.0004985236031752119
1546	0.0004985236031752119
1582	0.0004985236031752119
1658	0.0004985236031752119
1700	0.0004985236031752119
1739	0.0004985236031752119
2104	0.0004985236031752119
2117	0.0004985236031752119
2149	0.0004985236031752119
2176	0.0004985236031752119
2196	0.0004985236031752119
2199	0.0004985236031752119
2276	0.0004985236031752119
2296	0.0004985236031752119
2302	0.0004985236031752119
2406	0.0004985236031752119
2427	0.0004985236031752119
2435	0.0004985236031752119
2574	0.0004985236031752119
2637	0.0004985236031752119
2638	0.0004985236031752119
2658	0.0004985236031752119
2665	0.0004985236031752119
2673	0.0004985236031752119
2686	0.0004985236031752119
2722	0.0004985236031752119
2829	0.0004985236031752119
2875	0.0004985236031752119
2921	0.0004985236031752119
2984	0.0004985236031752119
3103	0.0004985236031752119
3106	0.0004985236031752119
3169	0.0004985236031752119
3226	0.0004985236031752119
3252	0.0004985236031752119
3323	0.0004985236031752119
3345	0.0004985236031752119
3366	0.0004985236031752119
3408	0.0004985236031752119
3420	0.0004985236031752119
3485	0.0004985236031752119
3497	0.0004985236031752119
3536	0.0004985236031752119
3540	0.0004985236031752119
3548	0.0004985236031752119
3585	0.0004985236031752119
3618	0.0004985236031752119
3632	0.0004985236031752119
3682	0.0004985236031752119
3685	0.0004985236031752119
3753	0.0004985236031752119
3804	0.0004985236031752119
