12113	0.09863662122070742
497	0.10827027567585584
8124	0.11177039234641159
5000	0.11840394679822663
12485	0.12780426014200474
9134	0.12830427680922696
4038	0.135071169038968
11324	0.15243841461382046
6105	0.16177205906863562
836	0.1683389446314877
13054	0.17843928130937703
7724	0.1823394113137105
708	0.1866062202073402
9546	0.18863962132071066
7379	0.19837327910930366
2202	0.2017400580019334
3239	0.20657355245174835
11418	0.20670689022967434
2945	0.21370712357078567
2923	0.21500716690556354
3969	0.215040501350045
4207	0.22170739024634153
10533	0.22464082136071206
3150	0.22480749358311947
8874	0.22860762025400844
278	0.24334144471482383
487	0.24587486249541654
10492	0.24804160138671288
11419	0.2484416147204907
11279	0.2489082969432314
4290	0.2499749991666389
10670	0.25157505250175005
8890	0.251708390279676
6117	0.25550851695056503
12144	0.25564185472849094
2458	0.25694189806326884
2398	0.26167538917963934
11292	0.26494216473882465
7	0.265175505850195
5162	0.26837561252041736
7152	0.27004233474449146
10813	0.27154238474615816
10458	0.2735091169705657
13030	0.27484249474982503
10693	0.2748758291943065
2047	0.27487582919430653
5176	0.2773759125304177
5099	0.28137604586819565
6398	0.28167605586852895
9568	0.2833427780926031
2490	0.2853095103170106
10372	0.2866428880962699
4920	0.288309610320344
12474	0.28834294476482547
13177	0.2890429680989367
1133	0.29140971365712187
402	0.2923764125470849
2278	0.29337644588152945
197	0.295143171439048
12469	0.295143171439048
5192	0.3015767192239741
9562	0.30167672255741856
12198	0.3017433914463815
22	0.30224340811360384
2226	0.30267675589186305
3	0.3033101103370113
1250	0.3048768292276409
13443	0.307643588119604
6938	0.3083436114537151
8886	0.3083769458981966
4940	0.31154371812393744
3013	0.31244374812493747
7309	0.3133437781259375
13264	0.3139437981266042
2526	0.31507716923897466
12935	0.3167105570185673
6316	0.31747724924164145
11427	0.3179772659088636
13135	0.3183772792426414
173	0.3185439514650489
8967	0.3225440848028268
5903	0.32487749591653053
2877	0.32494416480549354
5041	0.32641088036267873
7590	0.3266775559185306
8038	0.32684422814093805
3673	0.32851095036501216
1137	0.3291443048101603
414	0.3314443814793827
6048	0.3316443881462715
7200	0.33194439814660487
2240	0.33344444814827157
10577	0.33634454481816056
7723	0.33671122370745693
10608	0.33681122704090133
419	0.33837794593153103
7788	0.33837794593153103
2079	0.33844461482049404
8729	0.3397113237107904
4509	0.3399779992666422
