727	0.2674755825194173
10473	0.2696423214107137
7088	0.27290909696989896
12981	0.29144304810160343
13183	0.31641054701823407
2872	0.3201440048001601
2320	0.33357778592619747
7605	0.3378445948198273
4003	0.34171139037967935
4921	0.3733124437481249
716	0.38047934931164373
13437	0.38191273042434737
7595	0.39351311710390346
2024	0.4086469548984966
5296	0.416547218240608
8999	0.41681389379645983
10375	0.42714757158571953
1161	0.4296476549218307
6080	0.44304810160338676
693	0.46001533384446136
155	0.46514883829460985
13432	0.46828227607586925
4115	0.4692823094103136
4916	0.46974899163305456
3941	0.47431581052701755
695	0.4760492016400546
10391	0.48644954831827725
7904	0.49161638721290707
5919	0.492983099436648
5953	0.49351645054835164
8680	0.49528317610587014
1248	0.49841661388712954
3136	0.500516683889463
4057	0.5084502816760559
12271	0.511217040568019
7628	0.5171172372412414
5910	0.5176505883529451
12155	0.5243508116937231
8715	0.5301176705890196
4981	0.531451048368279
5087	0.5364178805960198
13175	0.5370512350411679
1348	0.5413180439347978
5940	0.5415847194906497
1472	0.5428180939364646
325	0.5429514317143904
7116	0.5430514350478348
8703	0.5442848094936498
169	0.5444181472715757
5444	0.5470182339411314
13264	0.5480849361645388
9565	0.5549851661722057
12144	0.5595186506216874
9190	0.5611853728457615
1123	0.5625187506250209
3028	0.5687856261875395
5103	0.5743191439714659
5984	0.5867862262075403
6290	0.5903530117670589
8693	0.5966865562185407
9600	0.6035201173372445
10709	0.6051868395613188
3656	0.6102870095669856
299	0.6131204373479116
355	0.6133204440148005
13130	0.6157871929064302
1107	0.6166872229074303
2945	0.6216540551351711
2358	0.6283209440314678
12189	0.6345878195939865
2065	0.6397546584886162
11631	0.6398879962665422
12293	0.6403213440448016
9783	0.6487549584986166
6987	0.6604220140671355
9597	0.6610220340678022
4919	0.665422180739358
7118	0.6655221840728026
12101	0.6713890463015433
7093	0.6734557818593953
4045	0.6740891363045434
12993	0.6771225707523583
1820	0.6787892929764325
109	0.6820560685356178
1283	0.6830561018700624
6933	0.6851228374279142
46	0.6879562652088403
3965	0.6881562718757293
128	0.6922897429914331
6111	0.6994233141104703
2044	0.7000900030001002
12104	0.7019900663355445
9040	0.7020900696689889
9863	0.7037234574485818
4933	0.7041901396713223
1101	0.7050235007833595
9568	0.7117903930131004
5192	0.7138237941264709
1122	0.7164905496849896
7001	0.718257275242508
