12443	0.2615847972962713
9585	0.3311796834498851
12304	0.33588039866882047
13279	0.34510198953239957
2067	0.3593334866633905
3653	0.3615907406300519
10739	0.3668144275734629
9706	0.37071266342324216
5021	0.3741928229068191
7812	0.3967148593482384
7080	0.4014959658256283
11285	0.4029494113371357
11343	0.4106419308536726
7279	0.4209927206960542
3512	0.44084900799035753
4159	0.4540271551772036
2866	0.45672088558179486
4215	0.459184508805825
12308	0.4683590222033121
12967	0.4771401764473663
5472	0.48776072110097285
4624	0.5139739694578579
2357	0.5174511199225167
6063	0.5187951653400651
5048	0.5241522306953285
7141	0.5306629326685602
5243	0.53229409963834
3429	0.5382049842956601
7169	0.5457416950487111
13299	0.546147884731065
8791	0.5524741379696064
9569	0.5606421917319337
12254	0.5609513447349156
3262	0.564042305069045
7252	0.57085334146814
5019	0.5722503261314131
5936	0.5738281552328354
7937	0.5819535858119188
10744	0.5825641041791826
2353	0.5868132978037852
1438	0.5891361749761912
8977	0.5908413042776028
9864	0.5941000541820519
6076	0.5941753050430685
9804	0.5941755280159414
4699	0.5973908637333751
7526	0.5975858992200651
6939	0.5990887308083199
2931	0.6008311567821623
11467	0.6020583629659204
10450	0.6026774736214862
4245	0.6107323786846537
7727	0.6118864687851573
9619	0.6141897860162916
10863	0.6142203433336426
8050	0.6143433084135266
9000	0.6175564545373494
5115	0.6207327120290986
10139	0.6226121403400311
5988	0.6256665453865317
3738	0.6308870092570664
2304	0.6308897908436544
13110	0.6315000493360643
8674	0.6419873792694
4196	0.6440218952471346
1215	0.644210749925791
4458	0.6474336020587662
10836	0.6475658249723282
295	0.6494992227522542
7588	0.6525433610128273
8258	0.6532441636371288
13093	0.6539670428055648
3507	0.6567452848004763
10647	0.6575895660089581
58	0.6578366068166599
3236	0.6591006576272851
1349	0.66216607976343
6480	0.6639778547601662
7221	0.664177861427055
451	0.6643350483834543
13048	0.6651664321773341
11755	0.6708331568488312
8774	0.6772050625095616
1252	0.6772379813588439
2028	0.6775218970866607
8719	0.6804675972833563
10935	0.6807565634373004
10655	0.6808668246377574
837	0.6808886759792905
9817	0.6808899012152264
1408	0.6809470848381811
12343	0.683568475450867
9716	0.6860153332436336
4726	0.6875673813229803
11782	0.6875888993200685
8717	0.6909620269531739
10099	0.6973018206314923
2620	0.7009226771126615
5232	0.7009696028686037
5030	0.7020761677023345
