280	0.0
11668	3.333444448148232e-05
8967	0.0008333611120370683
11576	0.0016667222240741367
5148	0.003366778892629754
11428	0.004133471115703847
7816	0.005000166672222407
7403	0.005966865562185413
1563	0.006633554451815063
3242	0.006633554451815063
12305	0.006633554451815063
10612	0.006666888896296545
211	0.0067002233407780255
7751	0.0067002233407780255
8609	0.0067002233407780255
8994	0.0067002233407780255
9657	0.0067002233407780255
12167	0.0067002233407780255
13330	0.0067002233407780255
6493	0.006700223340778027
3745	0.006700223340778029
4224	0.006733557785259515
13117	0.008333611120370678
8754	0.008366945564852171
6280	0.009166972232407753
7712	0.009966998899963322
7	0.010000333344444815
555	0.010000333344444815
1305	0.010000333344444815
2669	0.010000333344444815
2923	0.010000333344444815
7200	0.010000333344444815
8616	0.010000333344444815
10835	0.010000333344444815
13507	0.010000333344444815
13671	0.010000333344444815
12434	0.010000333344444818
5488	0.010033667788926304
11040	0.010033667788926304
13417	0.010033667788926304
5553	0.010133671122370744
3676	0.010167005566852233
4190	0.011633721124037459
7009	0.011633721124037462
2472	0.01163372112403747
1179	0.012067068902296741
10598	0.012500416680556023
4948	0.0125337511250375
4713	0.012767092236407882
8045	0.013300443348111606
12453	0.01330044334811161
7829	0.013333777792593088
2398	0.013367112237074577
6377	0.013367112237074577
3324	0.013367112237074581
197	0.013467115570519016
11409	0.013500450015000501
6998	0.014733824460815356
1421	0.015000500016667213
1520	0.015000500016667221
11561	0.015033834461148693
8729	0.015200506683556126
10750	0.01536717890596353
4516	0.016133871129037625
8197	0.01653388446281543
12956	0.016633887796259877
9150	0.016700556685222835
2085	0.016700556685222842
13034	0.016700556685222846
4594	0.016833894463148775
9769	0.017467248908296935
7831	0.017500583352778425
12403	0.01756725224174139
9810	0.017567252241741403
2268	0.01790059668655622
1663	0.018167272242408074
3535	0.018267275575852525
11754	0.018267275575852525
4509	0.018300610020334
10767	0.018300610020334
11057	0.018300610020334
8759	0.01833394446481549
4293	0.019033967798926632
8360	0.019200640021334037
6285	0.01923397446581552
4505	0.019300643354778484
6043	0.019367312243741455
1609	0.019967332244408144
3471	0.020000666688889623
8286	0.020000666688889633
9215	0.020000666688889633
2038	0.02003400113337111
2202	0.02003400113337111
11759	0.02003400113337111
4957	0.020067335577852598
964	0.020134004466815555
2097	0.020467348911630392
3012	0.02066735557851928
505	0.021134037801260046
2619	0.021334044468148926
