1666	3.333444448148232e-05
708	0.011733724457481914
8591	0.016733891129704317
5069	0.018367278909296972
310	0.020000666688889626
10372	0.021700723357445245
13471	0.021700723357445245
5986	0.021734057801926734
487	0.023367445581519375
5034	0.030034334477815915
7135	0.03013433781126038
130	0.03330111003700124
136	0.03330111003700124
1133	0.03330111003700124
2526	0.03330111003700124
2781	0.03330111003700124
2882	0.03330111003700124
2928	0.03330111003700124
2939	0.03330111003700124
3201	0.03330111003700124
3445	0.03330111003700124
3925	0.03330111003700124
4395	0.03330111003700124
4963	0.03330111003700124
5176	0.03330111003700124
5579	0.03330111003700124
6081	0.03330111003700124
6316	0.03330111003700124
7119	0.03330111003700124
7567	0.03330111003700124
8445	0.03330111003700124
9276	0.03330111003700124
9307	0.03330111003700124
9726	0.03330111003700124
9802	0.03330111003700124
10557	0.03330111003700124
10873	0.03330111003700124
11442	0.03330111003700124
11530	0.03330111003700124
11545	0.03330111003700124
12499	0.03330111003700124
13614	0.03330111003700124
13756	0.03330111003700124
898	0.03333444448148271
1599	0.03333444448148271
4524	0.03333444448148271
4666	0.03333444448148271
7566	0.03333444448148271
1845	0.033334444481482726
2198	0.033334444481482726
6048	0.033334444481482726
7497	0.033334444481482726
8596	0.033334444481482726
9262	0.033334444481482726
11864	0.033334444481482726
12117	0.033334444481482726
12467	0.033334444481482726
13144	0.033367778925964195
2269	0.033434447814927166
3086	0.033434447814927166
3599	0.033434447814927166
3877	0.033434447814927166
4160	0.033434447814927166
5252	0.033434447814927166
6353	0.033434447814927166
7124	0.033434447814927166
7541	0.033434447814927166
7604	0.033434447814927166
9001	0.033434447814927166
9221	0.033434447814927166
9348	0.033434447814927166
9736	0.033434447814927166
9905	0.033434447814927166
10328	0.033434447814927166
11532	0.033434447814927166
13009	0.033434447814927166
2685	0.03476782559418647
1386	0.03496783226107537
11839	0.03496783226107537
5428	0.035034501150038345
2170	0.036367878929297645
12111	0.03650121670722358
11478	0.03660122004066802
6989	0.03663455448514951
4029	0.036667888929630986
3405	0.03730124337477917
1844	0.038367945598186605
752	0.03880129337644588
7940	0.03906796893229775
12038	0.03996799893329777
1580	0.039967998933297784
4114	0.039967998933297784
4225	0.039967998933297784
8954	0.039967998933297784
13050	0.039967998933297784
13034	0.040001333377779245
2752	0.04000133337777926
438	0.04003466782226075
7875	0.04010133671122371
8751	0.04010133671122371
