12256	0.003968134725427558
1583	0.005203002235289441
1256	0.010635023621724101
11815	0.010668358066205577
5020	0.013367112237074558
9661	0.014833827794259825
1816	0.016367212240408015
11572	0.017335246962502125
2362	0.019867328910963693
7643	0.019867328910963693
12950	0.019867328910963693
13231	0.019867328910963693
2548	0.020710984239414053
10366	0.021103107854614576
12457	0.021208391879478768
1127	0.021289032677717458
7474	0.021867725383383593
6237	0.022382719988481736
10645	0.023202800756011457
10059	0.023548733980565256
49	0.023702125858465324
4075	0.023702125858465324
5445	0.023702125858465324
9291	0.023702125858465324
9703	0.023935466969835693
7547	0.02510885168734318
13498	0.025434181139371327
9641	0.027202242529021016
13426	0.028501279835198665
11059	0.030468012059606135
12986	0.03050134650408761
4405	0.03133838530898711
2525	0.031371719753468585
3173	0.031371719753468585
5424	0.032101399839198796
11346	0.03213473428368029
9967	0.03252215883771907
7244	0.03363579031394719
12975	0.03390145984119887
383	0.03403580364772498
4939	0.0345182180102147
97	0.03513483428701372
1075	0.03513483428701372
1850	0.03513483428701372
6127	0.03513483428701372
10621	0.03513483428701372
11808	0.03513483428701372
12204	0.03513483428701372
13441	0.03513483428701372
194	0.0351681687314952
1296	0.0351681687314952
5128	0.0351681687314952
5269	0.0351681687314952
5717	0.0351681687314952
6288	0.0351681687314952
8231	0.0351681687314952
9328	0.0351681687314952
9359	0.0351681687314952
10173	0.0351681687314952
11964	0.0351681687314952
12380	0.0351681687314952
12846	0.0351681687314952
6665	0.03516816873149521
1366	0.0352015031759767
3240	0.0352015031759767
7350	0.03530150650942113
7635	0.03546817873182856
583	0.03550151317631004
565	0.036509231700010275
1857	0.037468245400717526
4384	0.037503277438567524
4172	0.037503921705930296
12465	0.037818280716475874
11235	0.03784227967573864
13553	0.03803460115337179
9165	0.03803860864976513
13097	0.03836827540171754
11480	0.03836827540171755
11588	0.03850161317964347
270	0.038534947624124974
12765	0.03876828873549534
713	0.03876828873549535
826	0.03910163318031017
2013	0.03948905773434898
8805	0.04055714308729315
11331	0.040635017626458374
2544	0.04099706009169768
4402	0.04111364436157537
10652	0.04113737615441191
547	0.041605394209283775
8912	0.04173505429434729
12300	0.04178539407360417
3558	0.04186839207227325
4729	0.042876110595973474
7645	0.042876110595973474
4409	0.043636123658392
2384	0.043875122562118674
1988	0.0440017965190881
13162	0.04413614032561424
7043	0.04446948477042906
