9864	0.01666722224074136
36	0.13675922730235512
5030	0.17734024206392263
11467	0.18374245024923636
67	0.19364078541536767
2422	0.20867661472138543
12940	0.25583696229106895
7937	0.2706816737242469
10001	0.27119368879663763
4508	0.28726089103671226
13279	0.2973825637539146
7812	0.2990492859779887
5987	0.3046788174056211
7006	0.31013666016271946
6509	0.31459613293396266
24	0.3157165082187301
3289	0.3158293078952906
4262	0.3158506439346036
2930	0.32126302183025923
11075	0.3213510267585352
6149	0.3245964662784075
6063	0.3246176028332336
11223	0.3259268517903632
12138	0.33433072252046114
11353	0.33471813899560976
877	0.3395642303040539
13110	0.34135169344742483
7024	0.3586866020002304
2067	0.35979843758880087
9716	0.38068534051313985
3429	0.38068783406922624
9877	0.38156443344380075
2401	0.38625458655539047
3073	0.3926837456816046
820	0.39605551168640707
2512	0.4003399984258914
5619	0.4023733995392619
5345	0.4024067339837434
8717	0.40474014509744716
6101	0.4058667396044534
1543	0.4123737328837067
3347	0.4126560650381854
5019	0.4186886020668993
9100	0.4313574863302449
4271	0.4365193117103434
890	0.4369342423767084
8774	0.43775769967068956
2353	0.43927462958026325
193	0.4399366364516413
660	0.4399366364516413
851	0.4399366364516413
858	0.4399366364516413
1071	0.4399366364516413
1766	0.4399366364516413
1779	0.4399366364516413
2004	0.4399366364516413
2357	0.4399366364516413
2409	0.4399366364516413
2503	0.4399366364516413
2806	0.4399366364516413
2942	0.4399366364516413
3337	0.4399366364516413
4802	0.4399366364516413
5358	0.4399366364516413
6139	0.4399366364516413
6159	0.4399366364516413
6527	0.4399366364516413
6735	0.4399366364516413
7252	0.4399366364516413
8077	0.4399366364516413
8675	0.4399366364516413
9764	0.4399366364516413
9891	0.4399366364516413
9896	0.4399366364516413
9921	0.4399366364516413
10607	0.4399366364516413
11377	0.4399366364516413
12592	0.4399366364516413
12718	0.4399366364516413
12882	0.4399366364516413
12990	0.4399366364516413
13084	0.4399366364516413
13401	0.4399366364516413
13413	0.4399366364516413
13544	0.4399366364516413
226	0.43996997089612283
274	0.43996997089612283
833	0.43996997089612283
1041	0.43996997089612283
1191	0.43996997089612283
1341	0.43996997089612283
1534	0.43996997089612283
2028	0.43996997089612283
3085	0.43996997089612283
3385	0.43996997089612283
4774	0.43996997089612283
4895	0.43996997089612283
5449	0.43996997089612283
5840	0.43996997089612283
5874	0.43996997089612283
