1582	0.0
8927	0.00333344444814827
453	0.003834796947501629
11048	0.004796482312471095
5390	0.004966832227740928
4476	0.006500216673889128
9078	0.006633554451815061
13411	0.006633554451815061
13509	0.006666888896296543
9477	0.007433581119370647
11497	0.007592253688690469
5234	0.008109338327792787
3323	0.008466948898296611
6017	0.00900163584213145
13098	0.009100303343444784
11416	0.00996699889996333
12524	0.00996699889996333
229	0.009966998899963334
539	0.009966998899963334
6162	0.010000333344444813
3682	0.010000333344444817
1317	0.010100336677889265
8433	0.010120390777863395
9846	0.01046835139931669
8790	0.010496672318804637
13317	0.01050168584379817
8095	0.011333711123704127
2109	0.011401715844798207
10399	0.011600386679555989
12915	0.01161879048356718
3536	0.01163372112403747
2637	0.01166705556851895
4126	0.012333744458148608
6481	0.012824111176320315
463	0.012967098903296781
8252	0.013000433347778262
5067	0.013133771125704189
10788	0.013133771125704189
11485	0.013200440014667159
429	0.013235110291279753
13359	0.013300443348111604
3618	0.013300443348111606
8247	0.013300443348111606
1546	0.013333777792593086
2435	0.013333777792593086
2574	0.013333777792593086
3366	0.013367112237074569
101	0.013433781126037537
5322	0.013433781126037537
5333	0.013433781126037537
7719	0.013433781126037537
13500	0.013433781126037537
4359	0.013472773362875312
1266	0.01348716967049315
4275	0.013668458069539029
4199	0.013835130291946445
6008	0.013868464736427928
12170	0.013868464736427928
1321	0.013968468069872376
2133	0.014070875901152836
2913	0.014070875901152838
8479	0.014144098676561963
2104	0.014300476682556084
11594	0.01433381112703757
1289	0.014733824460815363
3408	0.01480049334977833
3106	0.01496716557218574
4897	0.01496716557218574
13032	0.01496716557218574
13327	0.01496716557218574
1720	0.015168508071205756
190	0.015339187790006521
1344	0.015339187790006521
3990	0.015339187790006521
1467	0.015435183627057618
3378	0.015435183627057618
2302	0.015733857795259844
6189	0.015814828397029454
1376	0.01586853140531689
10050	0.01596853473876134
5141	0.016235210294613195
5154	0.016268544739094684
8822	0.01636988390467025
7189	0.016447805741241085
9983	0.016467215573852466
13224	0.01650188585046506
12492	0.01656721890729691
4212	0.016600553351778395
11679	0.01662151888554151
11672	0.016633887796259874
3103	0.016633887796259877
1462	0.01666722224074136
7087	0.01666722224074136
2276	0.01670055668522284
2267	0.01689822149138044
8909	0.017101905851131752
521	0.01713524029561323
7240	0.017168574740094714
6364	0.017230230104064152
11099	0.01726724224140805
