7883	0.23238670047171509
3979	0.2625269195247685
10379	0.26481719194561393
11737	0.2723030623896614
12058	0.2937909172135803
2375	0.30359718003672015
10530	0.31762418093675016
5947	0.32713168739611587
13113	0.32834349249550143
3255	0.33062343908195635
2989	0.33131522554019777
1176	0.3499360423125215
7580	0.35716458522473626
7581	0.3591301396321054
11422	0.37686341178692884
2058	0.37689674623141034
7255	0.386583342320561
10398	0.3883084991721947
1152	0.38981495330890115
786	0.3899501212131907
7880	0.39189724624807754
10553	0.3934972995831887
9705	0.39519735625174435
30	0.4024309307042261
713	0.40586503079514413
2319	0.40716442182059664
85	0.40732677363755265
13155	0.40761947489752925
80	0.40846446515537443
2937	0.4115645684921524
7108	0.4144646651620414
1335	0.4151646884961525
12085	0.4185314673887822
502	0.4185648018332637
10441	0.4189412836637039
5351	0.41896481516704154
8714	0.4217982429479675
26	0.42183157739244903
56	0.42186491183693053
4907	0.42526502517404174
9122	0.42526502517404174
1121	0.4276651051767085
7576	0.42853180073322705
10370	0.42853180073322705
7273	0.4296651718455975
1141	0.4301985229573012
108	0.43183191073689386
7055	0.43519868962952357
12680	0.43519868962952357
2009	0.43673207407567183
10424	0.43689874629807923
13026	0.43703208407600513
4938	0.4384654651887089
4220	0.439298826300746
3504	0.4417989096368572
1366	0.4419322474147831
7926	0.4419322474147831
13293	0.4450656851960425
3077	0.4451990229739684
4417	0.4485324674221167
3316	0.44877365062495544
12362	0.45180604059351004
3155	0.45186591187026504
3104	0.45189924631474643
12975	0.4534992996498576
4238	0.4543659952063762
12107	0.454688226862464
13497	0.45519935631841324
5992	0.45583336307288674
7083	0.4560183378661642
2408	0.45819945632174663
4901	0.45853280076656155
10061	0.45853280076656155
1166	0.45859946965552445
10004	0.45912015498555836
12135	0.4603577635594389
12312	0.4611359176024822
7120	0.4619076831972831
7137	0.46206625188159867
7631	0.46506635188493206
5570	0.4666997396645248
5042	0.4683331274441175
9666	0.4684997996665249
5909	0.4691279251792053
9092	0.47143323078089533
11423	0.4716423880796027
702	0.4717999096701916
8351	0.4717999096701917
10484	0.4717999096701917
3101	0.4718999130036361
10363	0.4718999130036361
9708	0.47353330078322875
1256	0.47370062008602903
12581	0.47756284555890427
2335	0.4775961800033858
3951	0.4776667718989326
8950	0.4782667918995993
3938	0.4785668018999326
13197	0.4818750154416912
10421	0.4866337374644515
