8493	0.00527564338044054
9665	0.007430862157702816
1500	0.007605801199624031
13513	0.010570492064170935
891	0.010903836508985762
801	0.011330567763694163
2984	0.012965291375417935
187	0.012965291375417942
4127	0.013070575400282138
502	0.013903936512319208
2061	0.015574336429255748
11034	0.01600400651465262
11827	0.01642641580913585
4915	0.01700664887625462
2460	0.01723738096046748
2376	0.01727071540494897
12963	0.01750613121062442
12391	0.01785030420470498
7043	0.018296130828192942
6348	0.018323225850060076
11337	0.0190774392279055
2149	0.019165498048973724
54	0.019230831105805566
5645	0.019230831105805566
11705	0.019537457629689767
5240	0.019702526853539844
10212	0.020074486434255925
1488	0.020470822075171306
4965	0.02057082540861575
10530	0.020570825408615753
11265	0.020570825408615753
4631	0.020741175323885565
2132	0.021006247881180093
8742	0.021258259962987896
4982	0.021283971855318322
464	0.02139756999710193
7508	0.021487703512475226
11486	0.02180787754729303
867	0.02184121199177451
13184	0.02217455643658932
1332	0.022824868919107275
4229	0.023065628053307197
8948	0.02326429888806496
10174	0.023737597634356608
12323	0.02377093207883809
191	0.023870935412282537
950	0.023870935412282537
1038	0.023870935412282537
1338	0.023870935412282537
2469	0.023870935412282537
3043	0.023870935412282537
3292	0.023870935412282537
4068	0.023870935412282537
4197	0.023870935412282537
4292	0.023870935412282537
6711	0.023870935412282537
8043	0.023870935412282537
8112	0.023870935412282537
8416	0.023870935412282537
9391	0.023870935412282537
9429	0.023870935412282537
12238	0.023870935412282537
12487	0.023870935412282537
12493	0.023870935412282537
12897	0.023870935412282537
13213	0.023870935412282537
13552	0.023870935412282537
9747	0.02390426985676402
1867	0.023904269856764027
7641	0.023904269856764027
9607	0.023904269856764027
11389	0.023904269856764027
7302	0.02393760430124551
11313	0.02419169107735836
4504	0.0243042831905418
13553	0.024464338889398345
5497	0.024765684721862816
8565	0.024802696859206698
2414	0.02502137449653303
5068	0.025570992080838156
10954	0.025570992080838156
12341	0.025604326525319646
7683	0.02577467644058946
10007	0.02587100208117149
9824	0.02600433985909742
6088	0.026037674303578902
4605	0.02603767430357891
8414	0.02613767763702335
12338	0.02615831336725554
7651	0.026171012081504824
1165	0.026198688733630023
7867	0.026237680970467796
7378	0.026237680970467803
4438	0.026371018748393732
3698	0.026741375330552458
8217	0.026741375330552458
3915	0.026774709775033954
13140	0.02685844663587698
11626	0.02686575472419621
11041	0.026904369860097456
