11642	0.0001333377779259015
7692	0.00016667222240740465
10348	0.000633354445148164
4972	0.0018333944464815205
1162	0.0034667822260741714
1625	0.0034667822260741957
720	0.003500116670555678
9809	0.0035667855595186704
2117	0.0036001200040001527
12620	0.005200173339111297
9594	0.006700223340778015
8122	0.006700223340778029
9532	0.0067335577852594974
7381	0.006800226674222448
9625	0.006800226674222448
9945	0.006800226674222448
11338	0.006800226674222448
11398	0.006800226674222448
12127	0.006800226674222448
12279	0.006800226674222448
13333	0.0068335611187039305
297	0.006833561118703951
3908	0.006833561118703951
5201	0.006833561118703951
6019	0.006833561118703951
6962	0.006833561118703951
2	0.008133604453481807
793	0.008333611120370676
4909	0.008500283342778081
2406	0.00983366112203743
4422	0.00983366112203743
7187	0.00983366112203743
2572	0.010133671122370715
2547	0.010167005566852218
8724	0.010167005566852218
10448	0.011800393346444862
8932	0.013500450015000491
11312	0.014867162238741308
5385	0.01606720224007465
1786	0.01643388112937097
4611	0.016500550018333962
6359	0.016500550018333962
11396	0.016500550018333962
1256	0.016533884462815437
9950	0.016533884462815437
12062	0.016533884462815437
9779	0.016533884462815444
13139	0.016667222240741353
8052	0.01666722224074136
5980	0.01680056001866726
11636	0.016800560018667282
11239	0.016833894463148757
7690	0.017167238907963615
9757	0.01730057668588954
867	0.019800660022000767
2021	0.01986732891096371
174	0.019867328910963718
2013	0.019867328910963718
4551	0.019867328910963725
10530	0.020134004466815552
1227	0.020167338911297027
4988	0.020600686689556336
10765	0.021300710023667468
2104	0.022234074469148983
8931	0.023067435581186048
8161	0.023167438914630505
468	0.02316743891463051
2489	0.02316743891463051
3104	0.02316743891463051
3937	0.02316743891463051
4947	0.02316743891463051
12224	0.02320077335911198
4556	0.023200773359111984
10568	0.023200773359111984
3397	0.023334111137037872
12147	0.0233341111370379
2435	0.02333411113703791
3504	0.0234674489149638
10365	0.0234674489149638
4014	0.02346744891496383
10487	0.02346744891496383
9843	0.023500783359445283
3658	0.0235007833594453
4968	0.023500783359445304
5297	0.023500783359445304
9656	0.023500783359445304
10466	0.023500783359445304
12063	0.023500783359445304
1432	0.024300810027000887
13063	0.024867495583186117
144	0.024900830027667596
9708	0.025134171139037955
10540	0.025367512250408356
13115	0.026000866695556506
4134	0.026467548918297307
1174	0.02653421780726025
5312	0.02653421780726025
7926	0.02653421780726025
7933	0.02653421780726025
5056	0.026534217807260264
