8904	0.0
171	3.344481605351002e-05
4196	0.0034002237086832587
7188	0.0035002270421277196
13629	0.006633554451815064
10852	0.006688963210702344
5482	0.008389019879257956
10647	0.01013411260865887
5591	0.01088910321536915
233	0.01205150428091193
11343	0.013339406742766565
7024	0.013712707926384616
1725	0.014967165572185744
4733	0.01590053001766726
2357	0.01666722224074136
5358	0.01666722224074136
7279	0.01672240802675585
11610	0.01672240802675585
1110	0.016722408026755856
1441	0.016722408026755856
1769	0.016722408026755856
4620	0.016722408026755856
6480	0.016722408026755856
7221	0.016722408026755856
8855	0.016722408026755856
10921	0.016722408026755856
5221	0.016755742471237338
7252	0.016801001504955414
8050	0.016856187290969903
1891	0.01845646359895386
8774	0.018461430319695167
6063	0.018733624454148466
7310	0.0191006366878896
7779	0.019928145876880406
12592	0.020011703846092535
1204	0.020044815317701234
742	0.02004503829057401
2409	0.020145483110306582
6937	0.020200227410032964
729	0.02185657693606509
6963	0.022189256921719018
8870	0.022201181510955615
159	0.02325551765883834
3429	0.023334111137037906
1814	0.02335596247857092
11877	0.023411371237458185
3653	0.02342263136753387
2678	0.023434555956770478
1685	0.023489964715657743
2925	0.02406791040191865
1438	0.02505016722408027
1281	0.025122688036089497
6441	0.02593463929288168
4661	0.026722741371200665
7369	0.026722741371200672
7937	0.026722741371200672
9822	0.026722741371200672
2248	0.026755852842809354
11353	0.02675607581568215
5293	0.026856079149126605
7509	0.02800093336444548
13499	0.02830635157180825
10165	0.02995607211433247
5387	0.03000100003333445
13029	0.03000100003333445
12505	0.030011814217664565
8675	0.030045148662146047
4159	0.03005618581934894
5396	0.030056185819348945
5722	0.030056185819348945
11365	0.03142753141938622
7988	0.03145689694673211
7728	0.031790241391546945
12190	0.031790241391546945
8329	0.03318962360060832
2957	0.03325629248957128
4855	0.03330111003700124
9817	0.03330111003700124
10935	0.03330111003700124
11044	0.03330111003700124
1118	0.03333444448148271
10016	0.03335629582301573
12970	0.03335629582301573
13487	0.03335629582301573
6328	0.033389296923052404
2503	0.033389630267497215
6139	0.033389630267497215
9764	0.033389630267497215
9921	0.033389630267497215
10607	0.033389630267497215
13413	0.033389630267497215
9861	0.0334113712374582
10655	0.0334113712374582
12633	0.0334113712374582
804	0.033422964711978684
13279	0.033422964711978684
2067	0.03344481605351169
2457	0.03344481605351171
10836	0.03344481605351171
6159	0.03352340953171126
