5584	0.00016722408026755703
11664	0.00033444816053511753
3046	0.0013377926421404701
9202	0.0030434782608695643
4955	0.003511705685618729
10799	0.003511705685618729
2155	0.003645484949832776
2510	0.003645484949832776
2971	0.003645484949832776
3439	0.003645484949832776
3461	0.003645484949832776
4308	0.003645484949832776
5186	0.003645484949832776
6030	0.003645484949832776
7918	0.003645484949832776
8688	0.003645484949832776
10464	0.003645484949832776
10768	0.003645484949832776
10795	0.003645484949832776
7261	0.003678819394314258
8428	0.003678819394314258
9545	0.003678819394314258
13361	0.003678819394314258
9096	0.003778822727758712
11460	0.003778822727758712
2495	0.0046822742474916385
135	0.00597690937524005
13080	0.006967892240778151
12071	0.006989966555183944
5691	0.007012263842462525
11693	0.00703467150131314
2083	0.008612317177573704
5965	0.009609922337433536
7280	0.009710367157166111
6604	0.01027903940164784
11613	0.01027903940164784
806	0.010312373846129323
1201	0.010312373846129323
395	0.010345818662182833
8039	0.011079066069203426
11456	0.011945761625721977
7938	0.012040133779264214
369	0.012274247491638794
12440	0.012385842069875013
4155	0.013010477160832902
9910	0.013043478260869566
7029	0.013065885919720174
3425	0.013076923076923076
11461	0.013545814960833149
4435	0.013612483849796114
5228	0.013612483849796114
318	0.013678929765886288
2118	0.013678929765886288
4284	0.013678929765886288
7232	0.013678929765886288
1719	0.013768118915000623
10073	0.014343854940092209
4954	0.015701404093625866
4795	0.015712330879256737
9037	0.016343811237409144
3089	0.016345908297277695
10594	0.016612583853129557
1651	0.01674592163105549
5229	0.01684548347821182
11474	0.01684548347821182
1364	0.01693489114074148
241	0.016968225585222964
7704	0.016968225585222964
6988	0.016979262742425866
321	0.017251896133438555
8897	0.017525083612040134
3989	0.01800501488288183
3732	0.018812434216034634
10664	0.01897932941131483
11587	0.019531772575250832
1369	0.019677255685557414
6263	0.019710700501610924
7422	0.019710700501610924
12642	0.019710700501610924
13142	0.01997792568559421
6925	0.019978698286598408
9255	0.020111704949808254
9683	0.020168332255445308
3091	0.020178704953487305
249	0.02017892792636009
2452	0.020212703857129692
10520	0.020212703857129692
4396	0.020234113712374577
13282	0.020268335588889755
2093	0.020279372746092653
4049	0.020279372746092653
4251	0.020279372746092653
5974	0.020279372746092653
6108	0.020279372746092653
7115	0.020279372746092653
9204	0.020279372746092653
10549	0.020279372746092653
11680	0.020279372746092653
12553	0.020279372746092653
4092	0.02031270719057413
