3675	0.014200473349111613
7211	0.0283676122537418
10456	0.035034501150038325
7108	0.035134504483482785
6974	0.04166805560185339
441	0.04170139004633488
7703	0.04500150005000168
715	0.0450015000500017
11347	0.049334977832594405
12489	0.055001833394446455
13291	0.05833527784259475
1366	0.05843528117603918
10536	0.061002033401113376
12542	0.06166872229074301
13248	0.061835394513150434
7137	0.06183539451315047
717	0.06666888896296543
7635	0.06826894229807659
4082	0.06830227674255805
2059	0.06836894563152103
8948	0.06983566118870632
1312	0.0700023334111137
5464	0.07156905230174339
11277	0.07156905230174339
13039	0.07163572119070634
9727	0.07166905563518783
8711	0.07173572452415079
13094	0.07173572452415083
1335	0.07300243341444718
7917	0.0733024434147805
11346	0.07463582119403982
13293	0.07490249674989163
1318	0.07496916563885463
2009	0.07496916563885463
11564	0.07500250008333609
3255	0.0750025000833361
6002	0.0750025000833361
6314	0.07500250008333612
5004	0.07503583452781759
7969	0.07503583452781759
7226	0.07513583786126202
12537	0.0754025134171139
13057	0.07666922230741025
10807	0.07673589119637325
1178	0.07686922897429913
1117	0.07816927230907697
5272	0.07863595453181771
808	0.0800026667555585
1737	0.08123604120137337
619	0.08156938564618821
7302	0.08163605453515116
3265	0.08166938897963266
9582	0.08173605786859561
12237	0.08340278009266971
4027	0.08650288342944767
12418	0.08833627787592922
1303	0.08836961232041071
1124	0.08856961898729958
8762	0.08866962232074403
5308	0.09000300010000334
6236	0.09013633787792927
2871	0.09150305010167002
12555	0.09153638454615154
5329	0.09160305343511448
2454	0.09163638787959599
798	0.09166972232407747
1150	0.09166972232407747
5370	0.09170305676855894
4220	0.09173639121304042
2937	0.09176972565752188
118	0.09180306010200338
12979	0.0918030601020034
6407	0.09183639454648487
6910	0.09183639454648487
6301	0.09216973899129971
2993	0.09306976899229974
11261	0.09436981232707756
5629	0.09500316677222573
2392	0.09623654121804057
8283	0.09640321344044801
7733	0.09670322344078136
1545	0.09743658121937401
11269	0.09823660788692956
6917	0.09836994566485549
4950	0.10003666788892963
4978	0.10070335677855927
1332	0.10123670789026303
8777	0.10157005233507788
10466	0.10163672122404079
4962	0.1016367212240408
6275	0.10167005566852227
10530	0.10170339011300375
3783	0.10187006233541118
12058	0.10203673455781856
7337	0.10203673455781859
5918	0.10337011233707788
7880	0.10457015233841127
12534	0.10493683122770758
3643	0.10497016567218903
11311	0.10500350011667055
