4493	3.333444448148232e-05
6077	0.0016667222240741362
11268	0.0017333911130371013
6074	0.006633554451815063
6013	0.0067002233407780255
12213	0.007733591119703993
2427	0.008233607786926231
83	0.00836694556485216
8367	0.00860028667622254
6350	0.00996699889996333
758	0.010033667788926294
3679	0.01206706890229675
774	0.013300443348111606
138	0.013333777792593083
9714	0.013333777792593088
10804	0.01336711223707457
10380	0.01500050001666722
1365	0.015200506683556119
8701	0.016567218907296906
52	0.016667222240741353
5107	0.01666722224074136
4032	0.016700556685222842
8901	0.016700556685222842
2186	0.016700556685222846
8151	0.01670055668522285
9724	0.01670055668522285
13312	0.016833894463148785
4141	0.017000566685556197
12914	0.018267275575852532
11425	0.019233974465815526
12324	0.019300643354778498
11296	0.019967332244408147
6045	0.020000666688889626
8141	0.020000666688889633
7630	0.020034001133371112
7980	0.020034001133371115
755	0.02006733557785259
11241	0.020134004466815566
10022	0.02013400446681557
765	0.02106736891229708
3947	0.021667388912963763
10663	0.02166738891296377
11274	0.02166738891296377
1558	0.021867395579852664
11230	0.023234107803593446
13402	0.02326744224807493
10555	0.023300776692556414
2131	0.023334111137037896
1326	0.023334111137037906
3487	0.023334111137037906
12107	0.023367445581519392
8451	0.023600786692889758
6042	0.024167472249074964
6173	0.024200806693556457
8970	0.02500083336111204
7621	0.025034167805593525
6325	0.02513417113903797
5360	0.0258341944731491
11764	0.025934197806593555
718	0.02626754225140839
6040	0.026667555585186166
9830	0.026667555585186173
10962	0.026667555585186173
8929	0.026700890029667648
4017	0.026834227807593588
7004	0.027034234474482492
1439	0.027700923364112142
12430	0.02783426114203806
1103	0.027900930031001036
809	0.02806760225340845
6310	0.028367612253741785
11281	0.028367612253741795
1607	0.02926764225474183
1259	0.02960098669955665
281	0.029834327810927028
462	0.02983432781092703
282	0.030001000033334446
12995	0.030001000033334446
5220	0.03000100003333445
8946	0.03000100003333445
11300	0.03003433447781592
5401	0.030034334477815925
6152	0.030034334477815925
1416	0.03003433447781593
2137	0.030067668922297407
12600	0.030067668922297418
4297	0.031167705590186334
11328	0.03166772225740858
2446	0.03170105670189006
4078	0.03176772559085303
11400	0.03330111003700123
13463	0.03330111003700123
11541	0.03330111003700124
9898	0.03333444448148271
6550	0.03333444448148272
10085	0.03333444448148272
12356	0.03333444448148272
12397	0.03333444448148272
9692	0.033367778925964195
10419	0.03336777892596421
