6311	0.015359556353812476
5980	0.02635858720057066
5340	0.036860273044368834
12385	0.03772090174988808
9742	0.04145068183895173
12063	0.04251070490170357
3685	0.04254905287117859
3974	0.04318407295198883
4244	0.043493827496183884
9890	0.04466053305303578
6585	0.0447841262871
1535	0.04481746073158148
5921	0.0476879006498514
4629	0.048345301351667945
10400	0.05432145510166647
9594	0.05452146176855537
7979	0.0548177940760263
10441	0.054851128520507775
1439	0.0571178707452486
10676	0.05798456630176717
9523	0.058117904079693083
9776	0.05815123852417456
3008	0.05892607229255305
6193	0.06055131852684133
5097	0.06141801408335988
10716	0.06145134852784136
1276	0.06266781223369204
13131	0.06404976956173494
2167	0.06465145519806369
5351	0.06478479297598963
7657	0.0648181274204711
12180	0.0648181274204711
2944	0.06559296118884958
7493	0.0656888151336839
10713	0.06669460085529585
7871	0.06797449549528836
5112	0.06808490297965641
5784	0.06811823742413789
1151	0.06815157186861939
4093	0.06815157186861939
4123	0.06828490964654532
4142	0.06867469140101451
12224	0.06951828409236016
740	0.07087932318404555
7004	0.07115167187195282
8871	0.07145168187228616
11378	0.07145168187228618
13189	0.07145168187228618
428	0.07148501631676765
7618	0.07155168520573063
4297	0.07179477086096271
8700	0.0718281053054442
8777	0.0720489202741803
7809	0.07255171854017509
5055	0.07318507298532326
839	0.0733614897515924
684	0.073555429567482
6974	0.07356650994347483
1136	0.07435545623503757
793	0.07442212512400054
2962	0.07475179187595295
2993	0.0747697559419229
7211	0.07481846076491591
10398	0.07481846076491593
7173	0.07515446153429386
2256	0.07628885401496356
4132	0.07762223179422288
11689	0.07771855743480491
13124	0.07809498086796296
3730	0.0781185707685827
5013	0.0781185707685827
1695	0.07811857076858272
8634	0.07811857076858272
174	0.07849499420174073
715	0.0798519618816198
5035	0.08010006106184545
720	0.08016171642581486
10495	0.08026673328425285
6487	0.08148534966121246
3487	0.08151868410569395
4988	0.08201569930512301
8827	0.08212844865022235
4796	0.08221870743980508
564	0.0827231560017628
7023	0.08275573624437121
1509	0.08348909402296384
7040	0.08352849531844461
5001	0.08434643875456457
8812	0.08518247153086386
9015	0.08531881077658296
7021	0.08575049291918019
11511	0.08665426325014736
2301	0.0868619397665929
6943	0.0868619397665929
11385	0.08725220855650896
2403	0.08735518267834835
3675	0.08762863198966701
3003	0.08775274421688453
6221	0.08811890411302753
12085	0.08815223855750899
