4276	0.1251013885524167
7169	0.13680311194319633
4209	0.15502735152487254
10139	0.16861487356156016
7006	0.1733387779592654
7279	0.18348281732022056
7252	0.19499424228299247
11343	0.1951003160528985
10450	0.1954150980060539
12940	0.20117080937257553
4159	0.2084836506813326
2925	0.21879503564277117
13279	0.22521754181103693
2357	0.23176257603235603
6076	0.23840805730313638
1438	0.25004718663420333
4103	0.25157383172527165
12308	0.2520495398899028
7526	0.25515242927272597
9804	0.2584082802760092
8791	0.2666752225074169
5021	0.27867417208221323
58	0.2790479169818481
4699	0.28142494270433316
7141	0.2852529866937593
3653	0.28595289965629844
8674	0.2862868004184309
3738	0.28845353930972717
8977	0.2884758365970058
67	0.29142967530355807
2067	0.2919082821155353
9864	0.30030293094496685
13299	0.30042422707289806
3429	0.3017982438879512
10836	0.30513235502498903
10739	0.3146305545747846
11755	0.3150659091088989
8258	0.31747691589719657
6101	0.3201306320021147
5936	0.3214376086783718
2028	0.3217546493467285
5243	0.32323174206141314
11467	0.3269761177100552
2866	0.3316654646570716
7812	0.33357667106183353
12516	0.3340949715046243
5266	0.33611822735228297
10655	0.33843335469041824
7221	0.3417443914797159
12443	0.3418432799487965
2931	0.3483558716171253
5472	0.35165598162079204
5048	0.3517656887336601
6123	0.35178898382454443
2620	0.3518223182690258
10744	0.35345581864991926
3721	0.35495519973296774
10647	0.35499957579410946
1890	0.3617893171689892
4196	0.36183368877067357
7080	0.3624589883207924
3393	0.3684895405097672
295	0.36980117731906553
7705	0.37512309496158225
10935	0.3784341317508799
7727	0.39275766048388905
1779	0.3951237616504719
4245	0.39518987422211727
1211	0.39845720609862023
13048	0.3986892093727539
9861	0.40173546476075395
5115	0.4018900975628953
6939	0.40350007765030294
5528	0.4051131682092859
3785	0.408457539443065
12967	0.41832274899687294
5988	0.42029037534250024
7937	0.4217470582352745
2049	0.4245886245260573
8050	0.4249467234192087
12304	0.42696796805155485
9706	0.42729908276764184
10099	0.42849109463069057
5987	0.4288112847908754
12254	0.4351584294727327
2304	0.4419680265819339
6203	0.4453451692536909
4215	0.4469686347404445
6063	0.45470367406895723
11285	0.46400264624205423
13732	0.4684595395097339
13093	0.46849242800846985
13029	0.47343729852310573
8774	0.4835768215685227
3421	0.4867601495300679
5019	0.4880264124746187
6961	0.49242421904587463
13221	0.5003388619085519
490	0.5017387982052022
1814	0.501749724990833
