2932	0.0
3994	0.0
3996	0.0
6250	0.0
8386	0.0
13674	0.0
1242	3.333444448148232e-05
2493	3.333444448148232e-05
6601	3.333444448148232e-05
7865	3.333444448148232e-05
9410	3.333444448148232e-05
9972	3.333444448148232e-05
10006	3.333444448148232e-05
10395	3.333444448148232e-05
10498	3.333444448148232e-05
11272	3.333444448148232e-05
11412	3.333444448148232e-05
11447	3.333444448148232e-05
11858	3.333444448148232e-05
11990	3.333444448148232e-05
1183	6.677926053499234e-05
3774	0.00016667222240741332
4280	0.00016667222240741332
4523	0.00016711370869552933
12068	0.0006000200006666886
12166	0.0006333544451481718
4971	0.0007000233341111373
12456	0.0007691203976587443
10106	0.0008333611120370683
12374	0.000900030001000033
659	0.0013667122237407915
2057	0.0013667122237407915
9643	0.0013667122237407915
2138	0.0014667155571852393
2328	0.0014667155571852393
7670	0.0014667155571852393
6028	0.0016333877795926544
10552	0.0016667222240741358
9819	0.0019667322244074793
12946	0.0020000666688889633
4069	0.0025000833361112033
12052	0.0025000833361112033
12215	0.0025000833361112033
27	0.0026334211140371343
4913	0.0026667555585186166
995	0.003033434447814927
8158	0.003033434447814927
773	0.0030667688922964096
8889	0.0030667688922964096
421	0.0033001100036667893
1922	0.0033001100036667893
2175	0.0033001100036667893
2201	0.0033001100036667893
2941	0.0033001100036667893
3224	0.0033001100036667893
3592	0.0033001100036667893
4074	0.0033001100036667893
4291	0.0033001100036667893
5149	0.0033001100036667893
5361	0.0033001100036667893
5567	0.0033001100036667893
5755	0.0033001100036667893
6243	0.0033001100036667893
7338	0.0033001100036667893
8146	0.0033001100036667893
9125	0.0033001100036667893
9370	0.0033001100036667893
9976	0.0033001100036667893
11089	0.0033001100036667893
11513	0.0033001100036667893
11682	0.0033001100036667893
11761	0.0033001100036667893
11936	0.0033001100036667893
11962	0.0033001100036667893
12146	0.0033001100036667893
12743	0.0033001100036667893
12919	0.0033001100036667893
13003	0.0033001100036667893
5124	0.0033334444481482716
12378	0.0033334444481482716
3384	0.0033335548197202993
346	0.0033667788926297544
603	0.0033667788926297544
1452	0.0033667788926297544
1485	0.0033667788926297544
2998	0.0033667788926297544
3080	0.0033667788926297544
3275	0.0033667788926297544
3348	0.0033667788926297544
3409	0.0033667788926297544
3952	0.0033667788926297544
4246	0.0033667788926297544
4459	0.0033667788926297544
4794	0.0033667788926297544
5202	0.0033667788926297544
5485	0.0033667788926297544
5797	0.0033667788926297544
5979	0.0033667788926297544
7669	0.0033667788926297544
8317	0.0033667788926297544
