1321	3.834796947501523e-05
6459	3.834796947501523e-05
7281	3.834796947501523e-05
12960	3.834796947501523e-05
13224	3.834796947501523e-05
4089	0.00020502019188242855
8909	0.00020502019188242855
10777	0.00020502019188242855
2109	0.00023835463636391087
9112	0.00023835463636391087
5312	0.0009383779704750482
8968	0.0010000333344444817
5154	0.0010383813039194969
10827	0.001045155059386283
10050	0.0013383913042528412
1376	0.00143839463769729
9130	0.0016622430319330472
6370	0.0017251242935232853
1467	0.0018717424159565635
3378	0.0018717424159565635
4399	0.003238454639697356
11240	0.003238454639697356
5956	0.003276802609172371
4199	0.003371792417623287
4331	0.003371792417623287
8687	0.003371792417623287
1720	0.00340512686210477
468	0.003505130195549218
5083	0.003505130195549218
6017	0.003505130195549218
101	0.0037964489780266137
213	0.0037964489780266137
2427	0.0037964489780266137
5322	0.0037964489780266137
5333	0.0037964489780266137
7719	0.0037964489780266137
12838	0.0037964489780266137
13500	0.0037964489780266137
11303	0.0038560769450965704
3618	0.003929786755952545
8247	0.003929786755952545
9715	0.003929786755952545
3265	0.00396813472542756
113	0.004001469169909044
11485	0.004029790089396992
8252	0.004229796756285889
6928	0.0049731815848655745
1289	0.005063157868322957
13501	0.005122518668966689
3408	0.005163161201767406
3106	0.005329833424174818
4897	0.005329833424174818
13032	0.005329833424174818
13327	0.005329833424174818
6834	0.005368181393649835
6997	0.005571865753401147
3536	0.005596508980026681
5390	0.005629843424508162
10399	0.005629843424508162
8095	0.005896518980360024
4126	0.0059965223138044735
2302	0.006096525647248922
10962	0.00618948805880036
4359	0.006209542158774494
1103	0.006563207869989679
3912	0.0065718990878456274
8815	0.0065718990878456274
9131	0.0065718990878456274
10949	0.0065718990878456274
6107	0.006605233532327111
11048	0.006800226674222476
9983	0.006829883425841541
144	0.006838574643697491
453	0.006838574643697491
2082	0.006838574643697491
2868	0.006838574643697491
4240	0.006838574643697491
6172	0.006838574643697491
7240	0.006838574643697491
9846	0.006838574643697491
429	0.0068719090881789735
1257	0.0068719090881789735
6008	0.0068719090881789735
12170	0.0068719090881789735
10503	0.006905243532660455
12988	0.006905243532660455
691	0.006940982474977951
5507	0.006940982474977951
6677	0.006940982474977951
7939	0.006940982474977951
12137	0.006940982474977951
4212	0.006963221203767472
3540	0.006996555648248954
11511	0.007007651363940916
11275	0.0071076546973853644
11789	0.0071076546973853644
1317	0.007129893426174885
229	0.007263231204100816
539	0.007263231204100816
12123	0.007263231204100816
