8987	0.0
825	6.666888896296637e-05
40	0.00020000666688889564
4505	0.00020000666688889564
10170	0.00020000666688889564
11889	0.00020000666688889564
12103	0.00020000666688889564
8360	0.00023334111137037795
6521	0.000266675555851862
8363	0.000266675555851862
13473	0.0003000100003333443
4312	0.00033334444481482664
9290	0.00033334444481482664
5907	0.00036667888929630896
88	0.0003666788892963107
938	0.0003666788892963107
4598	0.0003666788892963107
12209	0.0003666788892963107
13409	0.0003666788892963107
285	0.000400013333777793
12841	0.0004666822227407594
12306	0.00050001666722224
2530	0.000533351111703724
641	0.0006333544451481727
1167	0.0006333544451481727
3164	0.0006333544451481727
4029	0.0006333544451481727
6135	0.0006333544451481727
8839	0.0006333544451481727
9471	0.0006333544451481727
9816	0.0006333544451481727
10982	0.0006333544451481727
11918	0.0006333544451481727
899	0.0006666888896296533
3435	0.0006666888896296533
6426	0.0006666888896296533
3597	0.000666688889629655
10101	0.000766692223074102
2657	0.0008666955565185507
4564	0.0008666955565185507
4746	0.0008666955565185507
5110	0.0008666955565185507
5388	0.0008666955565185507
5793	0.0008666955565185507
6023	0.0008666955565185507
7851	0.0008666955565185507
9441	0.0008666955565185507
12476	0.0008666955565185507
13270	0.0008666955565185507
1663	0.0009333644454815153
1573	0.0010000333344444817
1800	0.0010000333344444817
1851	0.0010000333344444817
1996	0.0010000333344444817
2846	0.0010000333344444817
2975	0.0010000333344444817
3359	0.0010000333344444817
3381	0.0010000333344444817
3463	0.0010000333344444817
3466	0.0010000333344444817
3529	0.0010000333344444817
3535	0.0010000333344444817
4023	0.0010000333344444817
4035	0.0010000333344444817
4225	0.0010000333344444817
4378	0.0010000333344444817
4491	0.0010000333344444817
5133	0.0010000333344444817
5176	0.0010000333344444817
5640	0.0010000333344444817
5686	0.0010000333344444817
6104	0.0010000333344444817
6330	0.0010000333344444817
6664	0.0010000333344444817
6792	0.0010000333344444817
7116	0.0010000333344444817
7305	0.0010000333344444817
7534	0.0010000333344444817
7818	0.0010000333344444817
7941	0.0010000333344444817
7971	0.0010000333344444817
8140	0.0010000333344444817
8388	0.0010000333344444817
8536	0.0010000333344444817
8612	0.0010000333344444817
9329	0.0010000333344444817
9409	0.0010000333344444817
9935	0.0010000333344444817
9987	0.0010000333344444817
10132	0.0010000333344444817
10154	0.0010000333344444817
10235	0.0010000333344444817
10352	0.0010000333344444817
10927	0.0010000333344444817
11126	0.0010000333344444817
11158	0.0010000333344444817
11309	0.0010000333344444817
11359	0.0010000333344444817
11406	0.0010000333344444817
11595	0.0010000333344444817
