4048	0.00416680556018534
5019	0.00416680556018534
6366	0.00416680556018534
6755	0.00416680556018534
7245	0.00416680556018534
8628	0.00416680556018534
9913	0.00416680556018534
12132	0.00416680556018534
608	0.004200140004666829
6419	0.004200140004666829
5210	0.004300143338111269
5491	0.004300143338111269
9799	0.004300143338111269
12504	0.004300143338111269
12181	0.00873362445414848
3236	0.009133637787926254
10744	0.009166972232407738
388	0.009200306676889232
2345	0.010700356678555957
1543	0.010833694456481887
3621	0.010833694456481887
9051	0.010833694456481887
9870	0.010833694456481887
2180	0.012467082236074527
9490	0.012900430014333804
2422	0.01416713890463016
6181	0.01416713890463016
2556	0.014200473349111635
8520	0.014200473349111635
4816	0.015500516683889453
9590	0.015667188906296883
7981	0.0158005266842228
2014	0.01750058335277843
12491	0.01750058335277843
5619	0.017533917797259903
11450	0.017533917797259907
8717	0.018467282242741426
4364	0.018800626687556235
5185	0.019100636687889583
11467	0.019100636687889583
24	0.019133971132371072
6331	0.019133971132371072
445	0.020800693356445202
5345	0.020800693356445202
11187	0.020800693356445202
268	0.02083402780092669
436	0.02083402780092669
738	0.02083402780092669
853	0.02083402780092669
857	0.02083402780092669
1030	0.02083402780092669
1118	0.02083402780092669
1614	0.02083402780092669
2254	0.02083402780092669
4271	0.02083402780092669
8199	0.02083402780092669
8357	0.02083402780092669
10041	0.02083402780092669
11173	0.02083402780092669
11814	0.02083402780092669
12508	0.02083402780092669
13045	0.02083402780092669
13602	0.02083402780092669
466	0.02086736224540818
9954	0.02086736224540818
5756	0.022500750025000835
295	0.022800760025334182
2512	0.022867428914297147
9223	0.024167472249074964
1213	0.024200806693556454
6576	0.024200806693556454
3032	0.02550085002833427
5115	0.02746758225274175
5266	0.027500916697223238
6717	0.027500916697223238
7006	0.027534251141704727
5430	0.029134304476815885
7180	0.029134304476815885
7988	0.029534317810593687
3507	0.030267675589186298
7141	0.030867695589853
12102	0.03396779892663088
1594	0.034134471149038295
8977	0.034134471149038295
4245	0.03416780559351978
11987	0.034201140038001274
7509	0.034467815593853125
869	0.03580119337311243
8100	0.03580119337311243
12720	0.03580119337311243
9918	0.035834527817593914
12558	0.03720124004133471
742	0.03746791559718657
804	0.03746791559718657
5498	0.03746791559718657
451	0.03750125004166805
1685	0.03750125004166805
3010	0.03750125004166805
4448	0.03750125004166805
9423	0.03750125004166805
