5205	0.0
13159	0.0
4910	3.333444448147538e-05
7819	3.333444448147538e-05
2889	0.0006666888896296463
563	0.002666755558518613
149	0.003300110003666784
835	0.003300110003666784
1507	0.003300110003666784
6155	0.003300110003666784
8133	0.003300110003666784
9287	0.003300110003666784
12231	0.003300110003666784
5053	0.0033334444481482595
7298	0.006266875562518759
90	0.006633554451815071
3432	0.011467048901630056
7492	0.011467048901630056
2090	0.012567085569518993
4112	0.016700556685222828
6003	0.016700556685222828
10648	0.016700556685222828
4193	0.020034001133371115
1645	0.020334011133704477
1417	0.02996766558885297
13295	0.030001000033334446
10987	0.03003433447781592
12761	0.030201006700223326
730	0.03330111003700123
1236	0.03330111003700123
6929	0.03330111003700123
6932	0.03330111003700123
868	0.033334444481482706
12406	0.033334444481482706
458	0.03826794226474217
9973	0.04150138337944598
2885	0.04986832894429816
11371	0.04996833227774258
2271	0.05330177672589087
9016	0.056601886729557654
397	0.056668555618520605
8961	0.05950198339944665
87	0.06663555451848394
6262	0.06663555451848394
7616	0.06663555451848394
93	0.06666888896296544
5116	0.06666888896296544
11548	0.06666888896296544
12336	0.06666888896296544
12590	0.06666888896296544
13423	0.06666888896296544
1173	0.0700356678555952
6276	0.07996933231107703
9554	0.08000266675555852
10575	0.08263608786959564
5065	0.0833027767592253
10351	0.08333611120370678
3650	0.0833694456481883
12352	0.0840694689822994
5978	0.0854361812060402
10385	0.08663622120737358
10689	0.08913630454348478
4772	0.08996966565552185
7270	0.09113637121237375
8281	0.09336977899263307
1230	0.09996999899996667
8259	0.09996999899996667
9701	0.09996999899996667
11364	0.09996999899996667
12100	0.09996999899996667
507	0.10000333344444816
2032	0.10000333344444816
5363	0.10000333344444816
7910	0.10000333344444816
8666	0.10000333344444816
11228	0.10000333344444816
5242	0.10003666788892965
1879	0.10037001233374446
4776	0.1033367778925964
9155	0.11030367678922631
3923	0.11303710123670789
7177	0.11330377679255975
75	0.11663722124070802
1449	0.11663722124070802
7639	0.11663722124070802
7718	0.11663722124070802
7927	0.11663722124070802
10228	0.11663722124070802
10374	0.11663722124070802
11708	0.11663722124070802
12477	0.11663722124070802
2265	0.11667055568518951
2692	0.11667055568518951
5778	0.11667055568518951
6051	0.11667055568518951
6577	0.11667055568518951
8962	0.11667055568518951
9689	0.11667055568518951
11457	0.11667055568518951
12153	0.11667055568518951
