8890	0.05588005973364728
1893	0.07485176340259558
1250	0.08451875230222558
4207	0.08468542452463299
9546	0.09275236008915183
10693	0.09643654788492949
11279	0.10428230207254291
7152	0.10808620455063386
3239	0.10971959233022649
4940	0.11125297677637469
12198	0.12138664789874545
4945	0.12472009234689373
3	0.1263868145709679
12474	0.13811676322124783
11302	0.1385501109995071
8038	0.14328360211587765
278	0.153183932126878
836	0.15475442682470966
13177	0.15728784460530237
5099	0.1610213023872284
9134	0.16475476016915447
5041	0.16951780992280455
12485	0.17218834128852512
11853	0.17345505017882148
10528	0.1781180965990271
708	0.1797219257413402
2490	0.18438874796874777
419	0.18468875796908113
11465	0.1857554601924886
10813	0.19074838972619837
6087	0.1930557035339333
6105	0.19802253576167422
497	0.2046227557690078
13135	0.20472275910245227
3673	0.2049561002138226
12113	0.20498565885110215
9530	0.2067068902296743
13134	0.20684022800760024
3962	0.20948958466330425
11292	0.21138964799874882
1448	0.21151920996947277
11324	0.21218967466630437
11419	0.21475642689137853
2226	0.2156526810851766
10533	0.2200566035639343
4162	0.22135664689871215
8124	0.22135664689871215
2923	0.22138998134319363
8793	0.22155665356560103
12199	0.22299003467830478
7788	0.22462342245789746
2899	0.22475676023582336
12632	0.22475676023582336
2047	0.2248567635692678
11453	0.22635303776373256
4336	0.22931917437080185
12393	0.2314236491321199
6215	0.23145320776939943
9	0.23149031802108289
5000	0.2315236524655644
1137	0.23399040135719412
8996	0.23456358398529426
408	0.23462375580234227
2216	0.23479042802474964
13054	0.23809053802841645
7200	0.2383238791397868
3655	0.2397572602524906
7876	0.24232401247756477
4996	0.2454190254979149
4509	0.24635748025982415
11418	0.24635748025982418
361	0.24636020152453716
10943	0.24805753692837978
11569	0.24892423248489834
5036	0.2513243124875651
5046	0.25214279260042416
3969	0.25469109138019486
4920	0.25469109138019486
4038	0.25472442582467636
7601	0.25472442582467636
10577	0.25602446915945415
7403	0.25735784693871344
8318	0.2580245358283431
9531	0.2580245358283431
12205	0.2580245358283431
5192	0.25805787027282456
11323	0.2580578702728246
6946	0.25815409779906706
13077	0.25859834740822596
12050	0.2602984040767816
7785	0.2663914813931953
10372	0.2663914813931953
10384	0.2677915280614176
2983	0.2681942626599084
10458	0.26835821361760276
3961	0.2696582569523806
283	0.2706878489241046
7724	0.2711916413985288
7379	0.2713583136209362
10635	0.2713583136209362
