6607	0.0029000966698889963
11663	0.0032667755591853087
12481	0.0032667755591853087
7760	0.0033001100036667893
1327	0.003377816049832654
5064	0.0034001133371112362
7063	0.0034001133371112362
7815	0.0034001133371112362
8168	0.0034001133371112362
8362	0.0034001133371112362
11273	0.0034001133371112362
7429	0.0034111504943141364
11786	0.003433558153164748
3708	0.0035677789036669145
3331	0.0037111604946474808
11559	0.004111063456853244
7246	0.0050010496447986386
5039	0.00503890932373331
4985	0.005406802300321938
1680	0.005877899385943857
1640	0.0059084745411246125
5031	0.005966865562185405
6327	0.0066112571645364805
10283	0.0066112571645364805
7894	0.006644591609017961
3999	0.006644591609017963
6282	0.0067002233407780255
8083	0.006733557785259508
1220	0.006744594942462406
9758	0.006744594942462406
350	0.006744594942462408
4176	0.006744594942462408
11790	0.006744594942462408
1676	0.006755632099665305
3179	0.007112929405339155
4440	0.00724461160968465
3327	0.007400246674889163
3215	0.007488989878257927
1231	0.008577989388943958
2995	0.009178009389610647
2252	0.009222380991295026
9834	0.009230548487625171
1355	0.009955738769887649
2051	0.009955738769887649
2960	0.009955738769887649
7976	0.009955738769887649
7977	0.009955738769887649
10937	0.009955738769887649
11617	0.009955738769887649
12236	0.009955738769887649
12641	0.009955738769887649
12959	0.009955738769887649
5324	0.009989183585941162
12272	0.010025056576579308
3690	0.010033667788926297
1501	0.01006700223340778
13611	0.01006700223340778
9965	0.010078039390610678
2272	0.010089076547813576
6240	0.010089076547813576
2579	0.010100113705016477
11472	0.010100113705016477
5772	0.01011148420666419
1549	0.010433458149831303
8458	0.010456969524402204
2697	0.010833471483609098
776	0.011111517541108671
405	0.011989250254830122
4149	0.012566862596646198
4351	0.012566862596646198
8055	0.012566862596646198
13434	0.012575363437421156
8991	0.013110480494277347
7680	0.013267108903630122
303	0.013289183218035919
317	0.01330022037523882
756	0.01330022037523882
9199	0.01330022037523882
6617	0.01333366519129233
6513	0.01334448160535117
8866	0.01334448160535117
3892	0.013367112237074569
4819	0.013367112237074569
5670	0.013367112237074569
6829	0.013367112237074569
7667	0.013367112237074569
8403	0.013367112237074569
8740	0.013367112237074569
8992	0.013367112237074569
9901	0.013367112237074569
10035	0.013367112237074569
12131	0.013367112237074569
12903	0.013367112237074569
10731	0.013377816049832653
3829	0.013378039022705438
8123	0.013378039022705438
13451	0.013378039022705438
168	0.013411150494314135
1533	0.013411150494314135
3029	0.013411150494314135
