3429	0.019301084841066615
8774	0.02389450328388873
12190	0.024189546563480758
6139	0.025855604328393997
3203	0.033523409531711255
171	0.04263530634967654
6063	0.051067594114898585
7131	0.052600086669555644
8870	0.06613553785126171
11353	0.06909037882087707
1341	0.0758341944731491
3653	0.07615816402352765
7428	0.07691812135097927
1373	0.08250141671389045
7728	0.08419154663014965
2925	0.08516950565018834
13499	0.08567448903815188
820	0.08568971139617698
2678	0.08580286009533651
5115	0.08602515959004653
5387	0.08763669602810618
13029	0.08763669602810618
7310	0.09013677936421738
1588	0.09080136004533483
4855	0.09093680603177297
9817	0.09093680603177297
10935	0.09093680603177297
11044	0.09093680603177297
7252	0.09243641454715157
2357	0.09257019381136562
5358	0.09257019381136562
4733	0.09333688603443972
1725	0.09427025047992124
12592	0.09564711688828868
2656	0.09565252509531812
2409	0.09578089615250274
3712	0.0973582107140472
9172	0.09746824894163139
7666	0.09749198997826125
12683	0.09749198997826125
4090	0.09899700670066928
10647	0.09910330344344812
11343	0.09930938054679861
12578	0.0998579607057136
3016	0.09991370280904568
8258	0.09992473996624858
6480	0.10052475996691529
7507	0.10070269231939837
8791	0.10072476663380417
9587	0.10074706392108276
228	0.10075810107828566
8525	0.10075810107828566
233	0.10105402956018267
10001	0.10172468959667663
6015	0.10235815441339682
13319	0.10235815441339682
4569	0.10246841561385381
13629	0.10260386160029192
1163	0.1026590473863064
7024	0.10268189876117385
12387	0.10282472626456556
9126	0.10392487330402651
4031	0.10404717392474955
2930	0.10405810071038042
9804	0.10409154552643393
1891	0.1041588788745578
13093	0.10435921442643406
1904	0.10565815404549159
8675	0.1056805617043422
10176	0.1056915988615451
7779	0.10569723004144731
12505	0.10571389614882368
7188	0.10580407864208628
8106	0.1073582107140472
1774	0.10739165553010072
1822	0.10739165553010072
3266	0.10739165553010072
3743	0.10739165553010072
4262	0.10739165553010072
4470	0.10739165553010072
8238	0.10739165553010072
8569	0.10739165553010072
13496	0.10739165553010072
6245	0.10752543479431477
6854	0.10752543479431477
9003	0.10752543479431477
11826	0.10752543479431477
12396	0.10763525450848362
13545	0.10763525450848362
1454	0.10765921405852881
4042	0.10769265887458233
10099	0.10769265887458233
2503	0.10902504330969337
9764	0.10902504330969337
9921	0.10902504330969337
10607	0.10902504330969337
13413	0.10902504330969337
1860	0.1090254847959815
7821	0.10903045151672279
7679	0.10903597009532423
