1390	0.0
2189	3.333444448148275e-05
4224	3.333444448148275e-05
4594	3.333444448148275e-05
8292	3.333444448148275e-05
8821	3.333444448148275e-05
7587	0.00010000333344444392
2901	0.0007666922230741054
11070	0.001566718890629688
5304	0.0018000600020000642
7831	0.0025000833361112037
9875	0.0032001066702223406
696	0.0033001100036667893
4119	0.0033001100036667893
5961	0.0033001100036667893
1125	0.0033334444481482716
1339	0.0033334444481482716
1554	0.0033334444481482716
1717	0.0033334444481482716
2318	0.0033334444481482716
3156	0.0033334444481482716
3641	0.0033334444481482716
4201	0.0033334444481482716
4888	0.0033334444481482716
5145	0.0033334444481482716
5271	0.0033334444481482716
5680	0.0033334444481482716
6380	0.0033334444481482716
7456	0.0033334444481482716
8394	0.0033334444481482716
9177	0.0033334444481482716
9626	0.0033334444481482716
10188	0.0033334444481482716
10307	0.0033334444481482716
11040	0.0033334444481482716
11178	0.0033334444481482716
11329	0.0033334444481482716
11361	0.0033334444481482716
11367	0.0033334444481482716
11849	0.0033334444481482716
11943	0.0033334444481482716
12351	0.0033334444481482716
12819	0.0033334444481482716
13547	0.0033334444481482716
13695	0.0033334444481482716
13703	0.0033334444481482716
13745	0.0033334444481482716
4652	0.0033667788926297526
10465	0.0033667788926297526
145	0.003366778892629754
3569	0.003366778892629754
5131	0.003366778892629754
6068	0.003366778892629754
6535	0.003366778892629754
8087	0.003366778892629754
8299	0.003366778892629754
5603	0.0034667822260742043
6661	0.0034667822260742043
10175	0.0034667822260742043
13087	0.0034667822260742043
8313	0.0035334511150371655
4677	0.003966798893296446
2619	0.0041668055601853365
3562	0.004700156671889066
2308	0.005000166672222408
13579	0.005000166672222408
8998	0.005000166672222409
11202	0.005033501116703887
3629	0.005066835561185371
4828	0.005066835561185371
5554	0.005066835561185371
8848	0.005066835561185371
13338	0.005066835561185371
7874	0.00573352445081503
5724	0.005833527784259477
9963	0.005833527784259477
11061	0.005833527784259477
6757	0.006233541118037267
3531	0.006300210007000236
6662	0.006533551118370612
1511	0.006633554451815061
10726	0.006633554451815063
203	0.0066668888962965415
419	0.0066668888962965415
3749	0.0066668888962965415
4735	0.0066668888962965415
5503	0.0066668888962965415
6781	0.0066668888962965415
6788	0.0066668888962965415
7033	0.0066668888962965415
7655	0.0066668888962965415
9048	0.0066668888962965415
10767	0.0066668888962965415
10864	0.0066668888962965415
11176	0.0066668888962965415
11753	0.0066668888962965415
11833	0.0066668888962965415
13276	0.0066668888962965415
5725	0.006666888896296545
8253	0.006666888896296545
