7133	6.666888896296463e-05
12076	0.015033834461148704
13388	0.01565250725748827
12952	0.023334111137037906
3451	0.032686955785928645
5279	0.0343116219816023
9528	0.050035111538277624
10428	0.05341281721653821
7607	0.06995651137089184
2243	0.0700133705683166
10425	0.07351214940163558
418	0.08689007582304026
12100	0.09003633454448481
8666	0.09003644491605688
10637	0.09197898569863143
4528	0.09696811521365094
7270	0.09890340714813128
5948	0.10565692212036944
13320	0.1056826386966522
13125	0.10689096548480267
13174	0.10689096548480267
766	0.11070278485314061
10896	0.11119364290961314
3958	0.11210161743407057
4278	0.11364592866584963
11405	0.11529135586570835
6184	0.11546839632670032
8737	0.1170903010033445
10776	0.12701359722024183
9798	0.1270238550872543
5656	0.13322373956500894
7090	0.13711270866219508
11289	0.14139066508459983
6276	0.1435152621029397
10659	0.1570364485951093
5247	0.16035796399456348
9883	0.16081360906010134
7715	0.16148449875865428
5972	0.16185889250934898
10878	0.16351214940163555
6092	0.16733778528403565
9052	0.16969082915918826
87	0.17353800310623513
6981	0.17355773509061226
11364	0.17368181949431763
12983	0.17392441397990857
7746	0.17396988929731325
11234	0.17719107916752186
2280	0.17719185845771224
3132	0.17719185845771224
2023	0.17832445027989227
10228	0.17902128621678695
11220	0.18219202512993465
6918	0.185624803992909
2056	0.18731360053138896
2867	0.1873707863840723
2095	0.19059163622064992
2113	0.19064682200666444
7869	0.19382574625397214
12458	0.19385908069845362
1785	0.19695696545514726
397	0.2002608548490078
13181	0.20068048979559072
379	0.20070234113712374
376	0.20130236113779043
5074	0.201562758892409
12921	0.20227469120765562
2554	0.20280241113945716
4061	0.20281411721527842
1331	0.2038970418300454
840	0.2039361178260011
1455	0.2040023407692185
7177	0.20710389454453387
4975	0.20736923003342028
13609	0.20738015681905117
222	0.2075140464548372
6750	0.20901906317724525
10491	0.2091026211464574
1402	0.21061404387950056
9620	0.21070256410999655
1809	0.21398037682638474
2596	0.21431360866989882
5338	0.2173692300334203
5187	0.2174247491638796
5989	0.2174247491638796
3456	0.2234249491705465
6496	0.22371281829795664
11174	0.22401382164243824
2405	0.22403645227416163
901	0.22409163806017615
2874	0.22409163806017615
9544	0.2259583669511392
8287	0.22630021000700024
2249	0.2272588584613913
7553	0.22752552732805698
8984	0.23411371237458195
811	0.23414715719063545
5500	0.23514763201136804
244	0.23670055668522283
12464	0.23741426832399432
