6544	0.005183836116722285
737	0.005950528339796389
7872	0.005983862784277871
9834	0.007636788561848383
1355	0.00817190561870457
2667	0.00817190561870457
2960	0.00817190561870457
3215	0.00817190561870457
5098	0.00817190561870457
6573	0.00817190561870457
6758	0.00817190561870457
7976	0.00817190561870457
7977	0.00817190561870457
8121	0.00817190561870457
10270	0.00817190561870457
10308	0.00817190561870457
10937	0.00817190561870457
11702	0.00817190561870457
12236	0.00817190561870457
12602	0.00817190561870457
12641	0.00817190561870457
7168	0.00820535043475808
586	0.008317273897981661
1628	0.008350608342463144
8884	0.008483946120389075
78	0.008506353779239688
1099	0.008506353779239688
1504	0.008506353779239688
1549	0.008506353779239688
2163	0.008506353779239688
2579	0.008506353779239688
2812	0.008506353779239688
3264	0.008506353779239688
3343	0.008506353779239688
3411	0.008506353779239688
4351	0.008506353779239688
5263	0.008506353779239688
7964	0.008506353779239688
8810	0.008506353779239688
10805	0.008506353779239688
10817	0.008506353779239688
11472	0.008506353779239688
11891	0.008506353779239688
11921	0.008506353779239688
12314	0.008506353779239688
12531	0.008506353779239688
12847	0.008506353779239688
13376	0.008506353779239688
13578	0.008506353779239688
377	0.008517280564870557
2100	0.008517280564870557
11407	0.008517280564870557
11549	0.008517280564870557
7227	0.009008026020042362
6599	0.009683986121722452
3179	0.011014714983253064
11524	0.011217370567870658
1501	0.011394086603332708
1220	0.01151638722405574
7894	0.01151638722405574
8132	0.01151638722405574
9551	0.01151638722405574
9758	0.01151638722405574
9965	0.01151638722405574
3829	0.011549832040109252
11559	0.011549832040109252
13451	0.011549832040109252
604	0.011784056124055864
4314	0.011784056124055864
7764	0.011784056124055864
10014	0.011784056124055864
13460	0.011784056124055864
0	0.011817390568537346
1	0.011817390568537346
2	0.011817390568537346
3	0.011817390568537346
4	0.011817390568537346
5	0.011817390568537346
6	0.011817390568537346
7	0.011817390568537346
8	0.011817390568537346
9	0.011817390568537346
10	0.011817390568537346
11	0.011817390568537346
12	0.011817390568537346
14	0.011817390568537346
15	0.011817390568537346
16	0.011817390568537346
17	0.011817390568537346
18	0.011817390568537346
19	0.011817390568537346
20	0.011817390568537346
21	0.011817390568537346
22	0.011817390568537346
23	0.011817390568537346
24	0.011817390568537346
25	0.011817390568537346
26	0.011817390568537346
28	0.011817390568537346
29	0.011817390568537346
