5327	0.0
6301	0.0
5372	0.00010000333344445042
765	0.00013333777792593274
2306	0.00013333777792593274
1431	0.000266675555851862
3556	0.0003000100003333443
9477	0.0003000100003333443
13689	0.0003000100003333443
281	0.00036667888929630896
512	0.00036667888929630896
1234	0.00036667888929630896
2263	0.00036667888929630896
2634	0.00036667888929630896
3334	0.00036667888929630896
3851	0.00036667888929630896
4012	0.00036667888929630896
4053	0.00036667888929630896
4288	0.00036667888929630896
4820	0.00036667888929630896
5234	0.00036667888929630896
5239	0.00036667888929630896
5588	0.00036667888929630896
5607	0.00036667888929630896
5891	0.00036667888929630896
6032	0.00036667888929630896
6083	0.00036667888929630896
6382	0.00036667888929630896
6638	0.00036667888929630896
7037	0.00036667888929630896
7787	0.00036667888929630896
8044	0.00036667888929630896
8343	0.00036667888929630896
8372	0.00036667888929630896
8457	0.00036667888929630896
8492	0.00036667888929630896
8860	0.00036667888929630896
9214	0.00036667888929630896
9520	0.00036667888929630896
9596	0.00036667888929630896
10553	0.00036667888929630896
10592	0.00036667888929630896
10751	0.00036667888929630896
11171	0.00036667888929630896
12359	0.00036667888929630896
12629	0.00036667888929630896
12650	0.00036667888929630896
12806	0.00036667888929630896
13246	0.00036667888929630896
201	0.00040001333377779474
33	0.0005000166672222417
35	0.0005000166672222417
37	0.0005000166672222417
42	0.0005000166672222417
44	0.0005000166672222417
144	0.0005000166672222417
190	0.0005000166672222417
446	0.0005000166672222417
447	0.0005000166672222417
453	0.0005000166672222417
621	0.0005000166672222417
755	0.0005000166672222417
838	0.0005000166672222417
918	0.0005000166672222417
974	0.0005000166672222417
992	0.0005000166672222417
1120	0.0005000166672222417
1143	0.0005000166672222417
1325	0.0005000166672222417
1344	0.0005000166672222417
1367	0.0005000166672222417
1405	0.0005000166672222417
1428	0.0005000166672222417
1546	0.0005000166672222417
1556	0.0005000166672222417
1582	0.0005000166672222417
1738	0.0005000166672222417
1802	0.0005000166672222417
1829	0.0005000166672222417
1935	0.0005000166672222417
2082	0.0005000166672222417
2104	0.0005000166672222417
2107	0.0005000166672222417
2126	0.0005000166672222417
2133	0.0005000166672222417
2145	0.0005000166672222417
2156	0.0005000166672222417
2317	0.0005000166672222417
2319	0.0005000166672222417
2344	0.0005000166672222417
2416	0.0005000166672222417
2435	0.0005000166672222417
2680	0.0005000166672222417
2701	0.0005000166672222417
2714	0.0005000166672222417
2754	0.0005000166672222417
2794	0.0005000166672222417
2797	0.0005000166672222417
2800	0.0005000166672222417
2868	0.0005000166672222417
