447	0.0
2440	0.00020000666688889737
9771	0.00020000666688889737
4631	0.0005666855561852063
1547	0.0009333644454815153
2061	0.0009333644454815153
2208	0.0009333644454815153
7056	0.0009333644454815153
7071	0.0009333644454815153
7368	0.0009333644454815153
9633	0.0009333644454815153
2444	0.0010667022234074463
5404	0.0016000533351111703
2973	0.001666722224074135
7860	0.001700056668555619
8907	0.0017384046380306355
609	0.0020838035297320043
4980	0.0022667422247408253
8173	0.0022888237216144363
1304	0.0024000800026667563
1683	0.0024000800026667563
6553	0.0024000800026667563
8185	0.0024000800026667563
9668	0.0024000800026667563
9989	0.0024000800026667563
11687	0.0024000800026667563
13353	0.0024000800026667563
7372	0.0025667522250741696
7638	0.0026667555585186166
11828	0.0026667555585186166
13067	0.0028891108887073467
1607	0.003266775559185307
8280	0.0035505190869172453
10102	0.003829783422508096
2869	0.003852823650576288
5253	0.0038631178669895783
5446	0.0038631178669895783
9390	0.0038631178669895783
10797	0.00386311786698958
1148	0.0038964523114710607
4127	0.0038964523114710607
8974	0.0038964523114710607
12431	0.0038964523114710607
16	0.003996455644915511
1216	0.003996455644915511
1641	0.003996455644915511
1648	0.003996455644915511
2055	0.003996455644915511
2827	0.003996455644915511
3063	0.003996455644915511
3595	0.003996455644915511
3694	0.003996455644915511
4076	0.003996455644915511
4345	0.003996455644915511
4736	0.003996455644915511
5044	0.003996455644915511
5063	0.003996455644915511
5101	0.003996455644915511
7069	0.003996455644915511
7886	0.003996455644915511
8134	0.003996455644915511
8956	0.003996455644915511
9024	0.003996455644915511
9655	0.003996455644915511
9772	0.003996455644915511
10897	0.003996455644915511
10900	0.003996455644915511
11432	0.003996455644915511
12139	0.003996455644915511
13004	0.003996455644915511
13092	0.003996455644915511
530	0.004233474449148305
190	0.004266808893629787
1344	0.004266808893629787
3990	0.004266808893629787
4206	0.004266808893629787
4593	0.004266808893629787
4685	0.004266808893629787
5120	0.004266808893629787
5615	0.004266808893629787
7239	0.004266808893629787
7683	0.004266808893629787
8184	0.004266808893629787
8279	0.004266808893629787
8914	0.004266808893629787
8940	0.004266808893629787
9113	0.004266808893629787
12211	0.004266808893629787
13390	0.004266808893629787
5684	0.004417214643435796
3501	0.004432522384842621
5125	0.004529806756619235
13111	0.004563141201100716
2114	0.004629810090063682
2714	0.004629810090063682
5307	0.004629810090063682
8262	0.004629810090063682
8801	0.004629810090063682
5510	0.004696478979026647
12330	0.00471722464376914
