5168	0.0015000500016667181
11229	0.0015000500016667181
12081	0.0015000500016667181
163	0.0016333877795926544
370	0.0016333877795926544
1362	0.0016333877795926544
2412	0.0016333877795926544
2489	0.0016333877795926544
3108	0.0016333877795926544
3485	0.0016333877795926544
3538	0.0016333877795926544
3651	0.0016333877795926544
3937	0.0016333877795926544
4926	0.0016333877795926544
5201	0.0016333877795926544
5297	0.0016333877795926544
6019	0.0016333877795926544
6110	0.0016333877795926544
6167	0.0016333877795926544
6261	0.0016333877795926544
6306	0.0016333877795926544
6314	0.0016333877795926544
6532	0.0016333877795926544
7381	0.0016333877795926544
7470	0.0016333877795926544
7677	0.0016333877795926544
7899	0.0016333877795926544
7973	0.0016333877795926544
8047	0.0016333877795926544
8228	0.0016333877795926544
8261	0.0016333877795926544
8862	0.0016333877795926544
8946	0.0016333877795926544
8982	0.0016333877795926544
9036	0.0016333877795926544
9118	0.0016333877795926544
9135	0.0016333877795926544
9776	0.0016333877795926544
9850	0.0016333877795926544
9890	0.0016333877795926544
10454	0.0016333877795926544
10568	0.0016333877795926544
10614	0.0016333877795926544
10778	0.0016333877795926544
10782	0.0016333877795926544
10888	0.0016333877795926544
11245	0.0016333877795926544
11338	0.0016333877795926544
11517	0.0016333877795926544
2955	0.0016667222240741367
7126	0.0016667222240741367
1278	0.001700056668555619
3526	0.001700056668555619
11077	0.001700056668555619
9711	0.0017667255575185906
462	0.0018000600020000729
1267	0.0018000600020000729
12575	0.0020000666688889633
1540	0.003300110003666784
12171	0.003300110003666784
8225	0.003300110003666791
13057	0.003300110003666791
9702	0.0033334444481482664
4972	0.0033334444481482733
10807	0.0033667788926297487
1228	0.0033667788926297557
9023	0.003500116670555685
3657	0.00400013333777792
10534	0.004133471115703856
10348	0.004566818893963133
10658	0.004800160005333509
7149	0.0048334944498149915
1181	0.004966832227740921
3104	0.004966832227740921
6357	0.004966832227740921
2230	0.004966832227740928
2406	0.004966832227740928
7125	0.004966832227740928
3684	0.005033501116703892
3930	0.005033501116703892
8700	0.005033501116703892
9021	0.005033501116703892
12572	0.005033501116703892
5905	0.005066835561185375
11636	0.005066835561185375
12063	0.005200173339111304
273	0.005200173339111311
4134	0.005233507783592786
5442	0.005966865562185404
4556	0.006600220007333582
7210	0.006600220007333582
174	0.006633554451815064
4014	0.00666688889629654
337	0.006700223340778022
5332	0.00743358111937065
11312	0.007966932231074371
9704	0.008166938897963265
11489	0.008166938897963265
13119	0.008233607786926233
3024	0.008266942231407719
