6205	3.333444448148232e-05
3044	0.00010000333344444782
4008	0.0002000066668888965
12775	0.000266675555851862
7224	0.0003000100003333443
1878	0.00040001333377779214
1843	0.0004333477782592753
6507	0.0005333511117037231
280	0.0005666855561852063
1920	0.0005666855561852063
13635	0.0006666888896296541
253	0.0007000233341111373
5604	0.0008333611120370683
2583	0.0008666955565185507
12306	0.0009333644454815162
12723	0.0010667022234074472
10387	0.001566718890629688
4035	0.001700056668555619
7712	0.001700056668555619
10822	0.001700056668555619
4498	0.0017667255575185836
6560	0.0017667255575185836
12557	0.0018333944464815491
4258	0.0020334011133704456
1908	0.002466748891629721
3667	0.002466748891629721
7	0.0025000833361112037
15	0.0025000833361112037
136	0.0025000833361112037
368	0.0025000833361112037
636	0.0025000833361112037
2787	0.0025000833361112037
2919	0.0025000833361112037
3009	0.0025000833361112037
3058	0.0025000833361112037
5010	0.0025000833361112037
5018	0.0025000833361112037
5138	0.0025000833361112037
6642	0.0025000833361112037
6723	0.0025000833361112037
6878	0.0025000833361112037
7351	0.0025000833361112037
7875	0.0025000833361112037
7904	0.0025000833361112037
8210	0.0025000833361112037
8255	0.0025000833361112037
8924	0.0025000833361112037
9072	0.0025000833361112037
9221	0.0025000833361112037
10269	0.0025000833361112037
10352	0.0025000833361112037
10654	0.0025000833361112037
10740	0.0025000833361112037
11944	0.0025000833361112037
12164	0.0025000833361112037
12399	0.0025000833361112037
12729	0.0025000833361112037
12771	0.0025000833361112037
13410	0.0025000833361112037
9670	0.0028000933364445476
12935	0.004000133337777927
5934	0.00416680556018534
11498	0.00416680556018534
12419	0.00416680556018534
4201	0.004200140004666822
6954	0.004200140004666822
7075	0.004200140004666822
9189	0.004200140004666822
1101	0.004300143338111269
4382	0.004366812227074236
2226	0.004466815560518684
1761	0.004866828894296477
9219	0.004866828894296477
9043	0.005033501116703891
13525	0.005033501116703891
5119	0.005066835561185373
1474	0.0051335044501483375
11655	0.005166838894629822
7072	0.0054001800060001996
0	0.0058001933397779926
1	0.0058001933397779926
2	0.0058001933397779926
3	0.0058001933397779926
4	0.0058001933397779926
5	0.0058001933397779926
8	0.0058001933397779926
9	0.0058001933397779926
10	0.0058001933397779926
11	0.0058001933397779926
13	0.0058001933397779926
14	0.0058001933397779926
16	0.0058001933397779926
17	0.0058001933397779926
18	0.0058001933397779926
20	0.0058001933397779926
21	0.0058001933397779926
23	0.0058001933397779926
24	0.0058001933397779926
25	0.0058001933397779926
26	0.0058001933397779926
