6232	0.00010000333344444695
3016	0.00010000333344444869
12381	0.00010000333344444869
1222	0.00016667222240741332
1897	0.00020000666688889564
8870	0.000266675555851862
2612	0.000533351111703724
12697	0.0006333544451481727
140	0.000666688889629655
6634	0.000666688889629655
1733	0.0007000233341111356
3030	0.0007000233341111356
3739	0.0007000233341111356
4697	0.0007000233341111356
6564	0.0007000233341111356
8315	0.0007000233341111356
8635	0.0007000233341111356
12219	0.0007000233341111356
13093	0.0007000233341111356
13275	0.0007666922230741037
10242	0.0009666988899629976
771	0.0009666988899629993
1115	0.0009666988899629993
1163	0.0009666988899629993
1211	0.0009666988899629993
2678	0.0009666988899629993
7034	0.0009666988899629993
8201	0.0009666988899629993
13445	0.0009666988899629993
12727	0.00100003333444448
323	0.0010000333344444817
848	0.0010000333344444817
865	0.0010000333344444817
1427	0.0010000333344444817
1890	0.0010000333344444817
2505	0.0010000333344444817
3429	0.0010000333344444817
3735	0.0010000333344444817
4276	0.0010000333344444817
4870	0.0010000333344444817
5025	0.0010000333344444817
5079	0.0010000333344444817
5577	0.0010000333344444817
6015	0.0010000333344444817
6540	0.0010000333344444817
7131	0.0010000333344444817
7914	0.0010000333344444817
8393	0.0010000333344444817
8533	0.0010000333344444817
9010	0.0010000333344444817
9322	0.0010000333344444817
9495	0.0010000333344444817
11755	0.0010000333344444817
12350	0.0010000333344444817
13319	0.0010000333344444817
13718	0.0010000333344444817
1892	0.001033367778925964
572	0.0011333711123704127
10985	0.0011333711123704127
13335	0.0011333711123704127
11749	0.001300043334777826
7426	0.001533384446148204
2925	0.0016000533351111703
10001	0.0016000533351111703
9956	0.0018000600020000677
5237	0.0021000700023334103
8469	0.002200073335777859
11750	0.002200073335777859
13652	0.002200073335777859
8563	0.0023000766692223076
266	0.00233341111370379
1026	0.00233341111370379
1570	0.00233341111370379
1616	0.00233341111370379
1824	0.00233341111370379
1904	0.00233341111370379
1987	0.00233341111370379
2561	0.00233341111370379
2778	0.00233341111370379
2788	0.00233341111370379
2789	0.00233341111370379
3696	0.00233341111370379
3972	0.00233341111370379
4122	0.00233341111370379
4873	0.00233341111370379
4876	0.00233341111370379
5008	0.00233341111370379
5262	0.00233341111370379
5362	0.00233341111370379
5602	0.00233341111370379
5674	0.00233341111370379
5676	0.00233341111370379
6009	0.00233341111370379
6140	0.00233341111370379
6220	0.00233341111370379
6252	0.00233341111370379
6268	0.00233341111370379
6271	0.00233341111370379
6313	0.00233341111370379
6709	0.00233341111370379
