18	0.0
106	0.0
220	0.0
362	0.0
667	0.0
873	0.0
916	0.0
1023	0.0
1272	0.0
1295	0.0
1303	0.0
1307	0.0
1346	0.0
1350	0.0
1546	0.0
1595	0.0
1603	0.0
1854	0.0
1862	0.0
1909	0.0
2101	0.0
2176	0.0
2186	0.0
2250	0.0
2382	0.0
2435	0.0
2460	0.0
2571	0.0
3325	0.0
3366	0.0
3540	0.0
3584	0.0
3658	0.0
3777	0.0
3978	0.0
4164	0.0
4244	0.0
4342	0.0
4534	0.0
4606	0.0
4761	0.0
4997	0.0
5007	0.0
5029	0.0
5207	0.0
5258	0.0
5261	0.0
5650	0.0
6071	0.0
6102	0.0
6305	0.0
6335	0.0
6947	0.0
6956	0.0
7043	0.0
7095	0.0
7240	0.0
7765	0.0
8035	0.0
8161	0.0
8245	0.0
9005	0.0
9067	0.0
9139	0.0
9227	0.0
9543	0.0
9579	0.0
9580	0.0
9781	0.0
10088	0.0
10089	0.0
10383	0.0
10467	0.0
10626	0.0
10759	0.0
10777	0.0
10918	0.0
11328	0.0
11346	0.0
11373	0.0
11486	0.0
11544	0.0
11560	0.0
11568	0.0
11626	0.0
11766	0.0
12201	0.0
12208	0.0
12224	0.0
12256	0.0
12341	0.0
12559	0.0
12626	0.0
13188	0.0
13219	0.0
13572	0.0
13612	0.0
2276	3.333444448148232e-05
2386	3.333444448148232e-05
4337	3.333444448148232e-05
