47	0.06539124882758074
9059	0.15346019114795464
5266	0.15864876655308802
6939	0.19880383415233127
12927	0.21872590736302136
6415	0.22184083839583954
11238	0.22196269307081698
6755	0.22211665695433996
259	0.23242614107203796
10139	0.23734916024514086
6194	0.23918177317170325
9038	0.23933740377745033
10599	0.241874283211893
5498	0.24872880378063886
2866	0.24933773712189514
2951	0.2517509780983781
7278	0.2551593403169181
13048	0.25528309137617855
36	0.25548432550873207
3010	0.25548454625187617
2545	0.25550394489180855
8880	0.2558926980955107
13274	0.2584179773662466
2990	0.26206068518894887
6961	0.26215143514817274
7959	0.26385963032658505
11223	0.2692487731753823
2157	0.2719080591426626
13360	0.27205154441602897
1408	0.2723506602951425
12504	0.27241721881253345
9235	0.2725932547807335
10724	0.27711051906858436
4536	0.27848531294409923
12156	0.2788186573889141
2014	0.2789621404325518
6576	0.2790057327440458
2180	0.2805841577104967
9129	0.2809544587941114
4103	0.28229446555687865
11814	0.28237251163667554
6978	0.28829768127165
6931	0.28876157521861656
451	0.2889293623053879
12132	0.2890397338774169
4209	0.2892823283630079
12558	0.28958389471399326
5936	0.2928667031375962
9585	0.29510716132009307
2066	0.29552735258399365
7141	0.2957502150852074
2034	0.29600462601819166
12343	0.2961506743647308
5941	0.2972296389812771
5204	0.29913773045500625
9378	0.30230450268074716
57	0.3025609203695865
4642	0.30260451268108046
6840	0.30267118157004347
5232	0.30559658454612926
3041	0.30567517802432875
608	0.3058625867239053
3498	0.30600462601819167
4601	0.30600462601819167
12731	0.30600462601819167
13287	0.30600462601819167
6360	0.30613796379611763
12432	0.31057412058662826
9590	0.3111179458490311
11490	0.3121966941818908
2181	0.3122968078869073
5590	0.31256147668690404
7983	0.3160049593626365
13110	0.3189084006256173
11467	0.32069597303187697
24	0.32072930747635847
11251	0.32209601970009927
7363	0.3221752865563746
13520	0.3223189925728851
268	0.3224293641449141
5019	0.32245110511487507
8199	0.32253973571694305
11819	0.3226501072889721
1656	0.322671848258933
12327	0.322671848258933
9826	0.322805186036859
6542	0.32695248035581115
3236	0.3274513821586695
1030	0.3275230133089163
584	0.32806143705347596
6289	0.32845019025717803
4699	0.32861035055683574
12568	0.3287179806773938
5618	0.32893872382145184
2931	0.32928388471365994
6809	0.32930540271074815
4726	0.3293172191581414
10739	0.3297747606079623
11285	0.33034100021840196
3507	0.3318295671171202
