3629	0.001233374445814861
4828	0.001233374445814861
5554	0.001233374445814861
8848	0.001233374445814861
13338	0.001233374445814861
7099	0.00196673222440748
10559	0.002100070002333411
13049	0.0021334044468148934
4652	0.00293343111437048
10465	0.00293343111437048
7061	0.003766792226407548
5304	0.004433481116037203
304	0.00453348444948165
1046	0.00453348444948165
1610	0.00453348444948165
2287	0.00453348444948165
2541	0.00453348444948165
3276	0.00453348444948165
3741	0.00453348444948165
3811	0.00453348444948165
4020	0.00453348444948165
4442	0.00453348444948165
4580	0.00453348444948165
5473	0.00453348444948165
5630	0.00453348444948165
7065	0.00453348444948165
7331	0.00453348444948165
7402	0.00453348444948165
8480	0.00453348444948165
9353	0.00453348444948165
9449	0.00453348444948165
9517	0.00453348444948165
9968	0.00453348444948165
12858	0.00453348444948165
13525	0.00453348444948165
669	0.004566818893963131
7955	0.004566818893963132
9147	0.005233507783592785
11070	0.005400180006000199
7816	0.005433514450481682
11591	0.005433514450481683
7339	0.006033534451148371
10164	0.006033534451148371
11730	0.006033534451148371
1638	0.006033534451148375
366	0.006166872229074304
821	0.006166872229074304
1673	0.006166872229074304
5559	0.006166872229074304
5757	0.006166872229074304
6447	0.006166872229074304
7709	0.006166872229074304
7960	0.006166872229074304
11065	0.006166872229074304
11866	0.006166872229074304
12820	0.006166872229074304
13356	0.006166872229074304
1495	0.006200206673555783
1421	0.006200206673555786
2943	0.006200206673555786
4258	0.006200206673555786
8193	0.006200206673555786
12554	0.006200206673555786
7587	0.006200206673555789
1390	0.006233541118037267
6452	0.006233541118037267
203	0.006233541118037269
419	0.006233541118037269
3749	0.006233541118037269
4735	0.006233541118037269
5503	0.006233541118037269
6781	0.006233541118037269
6788	0.006233541118037269
7033	0.006233541118037269
7655	0.006233541118037269
9048	0.006233541118037269
10767	0.006233541118037269
10864	0.006233541118037269
11176	0.006233541118037269
11833	0.006233541118037269
13276	0.006233541118037269
2189	0.00626687556251875
4224	0.00626687556251875
4594	0.00626687556251875
8292	0.00626687556251875
8821	0.00626687556251875
6662	0.006366878895963198
8755	0.006666888896296543
2901	0.0067335577852595105
9875	0.006966898896629887
696	0.0071335711190373
4119	0.0071335711190373
5961	0.0071335711190373
11753	0.007166905563518786
2994	0.00786692889762992
4716	0.00786692889762992
11202	0.007866928897629924
11770	0.00826694223140771
7831	0.008733624454148471
2619	0.008733624454148475
