6960	0.016722408026755856
3709	0.016755852842809366
5993	0.0332896269340527
12114	0.04871188125445881
13028	0.07330133300987396
1419	0.0751680574413797
8409	0.08341303795968236
11622	0.0872685711597298
4255	0.09172479773851988
12693	0.10341370464857186
13573	0.1102979330080233
9380	0.11561411132879451
96	0.12511442800601713
13354	0.14211287533441752
1252	0.15644051680206503
3577	0.15934890248849987
10341	0.19212613553116203
5977	0.20387022822722856
4500	0.2084505392097239
11246	0.2085838769876498
3721	0.20861732180370332
2861	0.20874842985290154
9845	0.21175064921339065
5988	0.22021737290908577
9848	0.22509602048050426
3076	0.22871765625186385
6005	0.22908099054806835
12568	0.24185187332331362
6542	0.24361737364489627
1643	0.24675181591894751
8930	0.25892713703611747
584	0.26250841694723154
616	0.2734193715041337
2066	0.2750425014167138
4912	0.28347655735681704
4103	0.2882753884438288
7799	0.28831986818735644
12891	0.28831986818735644
4699	0.28975822048025895
1604	0.292352331476824
10724	0.29345933493212306
6203	0.2954405057649079
2501	0.2963639479175504
3066	0.301753649313394
8382	0.301753649313394
11090	0.301753649313394
11768	0.301753649313394
13641	0.301753649313394
5906	0.3060259188126784
5618	0.308453872654172
2990	0.30850916881175855
9569	0.30854250325624
3450	0.3102147440589156
2545	0.31506590910889887
11251	0.31517605770805507
13048	0.31528676262452887
7278	0.31541051368378936
8880	0.32501083369445644
1169	0.32614264845617474
7959	0.3329777659255308
4642	0.3347880837945434
9378	0.3350880937948767
5204	0.3382548660206176
9235	0.34171139037967924
11223	0.3450558719850304
5070	0.345784101387549
7080	0.34605877498034765
6931	0.3485105021895378
9129	0.35007259439305716
2866	0.351599795801443
12927	0.35184394663768603
10863	0.3550893168010839
9038	0.3582666846977396
4209	0.35840046396195363
50	0.3588737283438992
2034	0.3651227616171374
5230	0.36597251012046006
5048	0.37166668543355
57	0.37167905596853223
6939	0.3717660198483762
6840	0.3717893171689892
12254	0.375089427172656
3498	0.3751227616171374
4601	0.3751227616171374
12731	0.3751227616171374
13287	0.3751227616171374
6194	0.3751562064331909
6360	0.3752560993950634
10850	0.3757415091093894
9716	0.37758764088122887
259	0.3818118351994118
7983	0.38512309496158226
11819	0.39176824288791784
1656	0.3917899838578788
12327	0.3917899838578788
9826	0.39192332163580473
7947	0.39212120894553787
5987	0.395443839209356
7727	0.3960914382764821
6289	0.3975683258561238
