4384	3.834796947501523e-05
10645	3.834796947501523e-05
4421	7.669593895003046e-05
7173	7.669593895003046e-05
12884	7.669593895003046e-05
6777	0.0001150439084250457
7030	0.00011504390842505263
4629	0.0002684357863251101
7580	0.00046017563370019665
9130	0.00046017563370019665
9403	0.00046017563370019665
10057	0.00046017563370019665
12671	0.00046017563370019665
3268	0.0008053073589753407
488	0.0008436553284503628
9061	0.0008436553284503628
12300	0.0008436553284503628
12587	0.0008820032979253781
2993	0.0009586992368754068
5956	0.0009586992368754068
12025	0.0009586992368754068
9908	0.0009586992368754085
4880	0.0010353951758254373
5240	0.0010353951758254373
6364	0.0010353951758254373
7423	0.0010353951758254373
7640	0.0010353951758254373
8097	0.0010353951758254373
8565	0.0010353951758254373
8790	0.0010353951758254373
8968	0.0010353951758254373
11048	0.0010353951758254373
12151	0.0010353951758254373
12945	0.0010353951758254373
54	0.0010737431453004525
92	0.0010737431453004525
144	0.0010737431453004525
148	0.0010737431453004525
167	0.0010737431453004525
337	0.0010737431453004525
362	0.0010737431453004525
424	0.0010737431453004525
429	0.0010737431453004525
453	0.0010737431453004525
464	0.0010737431453004525
468	0.0010737431453004525
521	0.0010737431453004525
526	0.0010737431453004525
551	0.0010737431453004525
801	0.0010737431453004525
1147	0.0010737431453004525
1194	0.0010737431453004525
1257	0.0010737431453004525
1307	0.0010737431453004525
1321	0.0010737431453004525
1376	0.0010737431453004525
1467	0.0010737431453004525
1654	0.0010737431453004525
1720	0.0010737431453004525
1816	0.0010737431453004525
2082	0.0010737431453004525
2109	0.0010737431453004525
2144	0.0010737431453004525
2154	0.0010737431453004525
2224	0.0010737431453004525
2297	0.0010737431453004525
2362	0.0010737431453004525
2670	0.0010737431453004525
2868	0.0010737431453004525
3035	0.0010737431453004525
3069	0.0010737431453004525
3183	0.0010737431453004525
3378	0.0010737431453004525
3442	0.0010737431453004525
3693	0.0010737431453004525
3912	0.0010737431453004525
3981	0.0010737431453004525
3987	0.0010737431453004525
4089	0.0010737431453004525
4199	0.0010737431453004525
4211	0.0010737431453004525
4240	0.0010737431453004525
4257	0.0010737431453004525
4275	0.0010737431453004525
4331	0.0010737431453004525
4399	0.0010737431453004525
4611	0.0010737431453004525
4679	0.0010737431453004525
5006	0.0010737431453004525
5020	0.0010737431453004525
5083	0.0010737431453004525
5141	0.0010737431453004525
5154	0.0010737431453004525
5312	0.0010737431453004525
5392	0.0010737431453004525
5645	0.0010737431453004525
6008	0.0010737431453004525
6017	0.0010737431453004525
6107	0.0010737431453004525
6167	0.0010737431453004525
