6946	0.0001333377779259362
2226	0.0034667822260741957
1250	0.0053668455615187224
9	0.006833561118703958
1573	0.008533617787259591
240	0.010100336677889267
7179	0.01013367112237075
4996	0.013500450015000498
3961	0.014833827794259808
8580	0.016700556685222828
19	0.016767225574185814
361	0.016767225574185814
5604	0.016767225574185814
10851	0.016833894463148764
419	0.0198673289109637
11453	0.020100670022334073
8996	0.0218007266908897
3	0.02183406113537119
8223	0.021934064468815608
2490	0.02323410780359344
6215	0.02346744891496383
504	0.025167505583519448
10943	0.026800893363112095
11465	0.026800893363112102
6027	0.026867562252075053
6265	0.028567618920630672
13077	0.029967665588852957
3257	0.030001000033334453
744	0.030167672255741858
11569	0.03073435781192705
11119	0.0331677722590753
13134	0.03336777892596419
315	0.033434447814927166
73	0.03346778225940864
4585	0.03346778225940864
6953	0.03346778225940865
7601	0.03346778225940865
12198	0.03346778225940865
12393	0.03346778225940865
12632	0.03346778225940865
11704	0.03350111670389012
10966	0.03513450448348278
4119	0.036534551151705064
11771	0.03663455448514952
6488	0.036667888929630965
11419	0.036834561152038384
3087	0.03726790893029766
1529	0.03983466115537185
11376	0.03986799559985332
4933	0.04000133337777925
11302	0.04003466782226073
12485	0.040034667822260735
6398	0.04013467115570518
4207	0.04016800560018666
4336	0.04016800560018667
1193	0.04076802560085334
408	0.04313477115903863
2216	0.043534784492816406
3615	0.046501550051668394
4447	0.04653488449614987
2073	0.046801560052001735
6038	0.04683489449648322
10577	0.04880162672089071
11602	0.04913497116570554
9148	0.04980166005533518
143	0.049834994499816654
1247	0.049834994499816654
5996	0.049834994499816654
7788	0.049834994499816654
13157	0.049834994499816654
13455	0.049834994499816654
8299	0.04986832894429812
10925	0.04986832894429813
11070	0.04986832894429813
11279	0.05000166672222407
7184	0.05003500116670554
4525	0.05010167005566852
1893	0.050101670055668526
6954	0.050135004500149995
8793	0.050135004500149995
394	0.05013500450015
2240	0.05013500450015
5162	0.05013500450015
6105	0.05013500450015
8890	0.05013500450015
10533	0.05013500450015
5412	0.050135004500150016
9651	0.05013500450015002
7401	0.05016833894463147
8038	0.05016833894463148
9530	0.05016833894463148
10905	0.05016833894463148
6935	0.05020167338911298
12935	0.0515017167238908
1474	0.05200173339111301
3480	0.05306843561452049
4170	0.05333511117037233
9531	0.05346844894829829
1448	0.053501783392779736
7941	0.054835161172039064
