203	0.0
419	0.0
3508	0.0
3749	0.0
4652	0.0
4735	0.0
5503	0.0
6361	0.0
6788	0.0
7033	0.0
7655	0.0
7863	0.0
9048	0.0
9649	0.0
10465	0.0
10767	0.0
10864	0.0
11176	0.0
11833	0.0
13276	0.0
821	6.666888896296463e-05
5054	0.00013333777792592927
6662	0.00013333777792592927
13204	0.00013333777792592927
1638	0.0002000066668888939
5349	0.000266675555851862
7194	0.001600053335111172
2098	0.0016333877795926544
3961	0.0016333877795926544
5290	0.0016333877795926544
7454	0.0016333877795926544
9025	0.0016333877795926544
11202	0.0016333877795926544
12935	0.0016333877795926544
5304	0.0016667222240741367
7955	0.0016667222240741367
8864	0.0016667222240741367
11753	0.0016667222240741367
304	0.001700056668555619
1046	0.001700056668555619
1430	0.001700056668555619
1610	0.001700056668555619
2287	0.001700056668555619
2541	0.001700056668555619
2605	0.001700056668555619
3276	0.001700056668555619
3629	0.001700056668555619
3741	0.001700056668555619
3811	0.001700056668555619
4020	0.001700056668555619
4290	0.001700056668555619
4442	0.001700056668555619
4580	0.001700056668555619
4828	0.001700056668555619
5473	0.001700056668555619
5554	0.001700056668555619
5630	0.001700056668555619
6757	0.001700056668555619
7065	0.001700056668555619
7099	0.001700056668555619
7331	0.001700056668555619
7402	0.001700056668555619
7844	0.001700056668555619
8480	0.001700056668555619
8848	0.001700056668555619
9353	0.001700056668555619
9449	0.001700056668555619
9517	0.001700056668555619
9968	0.001700056668555619
10559	0.001700056668555619
11591	0.001700056668555619
12858	0.001700056668555619
13049	0.001700056668555619
13338	0.001700056668555619
13525	0.001700056668555619
2619	0.002500083336111205
7061	0.0025334177805926873
3193	0.0028334277809260316
8313	0.003133437781259376
7339	0.0032001066702223406
10164	0.0032001066702223406
11730	0.0032001066702223406
3005	0.0032667755591853087
7587	0.0032667755591853087
145	0.0033001100036667876
3569	0.0033001100036667876
5131	0.0033001100036667876
6068	0.0033001100036667876
6535	0.0033001100036667876
6994	0.0033001100036667876
8087	0.0033001100036667876
8299	0.0033001100036667876
9875	0.0033001100036667876
10710	0.0033001100036667876
12225	0.0033001100036667876
630	0.00333344444814827
696	0.00333344444814827
1125	0.00333344444814827
1159	0.00333344444814827
1339	0.00333344444814827
