621	0.006533551118370607
1405	0.006533551118370607
2868	0.006533551118370607
6479	0.006533551118370607
8444	0.006533551118370607
10596	0.006533551118370614
12547	0.008233607786926226
7898	0.011500383346111535
10640	0.011533717790593015
6061	0.012000400013333783
178	0.01236707890263009
9578	0.012733757791926398
10373	0.013167105570185675
2080	0.013233774459148641
3004	0.01363378779292643
3973	0.013633787792926432
9015	0.013867128904296816
8958	0.015200506683556114
2082	0.015600520017333922
3101	0.01646721557385246
7677	0.016467215573852462
11245	0.016467215573852462
9890	0.01650055001833395
7631	0.016533884462815427
10551	0.0167672255741858
163	0.01676722557418581
6110	0.01676722557418581
1579	0.01680056001866728
35	0.01683389446314876
7871	0.01683389446314876
13100	0.01683389446314876
10565	0.016833894463148764
2329	0.016867228907630254
11227	0.019767325577519257
2244	0.019833994466482218
10445	0.01986732891096369
12356	0.01990066335544518
5014	0.019900663355445186
5013	0.020167338911297034
4108	0.021100703356778557
2446	0.021534051135037837
3920	0.021834061135371178
8160	0.023134104470149002
2141	0.023167438914630488
5905	0.02316743891463049
3930	0.0231674389146305
4934	0.023200773359111967
8118	0.023200773359111974
7620	0.023234107803593456
11514	0.023234107803593456
10409	0.023467448914963825
10545	0.023500783359445304
11806	0.02490083002766758
606	0.024900830027667593
809	0.025167505583519448
1257	0.025567518917297253
7004	0.026200873362445407
7945	0.026234207806926903
2441	0.026400880029334304
9788	0.02646754891829727
10419	0.026467548918297272
9067	0.02650088336277876
160	0.026500883362778765
11521	0.026534217807260247
10962	0.026567552251741722
7713	0.026634221140704687
2412	0.026767558918630616
9776	0.026767558918630616
10907	0.026767558918630616
3648	0.026767558918630623
2955	0.0268008933631121
9558	0.02683422780759358
8272	0.02686756225207506
723	0.028200940031334377
9543	0.029034301143371452
4275	0.029667655588519627
9031	0.02973432447748257
10716	0.029834327810927017
2297	0.029834327810927038
12107	0.029867662255408503
5244	0.02986766225540852
7772	0.029900996699889992
879	0.02990099669989
13322	0.02990099669989
9617	0.030001000033334446
948	0.03003433447781592
12278	0.030067668922297414
11230	0.030067668922297418
1181	0.030101003366778883
12559	0.03013433781126037
370	0.03013433781126038
11568	0.030167672255741858
4591	0.03020100670022334
12575	0.030401013367112234
7210	0.03150105003500116
10663	0.03156771892396413
11274	0.03156771892396413
10424	0.03173439114637154
12197	0.031734391146371554
12591	0.031834394479815994
