2044	0.0
3102	0.0
4600	0.0
7271	0.0
5470	3.3334444481503134e-05
7907	3.3334444481503134e-05
8917	0.003300110003666812
9170	0.007400246674889199
748	0.009633654455148466
12724	0.010000333344444834
2033	0.01330044334811159
4919	0.01330044334811159
5444	0.01330044334811159
13078	0.01330044334811159
5579	0.014333811127037577
8148	0.016633887796259905
3084	0.016700556685222856
7411	0.016700556685222856
12079	0.016700556685222856
9534	0.017400580019334005
10709	0.021867395579852622
3197	0.02403413447114905
8395	0.026700890029667634
8922	0.026700890029667634
5576	0.03226774225807527
2036	0.03330111003700123
6570	0.03330111003700123
1156	0.033334444481482706
2266	0.033334444481482706
6062	0.033334444481482706
561	0.03333444448148273
823	0.03333444448148273
3949	0.03333444448148273
4916	0.03333444448148273
7762	0.03333444448148273
11612	0.03333444448148273
256	0.03336777892596421
1132	0.03336777892596421
6026	0.03336777892596421
693	0.03666788892963102
11988	0.03670122337411247
7582	0.04003466782226073
2770	0.04336811227040899
12250	0.04336811227040899
12067	0.046634887829594324
240	0.04996833227774261
4981	0.04996833227774261
5962	0.04996833227774261
12938	0.04996833227774261
818	0.050001666722224086
8192	0.050001666722224086
7884	0.05003500116670556
8960	0.05003500116670556
12178	0.05003500116670556
13259	0.05003500116670556
6004	0.05443514783826128
2784	0.06330211007033568
7262	0.06330211007033568
3045	0.06336877895929866
10524	0.06336877895929866
12925	0.06336877895929866
4801	0.06663555451848396
8751	0.06663555451848396
11218	0.06663555451848396
315	0.06666888896296541
860	0.06666888896296541
12234	0.06666888896296541
12363	0.06666888896296541
12424	0.06666888896296541
3060	0.06666888896296544
5225	0.06666888896296544
6987	0.06666888896296544
10391	0.06666888896296544
12685	0.06666888896296544
12930	0.06666888896296544
99	0.06670222340744691
1245	0.06670222340744691
1669	0.06670222340744691
6908	0.06670222340744691
9473	0.0700023334111137
3308	0.07780259341978063
4301	0.07996933231107706
2465	0.08000266675555853
863	0.08193606453548447
2915	0.08333611120370679
12155	0.08663622120737358
13437	0.08666955565185502
5708	0.09000300010000334
9535	0.0933364445481516
1	0.09663655455181841
4057	0.09663655455181841
5194	0.09670322344078136
1161	0.09996999899996667
1666	0.09996999899996667
3075	0.09996999899996667
5919	0.09996999899996667
5984	0.09996999899996667
7652	0.09996999899996667
7737	0.09996999899996667
10601	0.09996999899996667
