2105	0.0
3187	0.0
6189	0.0
7668	0.0
7672	0.0
8817	0.0
9478	0.0
11504	0.0
12437	0.0
13098	0.0
10413	3.333444448148232e-05
13564	3.333444448148232e-05
9015	0.000133337777925931
1894	0.00016667222240741332
8170	0.0003000100003333443
13374	0.0003000100003333443
4808	0.0003333444448148249
1295	0.0004333477782592753
809	0.000533351111703724
7004	0.000533351111703724
7945	0.000533351111703724
11661	0.0005666855561852063
1033	0.0006333544451481727
2494	0.0006333544451481727
3323	0.0006333544451481727
2333	0.000666688889629655
2628	0.0007000233341111373
4058	0.0007000233341111373
11033	0.0007000233341111373
12608	0.0007000233341111373
3859	0.0007333577785926196
5420	0.0007666922230741037
9444	0.0007666922230741037
1153	0.000800026667555586
8391	0.000800026667555586
11249	0.000800026667555586
13004	0.000800026667555586
86	0.0008333611120370683
106	0.0008333611120370683
111	0.0008333611120370683
510	0.0008333611120370683
612	0.0008333611120370683
1158	0.0008333611120370683
1200	0.0008333611120370683
1457	0.0008333611120370683
1564	0.0008333611120370683
1828	0.0008333611120370683
2193	0.0008333611120370683
2346	0.0008333611120370683
2448	0.0008333611120370683
2715	0.0008333611120370683
2762	0.0008333611120370683
2834	0.0008333611120370683
2961	0.0008333611120370683
2988	0.0008333611120370683
3061	0.0008333611120370683
3139	0.0008333611120370683
3488	0.0008333611120370683
3920	0.0008333611120370683
4534	0.0008333611120370683
4553	0.0008333611120370683
4737	0.0008333611120370683
4756	0.0008333611120370683
4829	0.0008333611120370683
5080	0.0008333611120370683
5097	0.0008333611120370683
5443	0.0008333611120370683
5613	0.0008333611120370683
5790	0.0008333611120370683
6221	0.0008333611120370683
6310	0.0008333611120370683
6416	0.0008333611120370683
6581	0.0008333611120370683
7744	0.0008333611120370683
7807	0.0008333611120370683
8032	0.0008333611120370683
8399	0.0008333611120370683
8845	0.0008333611120370683
8899	0.0008333611120370683
9011	0.0008333611120370683
9320	0.0008333611120370683
9416	0.0008333611120370683
10011	0.0008333611120370683
10024	0.0008333611120370683
10146	0.0008333611120370683
10282	0.0008333611120370683
10291	0.0008333611120370683
10562	0.0008333611120370683
10803	0.0008333611120370683
10831	0.0008333611120370683
10907	0.0008333611120370683
11102	0.0008333611120370683
11685	0.0008333611120370683
11852	0.0008333611120370683
11927	0.0008333611120370683
12066	0.0008333611120370683
12392	0.0008333611120370683
12827	0.0008333611120370683
13067	0.0008333611120370683
13227	0.0008333611120370683
