3226	0.1777098465373682
10349	0.2059748409914317
861	0.24754550772607453
803	0.25411239328892665
437	0.2777131799818163
1210	0.2777131799818163
3151	0.2777131799818163
4563	0.2777131799818163
4898	0.2777131799818163
6646	0.2777131799818163
9066	0.2777131799818163
9357	0.2777131799818163
10449	0.2777131799818163
10463	0.2777131799818163
12083	0.2777131799818163
12978	0.2777131799818163
13678	0.2777131799818163
4798	0.27774651442629783
6424	0.27774651442629783
8218	0.27774651442629783
5600	0.28057994220722393
1028	0.2807466144296313
5927	0.2807466144296313
6631	0.28187998554200167
4970	0.2860801255466685
10692	0.2860801255466685
12034	0.2907469477740761
5570	0.2941470611111874
25	0.2944137366670392
12933	0.3007472811185209
7767	0.30274734778740986
2077	0.3034512823630069
9227	0.3040807255666692
12235	0.30558077556833585
3504	0.3077141800151508
260	0.31078094890744723
847	0.31078094890744723
4145	0.31078094890744723
6541	0.31078094890744723
7136	0.3109809555743361
4535	0.31114762779674354
8950	0.3141143933555955
1254	0.3191145600278179
7144	0.3194145700281512
6293	0.32274801447629947
9707	0.3242813989224478
526	0.3275815089261145
13646	0.3277148467040404
12075	0.3303182001491553
13082	0.3333817022658925
5902	0.334381735600337
1121	0.33584845115752227
1394	0.3374485044926334
2893	0.3407152800518187
2031	0.3419663675063679
1044	0.34344870449930026
12193	0.34408205894444843
12325	0.34438206894478174
8549	0.3481821956156708
2253	0.34928287936395264
5385	0.3540490578444118
11604	0.35411572673337477
7111	0.3574158367370415
8182	0.35744917118152303
11614	0.3582158634045971
13249	0.3594159034059305
2676	0.36074928118518984
294	0.3607826156296713
548	0.3607826156296713
1703	0.3607826156296713
3455	0.3607826156296713
4248	0.3607826156296713
6326	0.3607826156296713
8336	0.3607826156296713
10563	0.3607826156296713
11396	0.3607826156296713
11628	0.3607826156296713
647	0.3610492911855231
2451	0.3610492911855231
4318	0.3610492911855231
6303	0.3610492911855231
13198	0.3610492911855231
3131	0.36938290230589377
5598	0.36941623675037527
6000	0.36984566152205073
7592	0.3703829356403383
7187	0.37428306564467184
713	0.3749412562118084
10578	0.3760831256466719
10530	0.3764792159738658
2367	0.37744983787041264
12282	0.37744983787041264
10630	0.3777165134262645
39	0.37804985787107936
1256	0.3791838760638427
740	0.3859200535442685
2562	0.3860834589911166
11079	0.38681681676970925
3268	0.38741683677037597
10500	0.38741683677037597
