7164	0.02336744558151941
175	0.028672965582599606
7197	0.0448765070683934
1306	0.055535844113212086
10495	0.05674023803247713
10388	0.058301943398113266
5951	0.05983532784426146
12614	0.06297678061830755
2301	0.06333544451481718
9533	0.06996899896663224
4102	0.07109806345847657
10516	0.07250909590788049
12292	0.07314779368155314
7717	0.07600921257843621
174	0.07830261008700287
12267	0.07990266342211408
9750	0.08084270702825117
5393	0.08180272675755859
7572	0.0833361112037068
3397	0.08343611453715125
10348	0.08540952592221432
5056	0.08611786337324485
5083	0.08631089175534545
7103	0.08666955565185507
1152	0.08691790538049958
11336	0.08973799017981351
7612	0.09011134822976542
4095	0.09034468934113579
688	0.09371880827979129
12057	0.094844839346136
1273	0.09490316343878127
6000	0.09494484267958041
9733	0.09497817712406192
1301	0.09501151156854337
12462	0.09507818045750632
77	0.09611522592929472
11566	0.09671156823709898
8910	0.09834495601669166
9842	0.09837829046117313
6256	0.09948200482192449
5980	0.10050468594380149
117	0.10244342705225197
12414	0.10257008566952233
26	0.10264343371914089
9130	0.10461096744282705
7130	0.10494517602402524
7235	0.10548454668932267
4422	0.10594354372280765
44	0.1062304932476543
3937	0.10660355345178171
192	0.10663688789626319
10568	0.10663688789626319
12070	0.1073660016914345
11543	0.10761160177901292
2977	0.10791194158287722
2597	0.10834528936113648
13272	0.10841195825009944
12233	0.10887533988091433
2875	0.10907698150406703
2406	0.1091103159485485
7021	0.10917698483751148
7381	0.10921198491765502
2435	0.10934365705991887
12362	0.10987867380728467
292	0.10997033234441148
5294	0.11151206158687738
6281	0.11161206492032176
9076	0.11161206492032176
12912	0.11161206492032179
8896	0.11174540269824772
4972	0.11281578261451758
148	0.1130784506739761
6019	0.1131651736629132
5005	0.11328246483725833
3983	0.11337879047784036
11415	0.1135371179039301
7285	0.11374380373147461
12296	0.11401448678371981
5206	0.11444917039411023
11338	0.11464784122886801
1551	0.11497884381295154
5916	0.11574387040036357
68	0.11588286597064583
2297	0.11637856067764285
12417	0.11663722124070802
10484	0.11671223492598867
5991	0.11824561937213685
9843	0.11824561937213685
4161	0.11828263150948073
9746	0.11831228826109982
8714	0.11834562270558127
1426	0.11991234159621098
8161	0.1199373312443748
11398	0.1206147067910534
6259	0.1212457193754703
30	0.12147906048684066
11224	0.12164573270924807
709	0.12304577937747037
2244	0.12330411013700457
435	0.12333744458148604
