3709	0.25004177842717384
5993	0.2665755525184172
6764	0.2667307416378762
2861	0.2753954674743339
8930	0.2921730612871042
6203	0.2954186544233748
11622	0.30405394672576036
13028	0.30658725859423847
96	0.30684233621611245
1419	0.30845398302574417
12114	0.315442622892335
1252	0.31972410897531583
3450	0.34016055830623554
13573	0.3435838585923878
9845	0.345143612925336
8409	0.35014377959755855
2866	0.35177883409937516
5977	0.35385337705236775
4255	0.35845553937639607
50	0.3587852081134032
12693	0.37014444628644805
13354	0.37539880091878197
9380	0.3823448529666707
10341	0.3921109510785253
5070	0.4123978045645
11251	0.4151575398109702
3721	0.4167357418045483
5030	0.42521316931300157
3577	0.42607964412637606
5988	0.4535032984934503
11246	0.4553472863811179
6978	0.45565610158019754
5906	0.45597573319333606
9848	0.45838194606486876
3076	0.46200358183622836
5987	0.4620908768307883
6005	0.46236691613243286
1349	0.46312246082673203
67	0.46658066305666146
12568	0.4751377989076781
4500	0.4751812808476001
1169	0.4760924628368325
6542	0.4769032992292608
7016	0.48181483529941516
11223	0.48846042917149624
7983	0.4885150586401932
9716	0.4892297703122991
9038	0.5085173920513069
10850	0.5090241012493057
1643	0.5134825575568237
4103	0.5215613140281933
1215	0.5235061882218816
1604	0.5256382570611885
10724	0.5267452605164875
584	0.5292391585851077
2501	0.5296498735019148
616	0.5401501131420099
2066	0.5417732430545901
2990	0.5417950943961231
12443	0.541995101063012
13048	0.5485726882088934
4912	0.5502072989946932
13641	0.5518171687105289
7799	0.5550506098252326
12891	0.5550506098252326
4699	0.5564889621181353
2545	0.5684187243253704
3066	0.5684843909512702
8382	0.5684843909512702
11090	0.5684843909512702
11768	0.5684843909512702
5618	0.5751846142920483
13299	0.5770452638276348
9235	0.5786411386511099
6931	0.5817964277739023
7947	0.5820723567039747
7278	0.5821412553216656
12731	0.58331821874553
11285	0.5833851083776371
2353	0.5848746797691471
12927	0.5851298722220506
8880	0.5917415753323326
8357	0.5918851709772711
9826	0.5936518965347897
9223	0.5943270862651943
5936	0.5947585354294418
13280	0.5966766328108373
853	0.5984638729875165
5230	0.5992584357048245
7959	0.599708507563407
4642	0.6015188254324195
9378	0.6018188354327529
7080	0.604361422972739
5048	0.6049526110179145
5204	0.6049856076584939
6939	0.6050519454327407
6194	0.6084421320175555
7141	0.6118090212817573
259	0.6150977607837763
9129	0.6168033360309333
