10502	0.5534128577999251
64	0.5790649105981935
6094	0.6010246890418246
94	0.6105859553992058
9033	0.6245878039903086
8872	0.6293403413867309
805	0.6305628240625056
9890	0.6358439008632564
7736	0.6475593803159809
5055	0.6605214052982284
72	0.6625890706991989
11236	0.6684210932848893
4238	0.6743571107827269
1126	0.677053624125382
10517	0.6852872319123082
3959	0.6862984059208365
2993	0.6881321948558043
10667	0.6887106739672573
13549	0.6938659129667228
10429	0.6945558731138225
4978	0.6959446343910252
6974	0.6974034839006598
3034	0.6993285368842681
5337	0.7026228086783411
6264	0.7055264264331593
7493	0.7069602786176282
5908	0.7069896209054154
7634	0.707611748668181
7120	0.709656376463934
8955	0.7121231253555638
3611	0.7139990982065647
13197	0.7144680259039035
9523	0.7152898975813047
4629	0.7156940091194756
8777	0.7168871693176432
11264	0.7188566831408232
9030	0.7194900375859715
5146	0.7256375065497485
3643	0.7265247160729777
11	0.7269513314944918
9753	0.7287080793949182
4904	0.7287903475963051
1140	0.729057023152157
856	0.7294903709304162
4142	0.7306256614550872
12581	0.7320237887110089
11269	0.7362905976046388
6086	0.7388906842741942
9648	0.741287093487835
12442	0.7424183422719726
269	0.7432574965012686
5231	0.7445242053915649
7600	0.7474243020614539
7018	0.7481721253520832
13220	0.7488576831741576
8725	0.7494577031748244
12072	0.7501947386462795
11221	0.7509522996222933
11378	0.752191127622306
7158	0.7534436985990257
4237	0.7545495283841736
8169	0.7579807798678474
12075	0.7594106675284074
13248	0.7600689342253382
3675	0.7604887734936325
6913	0.7611594570908511
1136	0.761187010786107
4974	0.7628182250989558
2869	0.7630677115863458
5001	0.7647284802547241
3956	0.7694250354192327
4949	0.7696250420861214
8358	0.7700511119697546
564	0.7710370124577774
799	0.7711975836650644
11277	0.7739857313924057
1178	0.7757720018162754
5081	0.776158593204492
2040	0.7762516233203032
13293	0.7762585965379365
10397	0.7770890650476192
13344	0.7774392332739726
7579	0.7788586832074922
10441	0.7788920176519736
2878	0.7795253720971218
7706	0.7806735539267454
8072	0.7810920909877515
7618	0.7817921143218626
9179	0.7826947398016431
8699	0.7827254787673441
887	0.7847459932551512
816	0.7878839728656563
5918	0.7881039556557156
286	0.789596052023392
11261	0.789597702319355
829	0.790344928640027
12228	0.7930258221121224
248	0.7938591832241593
92	0.7951866189409236
12129	0.7955259054482334
