12154	0.3517308040247044
5225	0.417204892154686
155	0.4511271969023707
8143	0.48436855861652417
1123	0.49784563259026876
12328	0.5050025797505618
4223	0.5481040164651191
716	0.5506314571072706
3965	0.5521041498028971
9040	0.5556687340311763
12155	0.5641764578735434
8703	0.5837066665324904
1258	0.6213064565464551
2358	0.6284733621099738
12293	0.6319453835043978
3943	0.6321120557268052
12078	0.658107683254012
2872	0.6639464502066212
5002	0.6668413077081605
6153	0.6738508705007148
12250	0.6853749464604794
13432	0.6917421377358282
3949	0.6968089732970135
169	0.7020041129253574
5940	0.7052144924746968
7118	0.7076616411322726
3102	0.7136095333156807
3028	0.7228271110085221
1248	0.7326085942906693
711	0.7329435111149409
3136	0.7400437477894966
143	0.7418490469598464
6933	0.7460106133516822
6111	0.7526789656091261
12101	0.7534108600265712
8680	0.756816212532032
9535	0.7619778122583123
10709	0.7686113667101273
5444	0.7722390662497975
7628	0.7766783022746462
5984	0.7797450711669426
128	0.781578465613424
878	0.7819170492265883
7605	0.7824837347827738
5919	0.7896787356224245
10473	0.7898173125687
13264	0.7904506670138483
4981	0.7955455978511652
8671	0.7973123234086839
7674	0.7979790122983135
11716	0.7992123867441284
7174	0.8022177259158115
4902	0.8067126367524619
2320	0.8073178959214784
8999	0.8100460812006103
6026	0.8101460845340547
6980	0.813746204538055
7088	0.8141128834273512
9190	0.8285186026117013
8715	0.8301467512229443
8321	0.8319539372486422
10391	0.8341187892845905
5910	0.8452820523786853
13183	0.8467139701302414
13240	0.8480473479095004
12104	0.8488859481898874
12543	0.8500474145783896
8983	0.850847441245945
8686	0.8530808490262045
12067	0.8539453432514836
10375	0.8575809990312047
7904	0.858081015698427
9872	0.860014413478353
9600	0.8614144601465752
1893	0.8616478012579456
2065	0.8699814123783163
4036	0.8733815257154274
8960	0.8734481946043904
7619	0.8747482379391682
2070	0.8751149168284645
6290	0.8767816390525387
5192	0.880115083500687
10368	0.884948577950502
2024	0.8877025460597117
8716	0.8884486946210576
6215	0.8885872715673332
9568	0.8897487379558355
1107	0.8934155268487984
727	0.8937822057380949
6987	0.9180496813206143
12144	0.9196216393795937
1415	0.9199830791005401
6095	0.9240165468827997
6105	0.9281166835540222
11327	0.9284500279988368
11433	0.928555270500631
6136	0.9321834857807629
9571	0.9367503046747261
5953	0.9379811633134103
6411	0.9432838557930967
