5972	0.05843373374430204
2874	0.08716845745471336
2554	0.11514753947762581
9029	0.1238363463843443
12242	0.12576862929990645
9620	0.13714816246383238
1292	0.13901377649043156
5567	0.14357959089160274
13181	0.14709342039383475
11587	0.14829398995574103
4473	0.15104772277247588
4049	0.15417994423671424
2128	0.15419142733966268
5989	0.15973754309090119
5500	0.16576003592538927
12463	0.16928089353257147
4136	0.17061494023044915
13304	0.18089109213339438
4222	0.18720797939641473
8722	0.1894709756768927
8677	0.19229269738199747
9798	0.20063901684125254
3472	0.20385049624285131
3091	0.2042489443070622
7156	0.2123992215571065
13400	0.21332650887694027
13160	0.21355884772524747
8895	0.21708427070199995
8450	0.21828241654877906
6327	0.2208373500967312
6262	0.22392820005928848
9554	0.2270053371901695
5772	0.23010421529101138
9731	0.23017099455154638
8984	0.236461840812754
4072	0.23695048474859975
7718	0.2440392383202071
8690	0.24565562441824987
454	0.2461834569513521
7869	0.24880762469116857
10659	0.2505624211999931
11836	0.2534268433251008
12843	0.2534268433251008
7715	0.25458131993474475
1369	0.2566053216266629
6240	0.25959427187149275
12076	0.2626607051896155
7530	0.265792185269052
10396	0.26579503709209484
10896	0.2664375612966363
9701	0.2673843866144479
5273	0.26765128068371513
4954	0.2717616796814074
12329	0.2731619493225025
9002	0.27488474922408235
10600	0.27546213636329686
6438	0.2766955108091117
4155	0.27757279757708764
11258	0.2812508488298552
12952	0.2976618718951724
6421	0.30011814217664556
6918	0.3004100136671223
405	0.3027956015479223
3110	0.3042176099292495
8129	0.31055282779214155
4313	0.31676228783991794
3451	0.3175766695010235
542	0.31815330410679243
1895	0.3285900667145984
3165	0.33715382485993683
13328	0.3433631745361412
8873	0.34707745665100775
1449	0.34740935065728507
7927	0.34750979547701766
12959	0.3488639141929034
11234	0.3529785429859925
9361	0.35386352454780823
2140	0.3564548037888889
2023	0.3581453818806223
11441	0.35993426759710273
6157	0.360043105115767
1922	0.36012014224331446
7133	0.360130620853471
4475	0.36058727041180083
11447	0.36338691780249976
9226	0.36426387122603093
10575	0.3648770410518702
4061	0.36590093694316006
743	0.3674100173461746
1455	0.37305602605928556
2095	0.3870129004300143
11247	0.3905441218163236
7051	0.3920369932063511
376	0.39369015756489545
12953	0.3937987453539421
11272	0.3966546933950195
840	0.3970572720316987
10583	0.39742172119226726
12553	0.39755472339601966
9544	0.39907885446794716
