3974	0.048001600053335106
3487	0.07036901230041002
1439	0.08596953231774393
9015	0.09040301343378111
7871	0.09536984566152204
6311	0.10290343011433714
10716	0.10300343344778158
6042	0.10443681456048534
9890	0.10743691456381879
428	0.10963698789959667
9776	0.11293709790326344
1535	0.11300376679222641
5283	0.11433714457148574
10676	0.11453715123837464
12914	0.11463715457181908
10409	0.11633721124037467
5340	0.11870395679855997
4297	0.12310410347011568
948	0.12457081902730088
8700	0.12467082236074538
6221	0.1280376012533751
9630	0.1308043601453382
13131	0.13330444348144938
5013	0.13357111903730123
683	0.1336711223707457
3004	0.13377112570419014
9594	0.1338711290376346
1190	0.13503783459448648
879	0.13700456681889395
12356	0.13700456681889397
1326	0.14033801126704223
7253	0.14033801126704223
10962	0.14033801126704226
809	0.14107136904563486
3920	0.14300476682556085
12107	0.14363812127070902
1509	0.14370479015967202
2446	0.1446381546051535
9023	0.14490483016100536
10663	0.14533817793926465
11274	0.14533817793926465
6120	0.1460048668288943
10445	0.14630487682922766
7980	0.1469715657188573
3314	0.14697156571885733
6173	0.14770492349744993
9031	0.14957165238841297
4934	0.14970499016633887
3685	0.14983832794426483
8151	0.15030501016700556
9724	0.15030501016700556
5107	0.15033834461148704
13312	0.1504383479449315
7629	0.15137171239041303
9788	0.15297176572552418
10419	0.15297176572552418
3648	0.15300510017000568
7626	0.15300510017000568
10373	0.15300510017000568
12920	0.15300510017000568
8444	0.15303843461448713
2962	0.15313843794793158
8118	0.15360512017067235
5351	0.15360512017067238
11296	0.15363845461515385
8899	0.1536717890596353
9714	0.15367178905963536
11241	0.15380512683756126
12224	0.1543051435047835
12223	0.1546718223940798
2082	0.1550718357278576
9579	0.155305176839228
2297	0.15627187572919096
370	0.15633854461815394
2382	0.15637187906263544
8901	0.15637187906263544
8701	0.15650521684056137
11230	0.15683856128537615
8970	0.15693856461882066
3161	0.15713857128570952
13219	0.15713857128570954
11425	0.15717190573019102
765	0.15733857795259842
2890	0.15767192239741326
7210	0.1580052668422281
6118	0.15810527017567252
12229	0.1585719523984133
7804	0.15860528684289477
7898	0.15860528684289477
10640	0.15863862128737624
83	0.15863862128737627
5007	0.15867195573185774
2427	0.15877195906530217
4787	0.15943864795493184
684	0.15947198239941335
621	0.15963865462182072
1405	0.15963865462182072
2868	0.15963865462182072
6479	0.15963865462182072
10596	0.15963865462182072
