7285	0.004700156671889062
117	0.00666688889629654
1273	0.008366945564852145
4093	0.010033667788926299
7103	0.013300443348111611
1531	0.013467115570519012
12267	0.01663388779625987
3979	0.016667222240741353
1606	0.01666722224074136
9588	0.016667222240741374
7191	0.01670055668522285
6259	0.020000666688889612
11385	0.020000666688889633
5916	0.020034001133371115
79	0.020100670022334087
10548	0.02020067335577852
6296	0.02166738891296377
4095	0.023300776692556445
7123	0.02336744558151939
8714	0.02340078002600087
694	0.02666755558518618
292	0.02670089002966767
4960	0.027967598919964004
9011	0.028300943364778827
8896	0.029767658921964056
12912	0.029900996699889985
5951	0.029967665588852978
6281	0.02996766558885299
2462	0.030001000033334443
5991	0.030001000033334443
680	0.030001000033334446
2743	0.03000100003333446
10716	0.03003433447781593
9076	0.030034334477815956
8271	0.030067668922297418
9138	0.03020100670022334
5340	0.030967698923297447
12109	0.031634387812927094
11336	0.03266775559185306
2335	0.033367778925964195
7021	0.0333677789259642
6971	0.03336777892596421
2244	0.033434447814927166
10685	0.03343444781492717
10427	0.03350111670389014
11543	0.033534451148371607
13099	0.035334511150371666
3967	0.03650121670722358
11675	0.036534551151705064
11420	0.03663455448514951
5206	0.03666788892963098
1367	0.036701223374112454
2297	0.036701223374112475
3101	0.036734557818593944
10861	0.03676789226307543
13131	0.03803460115337179
2875	0.03996799893329776
9842	0.03996799893329776
160	0.04003466782226075
2441	0.04020134004466815
12056	0.04173472449081638
1235	0.043268108936964554
1181	0.04330144338144606
8973	0.043334777825927526
703	0.04333477782592754
10516	0.04333477782592754
1104	0.043368112270408994
163	0.043368112270409015
4760	0.043368112270409015
6110	0.043368112270409015
10551	0.043368112270409015
8707	0.04336811227040903
3988	0.0434014467148905
7631	0.0434014467148905
7772	0.043434781159371987
8289	0.04346811560385347
10656	0.04353478449281643
12547	0.04496816560552018
1426	0.04500150005000168
6061	0.04520150671689058
12462	0.04650155005166843
2412	0.046634887829594324
9776	0.046634887829594324
13035	0.04663488782959435
12377	0.0466682222740758
2955	0.046668222274075806
12964	0.04666822227407582
1301	0.046668222274075834
9733	0.046668222274075834
7713	0.04683489449648322
681	0.04686822894096469
3973	0.046901563385446175
10388	0.04830161005366846
77	0.048334944498149936
5408	0.04833494449814996
8958	0.04840161338711291
4142	0.04946831561052036
3457	0.04983499449981664
12296	0.04996833227774257
1579	0.05000166672222407
