11686	0.00416680556018534
11770	0.005433514450481689
5209	0.005833527784259477
8755	0.007033567785592856
17	0.007366912230407677
3058	0.007366912230407677
6828	0.007366912230407677
7658	0.007366912230407677
10236	0.007366912230407677
236	0.007466915563852129
7445	0.007466915563852129
7515	0.007466915563852129
10426	0.007466915563852129
13721	0.0075002500083336116
327	0.007500250008333613
922	0.007500250008333613
934	0.007500250008333613
1172	0.007500250008333613
1421	0.007500250008333613
1593	0.007500250008333613
1681	0.007500250008333613
1964	0.007500250008333613
2295	0.007500250008333613
2609	0.007500250008333613
2796	0.007500250008333613
2862	0.007500250008333613
2943	0.007500250008333613
3186	0.007500250008333613
3448	0.007500250008333613
3502	0.007500250008333613
4091	0.007500250008333613
4258	0.007500250008333613
4340	0.007500250008333613
4449	0.007500250008333613
4581	0.007500250008333613
5222	0.007500250008333613
5341	0.007500250008333613
5348	0.007500250008333613
5457	0.007500250008333613
5574	0.007500250008333613
5779	0.007500250008333613
6399	0.007500250008333613
6936	0.007500250008333613
6945	0.007500250008333613
7010	0.007500250008333613
7134	0.007500250008333613
7329	0.007500250008333613
7395	0.007500250008333613
7711	0.007500250008333613
7780	0.007500250008333613
7783	0.007500250008333613
8088	0.007500250008333613
8193	0.007500250008333613
8482	0.007500250008333613
8609	0.007500250008333613
8766	0.007500250008333613
8934	0.007500250008333613
9137	0.007500250008333613
9347	0.007500250008333613
9586	0.007500250008333613
9657	0.007500250008333613
9823	0.007500250008333613
9938	0.007500250008333613
9946	0.007500250008333613
10486	0.007500250008333613
10590	0.007500250008333613
10639	0.007500250008333613
10794	0.007500250008333613
10930	0.007500250008333613
10955	0.007500250008333613
11409	0.007500250008333613
11662	0.007500250008333613
12167	0.007500250008333613
12230	0.007500250008333613
12554	0.007500250008333613
12736	0.007500250008333613
12840	0.007500250008333613
12943	0.007500250008333613
13020	0.007500250008333613
13580	0.007500250008333613
903	0.00753358445281509
6548	0.007533584452815096
11965	0.007566918897296578
746	0.007833594453148438
5583	0.007833594453148442
1471	0.007900263342111406
4948	0.008033601120037332
9147	0.008466948898296613
698	0.00856695223174106
13444	0.00863362112070402
11388	0.009033634454481819
9296	0.009066968898963296
9806	0.009066968898963301
3302	0.009100303343444784
3369	0.009100303343444784
6468	0.009100303343444784
433	0.009133637787926266
2226	0.009133637787926266
4713	0.009133637787926266
6244	0.009133637787926266
