10551	0.03870129004300145
9015	0.05280176005866862
1338	0.06120204006800226
9742	0.06123537451248377
8707	0.06236874562485417
8739	0.07210240341344712
9135	0.07226907563585452
4960	0.07440248008266942
4591	0.07536917897263243
12559	0.07536917897263243
11568	0.07540251341711392
2976	0.07543584786159539
3334	0.07613587119570653
5446	0.07673589119637321
8429	0.07760258675289176
1160	0.07763592119737325
5172	0.07763592119737325
13313	0.07763592119737325
9394	0.07766925564185474
13037	0.07766925564185474
9759	0.07853595119837328
106	0.07873595786526219
1268	0.0788692956431881
2762	0.07926930897696591
7241	0.07940264675489184
11385	0.08070269008966965
12002	0.08090269675655855
13608	0.08090269675655855
8506	0.08100270009000302
1330	0.08103603453448449
12194	0.08163605453515119
10409	0.08203606786892896
1233	0.08206940231341045
10907	0.08206940231341045
2129	0.08263608786959566
12591	0.08366945564852162
6299	0.0842694756491883
10478	0.08426947564918832
5244	0.08430281009366979
5726	0.0843028100936698
10660	0.0843028100936698
2913	0.08433614453815128
7101	0.08433614453815128
9128	0.08433614453815128
12278	0.08450281676055868
9097	0.08520284009466983
11521	0.08536951231707723
725	0.08540284676155871
2858	0.0854361812060402
513	0.08596953231774393
3920	0.08700290009666989
10424	0.08703623454115136
5250	0.08750291676389213
1357	0.08760292009733658
6260	0.08760292009733658
11256	0.08763625454181806
453	0.08766958898629953
6133	0.08866962232074403
1579	0.08870295676522552
7770	0.08870295676522552
8964	0.08870295676522552
35	0.088736291209707
7620	0.088736291209707
7871	0.088736291209707
11514	0.088736291209707
13100	0.088736291209707
3019	0.08926964232141071
9674	0.08930297676589219
3081	0.08933631121037369
679	0.08960298676622552
2082	0.08996966565552184
13379	0.08996966565552186
694	0.09036967898929964
8958	0.09036967898929965
10353	0.09046968232274409
4275	0.09076969232307744
4542	0.09090303010100337
2647	0.09093636454548484
10063	0.09096969898996632
4758	0.09096969898996633
7945	0.09173639121304043
13063	0.09173639121304046
7713	0.09186972899096638
2435	0.09193639787992935
3648	0.09200306676889229
7933	0.09200306676889232
5013	0.09206973565785527
3936	0.09210307010233676
4108	0.09273642454748492
2104	0.09303643454781829
4126	0.0933364445481516
6061	0.093503116770559
7886	0.09403646788226273
12461	0.0941364712157072
3681	0.09423647454915164
6760	0.09423647454915164
428	0.09426980899363312
6307	0.09426980899363312
10386	0.09426980899363312
12162	0.09426980899363312
