13204	0.0
6280	3.333444448148232e-05
1565	0.0002000066668888939
7075	0.0002000066668888939
10824	0.00033334444481482664
3005	0.000533351111703724
4522	0.000533351111703724
788	0.000633354445148171
7013	0.0006666888896296533
11603	0.0006666888896296533
881	0.0006666888896296568
3560	0.0006666888896296568
5506	0.0006666888896296568
8150	0.0006666888896296568
8502	0.0006666888896296568
9696	0.0006666888896296568
9763	0.0006666888896296568
13396	0.0006666888896296568
38	0.000800026667555586
291	0.000800026667555586
423	0.000800026667555586
745	0.000800026667555586
780	0.000800026667555586
949	0.000800026667555586
977	0.000800026667555586
1097	0.000800026667555586
1184	0.000800026667555586
1329	0.000800026667555586
1846	0.000800026667555586
1877	0.000800026667555586
1914	0.000800026667555586
2074	0.000800026667555586
2229	0.000800026667555586
2342	0.000800026667555586
2668	0.000800026667555586
3015	0.000800026667555586
3582	0.000800026667555586
4064	0.000800026667555586
4289	0.000800026667555586
4560	0.000800026667555586
4663	0.000800026667555586
4804	0.000800026667555586
5119	0.000800026667555586
5203	0.000800026667555586
5496	0.000800026667555586
5605	0.000800026667555586
5637	0.000800026667555586
6146	0.000800026667555586
6782	0.000800026667555586
7009	0.000800026667555586
7182	0.000800026667555586
7294	0.000800026667555586
8728	0.000800026667555586
8748	0.000800026667555586
9268	0.000800026667555586
9369	0.000800026667555586
9419	0.000800026667555586
9568	0.000800026667555586
9603	0.000800026667555586
9955	0.000800026667555586
10096	0.000800026667555586
10222	0.000800026667555586
10301	0.000800026667555586
10371	0.000800026667555586
10597	0.000800026667555586
11010	0.000800026667555586
11087	0.000800026667555586
11493	0.000800026667555586
11739	0.000800026667555586
11776	0.000800026667555586
12205	0.000800026667555586
12258	0.000800026667555586
12499	0.000800026667555586
12935	0.000800026667555586
13739	0.000800026667555586
898	0.0008333611120370683
1086	0.0008333611120370683
1634	0.0008333611120370683
2378	0.0008333611120370683
2929	0.0008333611120370683
3256	0.0008333611120370683
3508	0.0008333611120370683
3756	0.0008333611120370683
3998	0.0008333611120370683
4379	0.0008333611120370683
4767	0.0008333611120370683
5093	0.0008333611120370683
5542	0.0008333611120370683
5833	0.0008333611120370683
6277	0.0008333611120370683
6852	0.0008333611120370683
7301	0.0008333611120370683
7430	0.0008333611120370683
8644	0.0008333611120370683
9442	0.0008333611120370683
9446	0.0008333611120370683
9859	0.0008333611120370683
10461	0.0008333611120370683
10481	0.0008333611120370683
10710	0.0008333611120370683
