10582	0.0033334444481482716
4126	0.004333477782592753
11594	0.004333477782592753
8853	0.004393640082515159
463	0.006366878895963199
3103	0.006633554451815061
13381	0.006633554451815061
1462	0.006666888896296543
4295	0.006733557785259508
3912	0.00850161917490921
1289	0.00860028667622254
6128	0.008666955565185505
8928	0.00869714664965702
1720	0.009168308064538864
1413	0.009966998899963333
2658	0.009966998899963333
3497	0.009966998899963333
5379	0.009966998899963333
5995	0.009966998899963333
6367	0.009966998899963333
8034	0.009966998899963333
8463	0.009966998899963333
9658	0.009966998899963333
10527	0.009966998899963333
10573	0.009966998899963333
2196	0.009966998899963334
3169	0.009966998899963334
4361	0.009966998899963334
9937	0.009966998899963334
2665	0.010000333344444815
11745	0.010000333344444815
6223	0.010082042808388382
7684	0.010169677231114463
1321	0.010368348065872241
7423	0.010430003429841675
11334	0.01046835139931669
9728	0.010633687789592988
13501	0.010885699871400782
6997	0.011501719178242656
3420	0.011633721124037467
10022	0.01166705556851895
5390	0.011700390013000432
195	0.011738737982475447
7342	0.011800393346444882
11299	0.011800393346444882
13375	0.011833727790926365
12587	0.011846049404239133
349	0.01203373445781526
6107	0.01220174251235379
6370	0.012355134390253857
11099	0.012667088902963433
13224	0.012901765846464927
2109	0.01293510029094641
161	0.013267108903630122
162	0.013267108903630122
245	0.013267108903630122
410	0.013267108903630122
908	0.013267108903630122
963	0.013267108903630122
994	0.013267108903630122
1084	0.013267108903630122
1392	0.013267108903630122
1477	0.013267108903630122
1658	0.013267108903630122
1700	0.013267108903630122
2199	0.013267108903630122
2638	0.013267108903630122
2673	0.013267108903630122
2686	0.013267108903630122
2722	0.013267108903630122
2829	0.013267108903630122
3345	0.013267108903630122
3548	0.013267108903630122
3632	0.013267108903630122
3753	0.013267108903630122
3804	0.013267108903630122
3872	0.013267108903630122
4002	0.013267108903630122
4059	0.013267108903630122
4355	0.013267108903630122
4436	0.013267108903630122
4502	0.013267108903630122
4540	0.013267108903630122
4603	0.013267108903630122
4691	0.013267108903630122
4700	0.013267108903630122
4825	0.013267108903630122
5028	0.013267108903630122
5834	0.013267108903630122
5847	0.013267108903630122
5848	0.013267108903630122
6012	0.013267108903630122
6014	0.013267108903630122
6016	0.013267108903630122
6046	0.013267108903630122
6082	0.013267108903630122
6163	0.013267108903630122
6329	0.013267108903630122
6591	0.013267108903630122
6688	0.013267108903630122
