2989	0.23562929221823725
4904	0.4570404647475177
7576	0.46344067808796235
1176	0.4778505035135159
4979	0.48549880420850633
9691	0.5598105570839289
12135	0.5631022354339916
1154	0.5682441715377441
12058	0.5749969953246807
10363	0.5784445115490778
8699	0.5864447782246336
2015	0.5949783960118932
3688	0.6074788126924493
2878	0.6164791127024496
13113	0.6168136323498365
5909	0.6205673509378418
5055	0.6221077970572875
5337	0.622245971597746
6086	0.6234793460435608
805	0.6272128038254869
7581	0.6282283919267897
3956	0.6331796693876725
8872	0.6355797493903391
1232	0.6388594652501489
44	0.639779889395006
7049	0.6432466716210803
1126	0.646413443846821
2408	0.6594472116390808
7078	0.6597805560838956
816	0.663180669421007
13094	0.6632140038654883
1129	0.6663020780431242
1335	0.6688475249828587
11269	0.6732143372099331
164	0.6733476749878591
3940	0.6767811227694518
10421	0.6781145005487111
10370	0.6864814461135633
8670	0.6916816194526745
7197	0.7055736511478488
6916	0.7103534810637478
1186	0.7134490116990826
12581	0.7136358140042576
1141	0.7151157339231569
2040	0.7327496550538612
5004	0.7347018743762048
82	0.7347497217227502
9814	0.7432557555840097
5947	0.7480964398159677
286	0.7502502384066396
1545	0.7524169772979361
9604	0.7566171173026031
4081	0.7567504550805288
7880	0.7568837928584546
9523	0.7601839028621216
10667	0.7633840095323439
13248	0.7641624668534703
799	0.76711746731427
1121	0.7672174706477143
13197	0.7765592186406214
4047	0.7767844562138999
10517	0.7816512851081964
12055	0.7838180239994927
12996	0.7864847795580114
1140	0.7892515384499745
4953	0.7900848995620116
64	0.7932183373432709
177	0.7934850128991228
9008	0.7940881833316011
4974	0.796885126236234
7580	0.7985995598546096
10485	0.8033316143217846
2253	0.8033342340169509
5908	0.8053127287249444
2261	0.8068187906917159
7883	0.8096403200368116
4238	0.8105522484736419
7706	0.812703299260302
4938	0.8131523351431976
5481	0.8132523384766421
13293	0.8132856729211235
12129	0.8134523451435309
13124	0.8299862296063464
8351	0.8301195673842722
1366	0.8301529018287537
11422	0.8373531418367539
2009	0.8380198307263838
11236	0.8405319379927043
754	0.845844926857039
9708	0.8497202207393841
8950	0.852820324076162
1128	0.8535536818547547
7600	0.8564537785246435
719	0.8583205074156066
192	0.8613539418634215
7634	0.861453945196866
20	0.8624741086140781
5061	0.8669207940918291
3938	0.8701542352065328
6965	0.8704542452068662
