13112	0.0034778193832771045
6091	0.004067354084601047
1251	0.005044096787618663
2897	0.0066774845672113135
12093	0.0069673403829180105
8677	0.010044263459841066
10917	0.010944734947129229
12159	0.011213728305993695
3171	0.013200440014667155
10913	0.01331103901902638
6547	0.01351126419933061
1410	0.013522524329406295
2425	0.01418049386484566
12329	0.016211025317343346
4610	0.016988865069192376
11583	0.01727849791202628
5273	0.01760058668622287
13102	0.017677740874528593
8690	0.01833902155712882
7031	0.019434199646119747
8698	0.020011703846092528
275	0.02003377816049832
4063	0.0200664481458189
3906	0.02009978259030038
6157	0.02031193235984121
13081	0.021278854222676984
12349	0.021383382790574612
10664	0.021399825925078206
11570	0.021911544208664258
59	0.022011989028396826
4906	0.022266962967884878
223	0.02250052705212804
574	0.022566531481930104
3689	0.022718968001274535
7163	0.02307803125210081
8485	0.02331137236347119
3253	0.023433227038448655
1727	0.02361226533638077
12239	0.024977984215973296
10754	0.025000168901951128
8450	0.025301395219305536
4954	0.026044463466507965
8668	0.026112125699619203
7589	0.02615683064574841
11291	0.026633556681543782
1270	0.02673333704211544
2201	0.026733337042115446
11682	0.026766671486596928
8824	0.026990081386213435
743	0.027012155700619232
12347	0.027247596101586884
4387	0.027345500145434066
11587	0.027514271657438742
4431	0.0279376837644867
13023	0.028178201257767668
2130	0.028278864590915578
10983	0.02837820792465657
12919	0.028433393710671065
1450	0.02917889459191561
3729	0.02987847643973863
13180	0.030012255703952676
1183	0.030033336674210206
3033	0.030066781490263712
3774	0.03006678149026372
6243	0.03006678149026372
1203	0.030312265704286023
644	0.030433460379560025
3921	0.030445603482211956
10552	0.031700169269856374
2881	0.031705800449758584
1201	0.031800172603300814
1364	0.03181120976050372
7051	0.03198263241996584
11502	0.03233915489490675
6421	0.03313355038256013
7416	0.033234218175165475
11225	0.033345923124973725
11491	0.033400225938411986
4459	0.03350022927185643
3561	0.03351237237450837
5982	0.03351237237450837
556	0.03360045557817367
9102	0.03374626757346761
454	0.0340015748574005
7750	0.03442277953300784
11607	0.03445611397748932
5132	0.034512187195537516
11456	0.0351002826069676
7296	0.035566964829708364
7978	0.0364449205163026
6108	0.036466994830708394
8166	0.036466994830708394
8783	0.036466994830708394
11344	0.036466994830708394
11513	0.03660033260863433
2476	0.03667848460054577
9037	0.03675563432939403
4049	0.03676700483104174
8428	0.03676700483104174
13142	0.036768441891206836
