4945	0.08496949898329943
4162	0.11497049901663392
9546	0.13473782459415312
4207	0.13833794459815327
6398	0.1450381679389313
10693	0.15490516350545017
10813	0.17117237241241373
2899	0.1816727224240808
13135	0.18167272242408083
8890	0.1883396113203773
12199	0.19247308243608124
11279	0.19807326910897027
1250	0.19817327244241473
2983	0.20690689689656327
10528	0.21837394579819322
3239	0.2199406646888229
3	0.22994099803326776
13177	0.23087436247874926
12198	0.2350411680389346
196	0.2367745591519718
10533	0.24540818027267575
9568	0.24664155471849064
12474	0.25164172139071295
11302	0.25207506916897227
7732	0.2533417780592686
9134	0.2550085002833427
8038	0.2568085602853428
7008	0.25700856695223173
12485	0.2658421947398246
278	0.26677555918530615
11853	0.267042234741158
6087	0.27004233474449146
5099	0.2746758225274175
3656	0.27820927364245474
8124	0.27827594253141763
322	0.28157605253508455
7619	0.28164272142404745
12113	0.2818760625354178
5041	0.2830427680922697
708	0.2867095569852328
12064	0.28830961032034397
3919	0.2885096169872329
6105	0.29167638921297373
12556	0.29490983032767765
9530	0.2983099436647888
419	0.2983432781092703
2923	0.29837661255375175
11465	0.29940998033267774
2738	0.3016433881129371
1448	0.3050435014500483
11292	0.3050435014500483
1375	0.30517683922797423
13264	0.3071769058968632
7529	0.3103103436781226
423	0.31174372479082635
7097	0.3129104303476783
788	0.31474382479415985
4097	0.31501050035001166
2879	0.315243841461382
5904	0.3154105136837895
6231	0.3166772225740858
8874	0.31811060368678956
2378	0.3183439447981599
3673	0.31854395146504877
13008	0.32014400480016003
11569	0.321110703690123
9531	0.32167738924630823
2226	0.3225774192473082
3962	0.3230774359145304
497	0.324977499249975
3436	0.324977499249975
4525	0.32504416813893794
5000	0.32511083702790095
9783	0.32661088702956764
1137	0.32764425480849363
408	0.3283442781426047
11419	0.3284109470315677
9982	0.3286442881429381
283	0.33101103370112334
9616	0.3313443781459382
836	0.3317110570352345
9197	0.3317110570352345
13054	0.331744391479716
11453	0.33334444481482717
13006	0.3349444981499383
2877	0.3349778325944198
10905	0.3349778325944198
12632	0.33501116703890127
13297	0.3351445048168273
8793	0.3352111737057902
7724	0.3356445214840495
7788	0.3382779425980866
4996	0.33837794593153103
8715	0.33837794593153103
2047	0.33851128370945693
8967	0.3425780859361979
12245	0.34484482816093875
12393	0.34501150038334605
9	0.34507816927230905
7876	0.3475115837194573
