3921	0.001200040001333379
8850	0.0013333777792593118
13180	0.0013333777792593118
743	0.001366712223740794
6580	0.0013668225953128218
6547	0.0014671570434733657
11570	0.001500491487954848
4140	0.0020335114849424716
4387	0.002300076669222306
11583	0.002300076669222306
6920	0.002838394501667346
3561	0.004533484449481652
4150	0.004566929265535162
11247	0.004666822227407582
4015	0.004767046303996098
3444	0.005300176672555751
3431	0.005333511117037233
6157	0.005333511117037233
2974	0.005366955933090743
8750	0.005366955933090743
3729	0.005467290381251287
1639	0.005566852228407613
9996	0.005566962599979642
4781	0.006316655371232554
59	0.006366878895963201
753	0.007033678157164878
2162	0.007766925564185473
7589	0.007788889507019238
7031	0.007811297165869865
12242	0.008033601120037334
642	0.00803371149160936
2130	0.00860028667622254
658	0.008700400381239015
2041	0.008700400381239015
11470	0.008700400381239015
3689	0.00896000992675229
1450	0.011133704456815226
8668	0.011133704456815226
11225	0.01136682259531283
13112	0.01150060185952687
5469	0.011500824832399661
10940	0.012022474327739577
6054	0.01213417927754783
7501	0.012333744458148605
7156	0.013072731186914701
100	0.013570979679255744
7525	0.013678159394610822
454	0.01434462531136768
6091	0.014477852717721581
7129	0.014845083464878046
13202	0.0151133042227383
8226	0.015300510017000566
2601	0.015881872762536907
8722	0.01603364482272039
13081	0.016366989267535235
13076	0.017022418027089183
4431	0.017675091956799886
4072	0.017689106916718843
10396	0.01782233432307275
1203	0.018000600020000673
5982	0.018000600020000673
7931	0.018000600020000673
4152	0.018022340989961652
10410	0.018022340989961652
8709	0.018034044836054183
3519	0.018055785806015155
12734	0.018055785806015155
1251	0.018055785806015162
7163	0.018055785806015162
7881	0.018055785806015162
9944	0.018055785806015162
10983	0.018055785806015162
2940	0.018089120250496644
8677	0.018089120250496644
10628	0.018134379284214727
2128	0.018155789139459602
10537	0.018455688768220922
12159	0.01852522731805665
1187	0.01868936322403612
12093	0.018711437538441913
7356	0.01872247469564481
3171	0.018845216802655967
4157	0.019159464735781055
8892	0.019427023264209142
12349	0.019694581792637236
7982	0.020326832522065116
3395	0.020417566873187847
11694	0.02095588247590416
2400	0.02118922358727453
10600	0.02118922358727453
3926	0.0212558924762375
5273	0.021311965694285687
2897	0.02138923025416343
8061	0.02138923025416343
32	0.021523009518377482
7242	0.02198913988325809
4101	0.021989473227702908
5522	0.021989473227702908
11959	0.021989473227702908
11441	0.021991899172558813
