7766	0.06437171716785671
688	0.09456869421247963
13415	0.1053159542980584
9699	0.10785910887485506
11338	0.11053964489763
7040	0.11150496794163912
900	0.11219898791072343
6169	0.11416934071344906
11252	0.1146912294886147
4102	0.11534856881728686
4123	0.11647540082654924
7096	0.12026377057790447
2427	0.12084112277341211
3095	0.12184612919392161
12949	0.12360251321031257
1181	0.1250103863546641
8790	0.12766564714190248
1508	0.12832603903463333
2435	0.12903625408845956
8025	0.129954381384843
10412	0.13005542649344082
10682	0.13018404054041616
12058	0.13079898832948228
11402	0.13297271235537456
12233	0.13320230896179444
9704	0.13600025489316192
7103	0.13658208054936016
9639	0.13943111995447888
12060	0.13966279926801622
1117	0.14033284663235807
2330	0.1420794560637763
1303	0.14253380601153254
13104	0.14253380601153254
13041	0.14264887710167207
12265	0.14277308153570478
6635	0.14333329899752703
10614	0.14598537918536875
5340	0.14613971913279167
2301	0.14627305691071757
9844	0.14627305691071757
6306	0.14642919613965233
1290	0.1464968238361009
11567	0.14678617866300372
3310	0.1475650057064336
3008	0.14756768012614588
1521	0.14763853974478897
4926	0.1483740129564476
1190	0.1484331166413584
3227	0.14920069490782906
564	0.1498888791935932
12965	0.1522007949111625
10626	0.15245210187115552
11312	0.15336661442461783
4014	0.15340751407315148
12945	0.15425988955651623
5056	0.15578836686551517
7341	0.15590840425953367
292	0.15630672469964385
3397	0.1564067280330883
10346	0.1565402003243711
5980	0.15677474275451575
12112	0.15720391177900972
351	0.1572067712969777
3675	0.15751247869273222
6311	0.15771604600730227
10388	0.15794011247923656
2406	0.15848941739103195
4972	0.1585070929945409
4142	0.15873434602953312
6555	0.1589734802581625
712	0.15941782874220994
2244	0.15960683470331066
5951	0.15964016914779217
5916	0.16046685109917364
337	0.16054242102431987
8047	0.16060701521897777
1399	0.16067620859098034
107	0.16072254087384386
1358	0.16084276082818416
9023	0.1610735502604959
10736	0.16130689137186627
7235	0.16147456962287388
12337	0.16170779074904068
336	0.1620735835949404
13248	0.16227782799775203
12414	0.16287361026249597
3937	0.16294027915145892
8946	0.16294027915145892
9890	0.16294027915145892
10568	0.16294027915145892
3931	0.1629828882353765
9711	0.16307361692938488
4901	0.16366843153627667
12171	0.16460700137553305
5715	0.16483911309723406
2921	0.16490559599746024
3657	0.1653070247096442
13131	0.16544704164822574
7021	0.16548037609270722
720	0.1657322779488417
