10658	0.0018333944464815621
8982	0.004966832227740928
10419	0.005033501116703889
9788	0.005033501116703892
6167	0.008266942231407712
10778	0.008266942231407712
4934	0.008300276675889194
9135	0.008300276675889201
723	0.00996699889996333
3974	0.010000333344444813
9023	0.010133671122370742
12229	0.010900363345444846
12356	0.011667055568518946
10445	0.011700390013000436
1535	0.014933831127704252
8700	0.014933831127704258
2446	0.016633887796259864
809	0.016933897796593215
7004	0.018033934464482152
462	0.018167272242408085
12920	0.018300610020334014
10373	0.018333944464815486
10962	0.01833394446481549
8946	0.018333944464815503
7630	0.018367278909296986
11425	0.01916730557685257
6279	0.019933997799926672
9031	0.021500716690556337
362	0.0216007200240008
4427	0.021634054468482287
8901	0.021700723357445252
12107	0.021700723357445252
5401	0.021767392246408217
8701	0.02183406113537119
1365	0.023200773359111977
180	0.023234107803593456
12547	0.023267442248074935
10663	0.023334111137037896
11274	0.023334111137037896
12914	0.02333411113703791
765	0.024000800026667563
9889	0.024934164472149065
9890	0.024934164472149065
9122	0.024967498916630547
7980	0.02496749891663055
372	0.024967498916630554
4958	0.024967498916630554
7677	0.024967498916630554
11245	0.024967498916630554
4179	0.025000833361112022
8141	0.025000833361112043
10939	0.025000833361112047
10804	0.025034167805593525
9714	0.025067502250075008
9898	0.025067502250075008
11241	0.02520084002800095
3657	0.025634187806260207
12266	0.025867528917630583
3024	0.026534217807260257
11281	0.026634221140704704
12223	0.02666755558518617
12303	0.027234241141371386
6042	0.02750091669722323
12448	0.027867595586519547
3065	0.02810093669788992
9581	0.028100936697889933
10656	0.02816760558685289
2946	0.028200940031334377
2382	0.028300943364778824
5107	0.028334277809260306
8151	0.028367612253741795
9724	0.028367612253741795
10440	0.028367612253741806
4342	0.028400946698223285
13312	0.02850095003166773
3161	0.02910097003233441
10613	0.029967665588852967
5353	0.030001000033334457
83	0.030034334477815935
2427	0.030167672255741865
1439	0.030634354478482617
681	0.03150105003500116
8125	0.031534384479482654
163	0.03160105336844561
3930	0.03160105336844561
6110	0.03160105336844561
10596	0.03163438781292709
8160	0.031634387812927094
11296	0.031634387812927094
5125	0.03163438781292711
2244	0.03166772225740857
2141	0.031667722257408576
9178	0.031667722257408576
5905	0.03166772225740858
7125	0.03166772225740858
621	0.03170105670189006
1405	0.03170105670189006
2868	0.03170105670189006
6479	0.03170105670189006
8444	0.03170105670189006
