7302	0.010630010096730572
6002	0.015472525567932443
4082	0.01883364666820589
11564	0.020663677885656852
5629	0.023663777888990316
12237	0.02500083336111203
2059	0.029407659193323332
10466	0.030564007896657218
10530	0.030630676785620183
118	0.0320447580002229
7149	0.03406412456721291
2956	0.035356859813671516
11290	0.03559750901336112
3255	0.036997555681583395
2871	0.037164227903990786
2937	0.0371642279039908
1318	0.037230896792953765
9036	0.03726423123743525
9850	0.03726423123743525
9945	0.03729756568191674
3538	0.03743090345984265
7917	0.038897619017027894
8043	0.04056434124110206
1278	0.040631010130064996
2230	0.040631010130064996
5272	0.04069767901902798
2392	0.04163104346450949
12572	0.04726456458188008
1312	0.04730825587987957
12133	0.04768532358040038
10869	0.048268275609186964
7355	0.04889795236147272
13039	0.05063134347450981
6142	0.050631343474509816
11705	0.050764681252435745
2454	0.05240842588554644
5297	0.05297275424130119
9556	0.053564774588880315
13291	0.05366477792232475
2857	0.053664777922324755
8894	0.053698112366806244
12147	0.05383145014473215
4068	0.053898119033695124
2156	0.05396478792265808
9532	0.054064791256102536
12979	0.054064791256102536
12058	0.05484050450056356
12385	0.05506850228340944
808	0.056113892551515485
7809	0.05696488792599153
3121	0.05699822237047303
6114	0.05699822237047303
9708	0.05719822903736191
12125	0.05739823570425081
8931	0.05756490792665822
13333	0.05830595089450663
10540	0.05929829903969532
8689	0.05946497126210275
1162	0.0601686722890763
11239	0.06023166348517684
2264	0.06036500126310276
4014	0.0604740256179341
9824	0.060565007929991685
12489	0.060598342374473146
6359	0.06059834237447315
11636	0.06140364973344849
793	0.06166872229074301
12063	0.061945754700112876
10546	0.06203172348717691
4132	0.06323544118137271
10661	0.06356510793332512
4158	0.0636317768222881
26	0.06524085117878616
10365	0.0653985023798067
12070	0.06601926804521584
8170	0.0660985257139178
3056	0.06633186682528819
7023	0.06676889229640987
4548	0.06680222674089134
5201	0.06680222674089134
1551	0.06703189015939934
1255	0.06716326317753049
13139	0.0674319034931771
1269	0.06866527793899198
10972	0.0693986357175846
9595	0.06967059196485621
10487	0.06979864905136238
10046	0.07023199682962165
4968	0.0703320001630661
5329	0.0703320001630661
11301	0.0703320001630661
4154	0.07033200016306611
10619	0.07033200016306612
441	0.07036533460754758
1198	0.0703653346075476
3228	0.070532006829955
6314	0.07059867571891795
7381	0.07063201016339946
11338	0.07067035813287448
720	0.07131439923507157
