1257	0.00100003333444448
6172	0.0033334444481482733
6008	0.003366778892629752
12170	0.003366778892629752
1307	0.0035334511150371638
1546	0.003834796947501629
2435	0.003834796947501629
3366	0.0038681313919831112
429	0.004000133337777927
2104	0.0048014958374646265
6305	0.005713847451777431
10777	0.006633554451815063
2082	0.006666888896296543
4331	0.006800226674222474
3682	0.007168241395649899
2276	0.007201575840131381
12492	0.00733491361805731
5392	0.010000333344444813
7281	0.010133671122370746
6459	0.01013367112237075
4199	0.010267008900296679
1266	0.010348293965898104
1422	0.010471337527410748
2574	0.010501685843798169
11649	0.01066835806620558
9112	0.010700356678555954
5312	0.011033701123370779
8687	0.011467048901630058
9912	0.011764984207658324
7922	0.013262739645999349
13317	0.013333777792593085
453	0.013333777792593086
2868	0.01333377779259309
4240	0.01333377779259309
8790	0.013338791317586618
5234	0.013544188610405588
9781	0.01366845806953903
3540	0.013835130291946445
305	0.013854068428810085
5141	0.013933797793259775
1509	0.01410447751206054
13224	0.014267142238074605
11048	0.014372159096512583
1295	0.01440448751239389
6017	0.014833827794259812
838	0.014837835290653162
1416	0.014871169735134644
11303	0.014951433432436784
144	0.015033834461148702
12096	0.015033834461148702
6107	0.015033834461148709
10734	0.015068504737761305
6370	0.015120557450085807
3658	0.015300839820531506
5258	0.015300839820531506
2382	0.015334174265012988
11568	0.015334174265012988
12559	0.015334174265012988
4337	0.015335180293613169
4997	0.01540084315397595
6997	0.015667188906296876
10757	0.015711194668128186
1103	0.015901865849798375
9831	0.016021608819385132
4079	0.016134200932568572
4359	0.016304865311670226
9579	0.01647122307024582
4275	0.01650055001833394
6032	0.01660088315530933
362	0.01666722224074136
468	0.016667222240741363
4627	0.016771233070579157
1321	0.01680056001866729
5353	0.01690089315564268
2133	0.01690296784994775
12223	0.016967562044605644
8141	0.016969636738910717
11574	0.0170029711833922
4078	0.01706756537805009
1582	0.017168574740094714
6239	0.017168574740094714
12365	0.01716857474009472
12348	0.017237915293319916
12838	0.01730191251802065
4993	0.01750459084917178
12229	0.017587306341715528
5419	0.018171279738801432
12297	0.018171279738801432
33	0.018171279738801435
2571	0.018171279738801435
6389	0.018204614183282918
12161	0.018204614183282918
13353	0.018204614183282918
13063	0.018300939823864954
6930	0.018304617516727364
8035	0.018304617516727368
5684	0.018455023266533373
1120	0.018500946490753845
6128	0.018501952519354027
1289	0.018568621408316992
