8055	0.0009333644454815222
10133	0.0016667222240741367
13200	0.0017333911130371065
4937	0.0018000600020000711
6993	0.0018000600020000711
3970	0.0018000600020000729
4305	0.0018000600020000729
4479	0.0018000600020000729
7416	0.0018000600020000729
7978	0.0018000600020000729
10662	0.0018000600020000729
11790	0.0018000600020000729
12347	0.0018000600020000729
13282	0.0018333944464815535
2420	0.0018333944464815552
5361	0.0018333944464815552
8866	0.0018667288909630358
4618	0.0019000633354445164
9683	0.0019333977799260021
4149	0.002300076669222304
13073	0.0034667822260742026
12166	0.00446681556051869
3456	0.00450015000500017
8287	0.004766825560852032
11412	0.005000166672222408
1385	0.0051335044501483445
8166	0.0051335044501483445
8783	0.0051335044501483445
10498	0.0051335044501483445
11344	0.0051335044501483445
11470	0.0051335044501483445
12349	0.0051335044501483445
13180	0.005166838894629827
6108	0.005200173339111309
7750	0.006466882229407654
7296	0.007633587786259544
7163	0.008200273342444745
4291	0.008200273342444747
1485	0.00833361112037068
7681	0.00833361112037068
9941	0.00833361112037068
773	0.008433614453815127
6421	0.008466948898296611
11678	0.008466948898296611
5229	0.008466948898296614
8123	0.008466948898296616
8347	0.008466948898296616
11482	0.008466948898296616
3729	0.008500283342778095
13328	0.008600286676222537
1651	0.00870029000966699
9819	0.009533651121704057
6028	0.0098336611220374
10589	0.009866995566518882
10544	0.010133671122370753
570	0.010600353345111505
2175	0.01130037667922264
1880	0.011533717790593017
13694	0.01163372112403747
2587	0.011767058901963405
4056	0.011767058901963405
4133	0.011767058901963405
4641	0.011767058901963405
5226	0.011767058901963405
5398	0.011767058901963405
7400	0.011767058901963405
8656	0.011767058901963405
10680	0.011767058901963405
3171	0.011800393346444886
4444	0.011800393346444888
4668	0.011800393346444888
10585	0.011800393346444888
4971	0.012200406680222674
5132	0.013767125570852365
10984	0.014100470015667185
2423	0.014833827794259806
6556	0.014833827794259806
6054	0.014833827794259808
10893	0.014833827794259808
13151	0.014867162238741289
5149	0.01486716223874129
7338	0.01486716223874129
9086	0.01486716223874129
12329	0.014967165572185746
9430	0.015100503350111672
5780	0.015133837794593154
9386	0.015133837794593154
7156	0.01516717223907464
13142	0.01516717223907464
5924	0.015667188906296876
2130	0.016767225574185814
3089	0.017500583352778425
1680	0.017600586686222875
5064	0.018167272242408078
11583	0.018167272242408078
249	0.01820060668688956
317	0.01820060668688956
1242	0.01820060668688956
1922	0.01820060668688956
3952	0.01820060668688956
