43	0.0
596	0.0
6074	0.0
8141	0.0
8704	0.0
8901	0.0
8911	0.0
9714	0.0
12431	0.0
12478	0.0
4146	3.333444448148232e-05
8701	0.0001333377779259362
8830	0.0001333377779259362
6708	0.0002666755558518655
5484	0.00030001000033334085
8451	0.00030001000033334085
11425	0.0008666955565185472
9144	0.0009333644454815118
7202	0.0013333777792593066
10022	0.0014667155571852358
6657	0.001600053335111172
11268	0.001600053335111172
11772	0.001600053335111172
1254	0.0016333877795926544
2427	0.0016333877795926544
3024	0.0016333877795926544
8302	0.0016333877795926544
8970	0.0016333877795926544
7414	0.0016667222240741367
7621	0.0016667222240741367
765	0.001700056668555619
3269	0.001700056668555619
9693	0.001700056668555619
8367	0.0019667322244074775
8125	0.0031334377812593725
115	0.003300110003666791
755	0.003300110003666791
998	0.003300110003666791
1558	0.003300110003666791
1567	0.003300110003666791
2050	0.003300110003666791
2186	0.003300110003666791
2407	0.003300110003666791
2968	0.003300110003666791
3312	0.003300110003666791
4367	0.003300110003666791
4493	0.003300110003666791
4656	0.003300110003666791
5367	0.003300110003666791
5463	0.003300110003666791
5527	0.003300110003666791
6550	0.003300110003666791
8079	0.003300110003666791
8092	0.003300110003666791
8126	0.003300110003666791
8331	0.003300110003666791
9400	0.003300110003666791
10085	0.003300110003666791
11281	0.003300110003666791
11775	0.003300110003666791
12195	0.003300110003666791
12213	0.003300110003666791
12933	0.003300110003666791
13005	0.003300110003666791
1555	0.0033334444481482664
10440	0.0033334444481482664
83	0.0033334444481482733
354	0.0033334444481482733
380	0.0033334444481482733
462	0.0033334444481482733
774	0.0033334444481482733
832	0.0033334444481482733
960	0.0033334444481482733
1326	0.0033334444481482733
1365	0.0033334444481482733
1416	0.0033334444481482733
1532	0.0033334444481482733
2126	0.0033334444481482733
3098	0.0033334444481482733
3988	0.0033334444481482733
4032	0.0033334444481482733
4894	0.0033334444481482733
5211	0.0033334444481482733
5216	0.0033334444481482733
5220	0.0033334444481482733
5292	0.0033334444481482733
5800	0.0033334444481482733
6013	0.0033334444481482733
6077	0.0033334444481482733
6120	0.0033334444481482733
6308	0.0033334444481482733
6309	0.0033334444481482733
6567	0.0033334444481482733
6992	0.0033334444481482733
7102	0.0033334444481482733
7353	0.0033334444481482733
7627	0.0033334444481482733
7630	0.0033334444481482733
8325	0.0033334444481482733
8781	0.0033334444481482733
