2639	0.0039667988932964434
6451	0.0039667988932964434
7721	0.0039667988932964434
9272	0.0039667988932964434
3288	0.004000133337777926
7584	0.004000133337777926
9103	0.004000133337777926
12302	0.004000133337777926
9026	0.004033467782259409
9132	0.004038481307252941
8392	0.004066802226740892
2273	0.004833494449814994
10931	0.004833494449814994
9932	0.005300176672555753
10698	0.005433514450481683
2150	0.00563352111737058
2394	0.00563352111737058
3119	0.00563352111737058
5582	0.00563352111737058
6206	0.00563352111737058
10832	0.00563352111737058
8731	0.005700190006333544
2313	0.0059335311177039236
5160	0.006066868895629854
4951	0.006266875562518751
439	0.006300210007000234
1586	0.006300210007000234
1712	0.006300210007000234
2279	0.006300210007000234
3258	0.006300210007000234
4286	0.006300210007000234
5454	0.006300210007000234
6337	0.006300210007000234
6471	0.006300210007000234
7079	0.006300210007000234
7602	0.006300210007000234
9917	0.006300210007000234
9997	0.006300210007000234
11114	0.006300210007000234
11468	0.006300210007000234
11558	0.006300210007000234
13522	0.006300210007000234
12450	0.006333544451481716
11706	0.0063385579764752495
7693	0.006500216673889129
12991	0.006666888896296542
791	0.007166905563518784
4037	0.007166905563518784
7700	0.007166905563518784
5027	0.007300243341444715
7624	0.007300243341444715
9756	0.007300243341444715
7749	0.007333577785926197
6069	0.007833594453148438
1682	0.008166938897963265
11471	0.008366945564852162
10122	0.00844769629760115
706	0.008533617787259574
3118	0.00896696556551885
1383	0.009000300010000333
5879	0.009000300010000333
7095	0.009000300010000333
11763	0.009000300010000333
450	0.009600320010667022
516	0.009600320010667022
599	0.009600320010667022
735	0.009600320010667022
813	0.009600320010667022
1009	0.009600320010667022
1094	0.009600320010667022
1347	0.009600320010667022
1585	0.009600320010667022
1684	0.009600320010667022
1705	0.009600320010667022
1847	0.009600320010667022
2194	0.009600320010667022
2397	0.009600320010667022
2744	0.009600320010667022
2952	0.009600320010667022
3048	0.009600320010667022
3114	0.009600320010667022
3677	0.009600320010667022
3747	0.009600320010667022
4349	0.009600320010667022
4350	0.009600320010667022
4644	0.009600320010667022
5368	0.009600320010667022
5474	0.009600320010667022
5628	0.009600320010667022
5959	0.009600320010667022
6218	0.009600320010667022
6391	0.009600320010667022
6506	0.009600320010667022
6566	0.009600320010667022
6700	0.009600320010667022
6833	0.009600320010667022
6876	0.009600320010667022
7462	0.009600320010667022
7469	0.009600320010667022
7636	0.009600320010667022
