13088	0.003300110003666789
7908	0.003333444448148278
12999	0.0035667855595186474
12111	0.006733557785259515
5224	0.01663388779625987
5572	0.01663388779625988
1137	0.01663388779625989
7403	0.017400580019333995
8967	0.0225674189139638
196	0.023334111137037896
10013	0.024234141138037936
2936	0.026234207806926896
6464	0.026634221140704687
13698	0.026634221140704687
2756	0.026667555585186183
11810	0.0278009266975566
7008	0.030267675589186308
9802	0.03170105670189007
7200	0.036367878929297666
1811	0.03660122004066802
6794	0.036667888929630986
8729	0.036667888929630986
519	0.03670122337411246
7642	0.0391346378212607
4190	0.03913463782126071
12117	0.0466682222740758
13363	0.04670155671855728
6090	0.04670155671855729
11624	0.050035001166705576
3112	0.05166838894629821
11465	0.05230174339144637
2777	0.05330177672589088
3013	0.05330177672589088
10145	0.05330177672589088
11492	0.05330177672589088
7401	0.053335111170372346
12394	0.053368445614853835
9105	0.05340178005933531
10460	0.05643521450715024
7397	0.05663522117403914
5763	0.056701890063002094
9667	0.06333544451481715
10372	0.06333544451481715
8793	0.06350211673722457
8094	0.0649688322944098
12957	0.0650021667388913
2923	0.06663555451848394
3204	0.06666888896296543
13135	0.06666888896296544
5961	0.06670222340744691
10356	0.06780226007533587
10281	0.06836894563152104
543	0.06993566452215075
2738	0.06993566452215075
4509	0.06996899896663222
12679	0.06996899896663222
555	0.0700023334111137
12205	0.07006900230007666
3655	0.0717357245241508
1458	0.07330244341478048
5099	0.07383579452648423
402	0.07450248341611387
7785	0.07496916563885463
12245	0.07650255008500284
13247	0.0766025534184473
3217	0.07663588786292877
12384	0.07670255675189172
9221	0.08153605120170673
278	0.08170272342411414
12214	0.08243608120270676
4207	0.08333611120370679
10693	0.08333611120370679
12198	0.08666955565185505
12258	0.08853628454281809
11302	0.08973632454415148
12225	0.08983632787759593
12389	0.08996966565552184
9411	0.09170305676855896
8617	0.09293643121437381
2490	0.09296976565885529
6933	0.0937364578819294
419	0.09663655455181838
12419	0.09670322344078137
3673	0.09673655788526285
3962	0.09673655788526285
10608	0.09983666122204077
8874	0.09996999899996667
17	0.10000333344444814
23	0.10000333344444814
157	0.10000333344444814
170	0.10000333344444814
179	0.10000333344444814
210	0.10000333344444814
211	0.10000333344444814
237	0.10000333344444814
302	0.10000333344444814
327	0.10000333344444814
328	0.10000333344444814
359	0.10000333344444814
375	0.10000333344444814
