5149	0.0
10984	0.002566752225074168
1922	0.00333344444814827
1242	0.0033334444481482716
13151	0.0033334444481482716
2175	0.0035667855595186496
4291	0.006666888896296543
249	0.006800668160510592
773	0.006900230007666923
9819	0.008000266675555853
6028	0.00836694556485216
12052	0.009133637787926262
5924	0.009200306676889232
346	0.010000333344444813
3952	0.010000333344444817
4971	0.01066702223407447
7219	0.01326710890363012
7949	0.01326710890363012
8741	0.01326710890363012
11802	0.01326710890363012
6066	0.013300443348111602
5361	0.013367112237074572
3089	0.015300510017000566
12166	0.016000533351111706
11412	0.016533884462815424
4992	0.016633887796259877
6993	0.01666722224074136
10498	0.01666722224074136
4305	0.01667825939794426
6240	0.016711370869552954
4618	0.016778262731388705
1369	0.019122600630723366
6250	0.019800660022000732
1485	0.019867328910963697
421	0.019967332244408147
2941	0.019967332244408147
3224	0.019967332244408147
3592	0.019967332244408147
4074	0.019967332244408147
5755	0.019967332244408147
8146	0.019967332244408147
9125	0.019967332244408147
9370	0.019967332244408147
9976	0.019967332244408147
11089	0.019967332244408147
11936	0.019967332244408147
11962	0.019967332244408147
12146	0.019967332244408147
12743	0.019967332244408147
13003	0.019967332244408147
5124	0.02000066668888963
12378	0.02000066668888963
8166	0.020000666688889633
8347	0.020000666688889633
8783	0.020000666688889633
11344	0.020000666688889633
3384	0.020000777060461657
3970	0.02002274100329543
7978	0.020022741003295434
13282	0.020045038290574014
6653	0.020055852474904125
6108	0.020067335577852598
9683	0.020145041624018464
8889	0.020200673355778527
4913	0.020600686689556322
27	0.020634021134037804
404	0.020834027800926698
535	0.020834027800926698
689	0.020834027800926698
1029	0.020834027800926698
4163	0.020834027800926698
5113	0.020834027800926698
8885	0.020834027800926698
11437	0.020834027800926698
7296	0.020900696689889663
5215	0.021634054468482284
10544	0.02166738891296377
2138	0.0218007266908897
12946	0.02196739891329711
12374	0.022367412247074905
10106	0.02243408113603787
9873	0.023000766692223076
10650	0.02322218321435686
7416	0.023233443344432555
11272	0.023234107803593453
3994	0.023267442248074935
3996	0.023267442248074935
6355	0.023267442248074935
8386	0.023267442248074935
13674	0.023267442248074935
794	0.023278369033705806
2493	0.023300776692556417
2623	0.023300776692556417
6423	0.023300776692556417
6601	0.023300776692556417
7865	0.023300776692556417
8011	0.023300776692556417
9338	0.023300776692556417
9410	0.023300776692556417
9972	0.023300776692556417
