2561	3.344481605351002e-05
6564	0.003104959685947168
12594	0.003411260865886164
13347	0.006578033091627022
12350	0.006644481237445933
6076	0.006700333712350053
7679	0.006722297655183826
5449	0.0067447053140344375
3030	0.008355795806348505
10834	0.009844587907668276
10176	0.010000000000000002
11755	0.010022407658850612
7034	0.01002251803042264
1904	0.010033444816053512
274	0.010089186919385606
10554	0.01171705612037681
1860	0.013066327406008296
6159	0.013199665183934228
2629	0.013311370133742477
10779	0.013311370133742477
6015	0.013333444448148274
13319	0.013333444448148274
2503	0.013333444448148275
6139	0.013333444448148275
9764	0.013333444448148275
9921	0.013333444448148275
10607	0.013333444448148275
13413	0.013333444448148275
6328	0.013333777792593086
6272	0.013355852106998883
10938	0.013355852106998883
10016	0.013366778892629758
12970	0.013366778892629758
13487	0.013366778892629758
7404	0.013378259765849497
12716	0.013389296923052393
2789	0.013411371237458192
10319	0.013411371237458192
8329	0.01353345111503717
10001	0.013966909264868472
8791	0.014966832227740926
874	0.014994648093620958
8258	0.015766858895296512
3016	0.015777896052499407
5832	0.015808804552124984
12578	0.015833638155831505
2837	0.016611480137409266
11732	0.016655962110665674
228	0.016666888896296545
5396	0.016666888896296545
5722	0.016666888896296545
8525	0.016666888896296545
8675	0.016677926053499444
4865	0.016678369769516286
7858	0.016678369769516286
12505	0.016711260497980926
3304	0.016722741371200667
6381	0.016722741371200667
10165	0.01676700260131302
12260	0.017731604431407467
12730	0.01835061057219187
12387	0.018800403714683465
9126	0.019833661122037403
5293	0.019866995566518886
1631	0.019989406558813944
9804	0.020000333344444815
7369	0.02000033334444482
7937	0.02000033334444482
9822	0.02000033334444482
6514	0.020000443716016843
3581	0.020022851374867454
5731	0.020022851374867454
11989	0.020022851374867454
2930	0.020033778160498325
1734	0.020067222976551835
9829	0.02071371163877146
660	0.020724748795974357
7821	0.021661647361489532
1438	0.02167290749156522
11007	0.021778316802310356
13221	0.021956249154793453
571	0.0225421393645117
6245	0.02316666408389756
6854	0.02316666408389756
11826	0.02316666408389756
6503	0.02326699630232936
3842	0.023266998532058093
820	0.02329988926052273
1774	0.023300443348111606
1822	0.023300443348111606
3266	0.023300443348111606
3743	0.023300443348111606
4262	0.023300443348111606
4470	0.023300443348111606
8238	0.023300443348111606
8569	0.023300443348111606
13496	0.023300443348111606
8106	0.023333888164165116
9587	0.023344814949795983
490	0.0233561854514437
