49	0.00013333777792592927
80	0.00013333777792592927
194	0.00013333777792592927
536	0.00013333777792592927
565	0.00013333777792592927
721	0.00013333777792592927
1296	0.00013333777792592927
1583	0.00013333777792592927
2362	0.00013333777792592927
2525	0.00013333777792592927
2544	0.00013333777792592927
2548	0.00013333777792592927
3173	0.00013333777792592927
3506	0.00013333777792592927
3611	0.00013333777792592927
3639	0.00013333777792592927
4075	0.00013333777792592927
4729	0.00013333777792592927
5020	0.00013333777792592927
5128	0.00013333777792592927
5269	0.00013333777792592927
5445	0.00013333777792592927
5564	0.00013333777792592927
5717	0.00013333777792592927
6288	0.00013333777792592927
7038	0.00013333777792592927
7064	0.00013333777792592927
7181	0.00013333777792592927
7474	0.00013333777792592927
7547	0.00013333777792592927
7643	0.00013333777792592927
7645	0.00013333777792592927
7758	0.00013333777792592927
8028	0.00013333777792592927
8231	0.00013333777792592927
9291	0.00013333777792592927
9328	0.00013333777792592927
9359	0.00013333777792592927
9725	0.00013333777792592927
9967	0.00013333777792592927
10059	0.00013333777792592927
10173	0.00013333777792592927
11572	0.00013333777792592927
11815	0.00013333777792592927
11964	0.00013333777792592927
12151	0.00013333777792592927
12253	0.00013333777792592927
12309	0.00013333777792592927
12380	0.00013333777792592927
12457	0.00013333777792592927
12846	0.00013333777792592927
12950	0.00013333777792592927
12986	0.00013333777792592927
13231	0.00013333777792592927
97	0.00016667222240740465
1075	0.00016667222240740465
1256	0.00016667222240740465
1816	0.00016667222240740465
1850	0.00016667222240740465
4405	0.00016667222240740465
6127	0.00016667222240740465
6179	0.00016667222240740465
7838	0.00016667222240740465
8351	0.00016667222240740465
8726	0.00016667222240740465
10346	0.00016667222240740465
10366	0.00016667222240740465
10604	0.00016667222240740465
10621	0.00016667222240740465
10652	0.00016667222240740465
11059	0.00016667222240740465
11619	0.00016667222240740465
11643	0.00016667222240740465
11808	0.00016667222240740465
12204	0.00016667222240740465
12256	0.00016667222240740465
12312	0.00016667222240740465
13441	0.00016667222240740465
826	0.0001666722224074324
6237	0.001500050001666739
12135	0.002000066668888939
1857	0.002166738891296399
10645	0.002166738891296399
13097	0.003066768892296415
9685	0.00310010333677789
11480	0.00310010333677789
8669	0.0031667722257408687
10502	0.0031667722257408687
13426	0.0031667722257408687
11	0.003500116670555678
8955	0.003500116670555678
8697	0.0035334511150371534
11588	0.0035334511150371534
12072	0.005600186672889085
3223	0.006500216673889114
6059	0.006500216673889142
9165	0.006533551118370617
11269	0.006666888896296533
8912	0.006766892229740973
11264	0.006800226674222462
