107	0.003400113337111231
12572	0.008300276675889211
1278	0.008333611120370673
9036	0.011633721124037471
9850	0.011633721124037471
3538	0.011800393346444876
11290	0.013367112237074555
7149	0.014833827794259808
2230	0.01500050001666722
8170	0.020467348911630392
11636	0.021700723357445235
4548	0.02170072335744524
9595	0.023434114470482336
6142	0.02500083336111204
12172	0.025034167805593515
5901	0.025034167805593536
1432	0.026000866695556516
2274	0.02683422780759358
5297	0.028300943364778824
2156	0.028334277809260306
9985	0.028334277809260306
12414	0.028334277809260306
13139	0.02846761558718623
4337	0.029834327810927028
6114	0.0316343878129271
7809	0.03166772225740856
9708	0.03170105670189006
3990	0.031701056701890065
4244	0.031701056701890065
12125	0.03176772559085303
12063	0.03186772892429747
4014	0.03336777892596418
12385	0.033501116703890124
1227	0.034934497816593885
11326	0.03500116670555686
3658	0.03503450115003833
2	0.03666788892963099
10546	0.036734557818593944
10661	0.037934597819927335
12979	0.03823460782026067
1214	0.03833461115370512
2319	0.03833461115370512
2903	0.03833461115370512
5328	0.03833461115370512
7302	0.03833461115370512
1234	0.03846794893163106
10348	0.038767958931964386
7860	0.03906796893229774
4972	0.040034667822260755
3056	0.04096803226774225
2193	0.041668055601853396
4132	0.041668055601853396
13116	0.04170139004633487
12949	0.04170139004633488
8689	0.04250141671389046
1467	0.043334777825927526
12070	0.043368112270409
10972	0.04403480116003866
10487	0.04416813893796459
10046	0.044868162272075726
3400	0.044934831161038705
4154	0.04496816560552018
5201	0.04496816560552018
6002	0.04496816560552018
6019	0.04496816560552018
6314	0.04496816560552018
10619	0.04496816560552018
1198	0.045001500050001655
1318	0.045001500050001655
2301	0.045001500050001655
9609	0.045001500050001655
9092	0.04500150005000167
7381	0.04500150005000168
11338	0.04500150005000168
7226	0.04510150338344611
13115	0.04586819560652022
855	0.04603486782892763
13227	0.046601553385112834
1269	0.04663488782959431
13057	0.04663488782959431
7917	0.046668222274075785
1737	0.047868262275409176
8762	0.04790159671989066
7925	0.04796826560885363
1625	0.04833494449814993
4962	0.04833494449814993
7130	0.04836827894263142
9656	0.0499683322777426
2406	0.05163505450181674
10530	0.051668388946298195
4158	0.0516683889462982
10466	0.0516683889462982
8161	0.05170172339077969
12224	0.05173505783526117
4909	0.05326844228140938
8845	0.05330177672589087
793	0.053501783392779736
11705	0.054868495616520546
7692	0.05493516450548351
4768	0.054968498949965
