11436	0.003300110003666789
7963	0.005866862228740957
2299	0.006600220007333573
10262	0.006700223340778027
8967	0.007533584452815094
1511	0.00833361112037068
4376	0.008366945564852166
11386	0.009333644454815162
12230	0.00996699889996333
2533	0.010033667788926302
3249	0.011667055568518955
11376	0.011667055568518955
5961	0.011700390013000437
4340	0.013300443348111604
10177	0.013367112237074574
11319	0.013667122237407908
13088	0.014967165572185739
4224	0.015000500016667216
8994	0.015000500016667216
1133	0.01573385779525984
9115	0.01623387446248208
6535	0.01660055335177839
13173	0.016633887796259874
1305	0.018233941131371046
2398	0.01826727557585252
1976	0.018300610020334004
9243	0.018300610020334004
9498	0.018300610020334004
3122	0.018367278909296972
3381	0.01836727890929698
3919	0.018367278909296982
2928	0.01900063335444515
10598	0.019200640021334037
5176	0.020567352245074833
9167	0.021600720024000795
4457	0.021634054468482277
3718	0.021634054468482284
8299	0.021634054468482284
13542	0.021634054468482284
4419	0.021767392246408213
12258	0.025034167805593525
8363	0.02760092003066769
7084	0.02826760892029734
10764	0.028334277809260303
10693	0.028367612253741785
5105	0.03126770892363079
5270	0.03153438447948265
7297	0.03166772225740858
1170	0.031734391146371554
5159	0.03256775225840861
12043	0.03330111003700124
3189	0.03500116670555685
13321	0.03503450115003834
4167	0.03830127670922364
11999	0.03830127670922364
3613	0.03833461115370513
8874	0.03833461115370513
10737	0.03836794559818661
6341	0.039134637821260705
9687	0.04003466782226074
4524	0.04076802560085336
6436	0.04086802893429781
7039	0.041634721157371914
11095	0.041634721157371914
6396	0.04166805560185339
575	0.04170139004633489
2268	0.04206806893563119
2170	0.04343478115937198
12677	0.04496816560552019
625	0.04500150005000166
7534	0.04500150005000166
22	0.04500150005000167
3157	0.04500150005000167
4501	0.04500150005000167
12969	0.045034834494483145
7724	0.04760158671955732
17	0.04830161005366845
23	0.04830161005366845
157	0.04830161005366845
170	0.04830161005366845
179	0.04830161005366845
210	0.04830161005366845
211	0.04830161005366845
237	0.04830161005366845
302	0.04830161005366845
327	0.04830161005366845
328	0.04830161005366845
359	0.04830161005366845
375	0.04830161005366845
409	0.04830161005366845
481	0.04830161005366845
485	0.04830161005366845
509	0.04830161005366845
520	0.04830161005366845
605	0.04830161005366845
635	0.04830161005366845
650	0.04830161005366845
669	0.04830161005366845
800	0.04830161005366845
888	0.04830161005366845
