12478	0.043368112270409
11528	0.04663488782959432
13453	0.0499349978332611
320	0.0532017733924464
2992	0.05330177672589086
10030	0.05330177672589086
8702	0.05370179005966865
7592	0.05500183339444648
8733	0.056335211173705796
8825	0.05663522117403912
2232	0.05990199673322446
12407	0.059935331177705935
534	0.06286876229207641
378	0.06323544118137273
5837	0.06323544118137273
7518	0.06323544118137273
8926	0.06323544118137273
1739	0.06330211007033568
2436	0.06330211007033568
3168	0.06330211007033568
3216	0.06330211007033568
4568	0.06330211007033568
5892	0.06330211007033568
6408	0.06330211007033568
7000	0.06330211007033568
7440	0.06330211007033568
8301	0.06330211007033568
9354	0.06330211007033568
9577	0.06330211007033568
11600	0.06330211007033568
13494	0.06330211007033568
11534	0.06373545784859494
6901	0.06490216340544686
39	0.06610220340678023
10082	0.06660222007400249
4242	0.06666888896296543
1298	0.06836894563152104
12473	0.06876895896529886
12240	0.06990233007766927
10120	0.06993566452215075
4181	0.07163572119070635
5057	0.07326910897029901
13082	0.07403580119337311
2732	0.07476915897196576
1803	0.07480249341644724
6705	0.07660255341844728
1612	0.0777025900863362
2894	0.07833594453148437
12523	0.07836927897596585
10532	0.07840261342044735
2081	0.07990266342211406
10080	0.07990266342211406
11690	0.07990266342211406
11540	0.07993599786659554
8745	0.07996933231107702
13232	0.07996933231107702
13630	0.07996933231107702
6784	0.08016933897796594
6900	0.08323610787026235
1000	0.0833027767592253
2513	0.0833027767592253
8165	0.08656955231841058
3268	0.08660288676289209
5431	0.08670289009633655
6288	0.08813627120904029
11429	0.08863628787626254
7299	0.08993633121104037
13583	0.08996966565552185
1482	0.09003633454448484
13383	0.09170305676855894
9703	0.09333644454815161
11079	0.09393646454881832
1254	0.09500316677222573
2367	0.09656988566285542
10957	0.09660322010733689
12282	0.09663655455181837
6986	0.09663655455181838
1315	0.0966365545518184
1642	0.0966365545518184
2847	0.0966365545518184
4384	0.0966365545518184
6455	0.0966365545518184
6999	0.0966365545518184
9339	0.0966365545518184
9345	0.0966365545518184
9519	0.0966365545518184
9653	0.0966365545518184
9947	0.0966365545518184
260	0.09666988899629989
3240	0.09670322344078137
5424	0.09896996566552219
2893	0.09996999899996666
7474	0.10000333344444814
13394	0.10013667122237409
4248	0.10040334677822592
1887	0.10327010900363344
9201	0.10327010900363344
11283	0.10327010900363344
4402	0.10330344344811491
7244	0.10330344344811491
