250	0.006633554451815071
2945	0.016833894463148785
12067	0.020134004466815625
9034	0.03330111003700127
13177	0.03406780226007533
4769	0.04333477782592751
7379	0.04663488782959434
12252	0.04680156005200173
10813	0.051668388946298216
5940	0.05333511117037232
12852	0.062068735624520824
2879	0.0630354345144838
487	0.06333544451481715
9040	0.0697689922997433
6411	0.07503583452781759
169	0.07900263342111404
11319	0.08333611120370678
3150	0.08333611120370679
13130	0.08610287009566987
2266	0.09213640454681828
8143	0.09263642121404045
10524	0.09330311010367012
13264	0.096536551218374
10670	0.09666988899629986
716	0.09673655788526288
1123	0.09973665788859631
3136	0.0999699989999667
7674	0.10000333344444814
9694	0.10000333344444816
3028	0.10850361678722628
2226	0.113803793459782
5000	0.1141038034601154
12144	0.11537051235041171
173	0.11663722124070804
2526	0.11663722124070804
3500	0.11667055568518951
5192	0.11667055568518951
12469	0.11667055568518951
6111	0.11673722457415243
8086	0.11680389346311541
12293	0.11680389346311548
4941	0.11690389679655987
10356	0.117603920130671
5176	0.11993733124437479
13054	0.11997066568885635
3194	0.1200040001333378
7884	0.12017067235574526
9571	0.1232374412480416
315	0.12330411013700456
823	0.12330411013700456
11419	0.12330411013700456
6987	0.12330411013700461
11279	0.1237374579152638
2458	0.12480416013867128
13432	0.12500416680556023
2320	0.128304276809227
2047	0.12900430014333814
5904	0.1295709856995233
12113	0.1299376645888196
7	0.13017100570018997
10528	0.13160438681289377
186	0.13327110903696793
922	0.13327110903696793
3620	0.13327110903696793
9600	0.13327110903696793
2398	0.13330444348144938
4038	0.13330444348144938
11418	0.13330444348144938
322	0.13333777792593088
3969	0.13333777792593088
6087	0.13333777792593088
8124	0.13333777792593088
8751	0.13333777792593088
9774	0.13333777792593088
2079	0.1355378512617087
10372	0.13670455681856059
1133	0.13893796459881996
8388	0.1399713323777459
11612	0.1399713323777459
5444	0.14000466682222745
3656	0.1433047768258942
11902	0.1433047768258942
8983	0.14407146904896828
12243	0.14497149904996837
408	0.14663822127404247
10982	0.14663822127404247
12101	0.14663822127404247
5225	0.146671555718524
6316	0.14997166572219073
9568	0.14997166572219073
155	0.14997166572219076
414	0.14997166572219078
13030	0.15003833461115365
128	0.1517050568352279
8890	0.15300510017000565
8960	0.1532051068368946
497	0.153305110170339
11324	0.153305110170339
12485	0.15597186572885763
10492	0.1566052201740058
