5596	0.00016667222240741159
12303	0.0003000100003333478
2331	0.0003333444448148301
7683	0.0006000200006666817
749	0.000633354445148164
1371	0.000633354445148164
5365	0.000633354445148164
12550	0.000633354445148164
3983	0.0007666922230741072
224	0.0008000266675555825
488	0.0008000266675555825
883	0.0008000266675555825
886	0.0008000266675555825
1157	0.0008000266675555825
1323	0.0008000266675555825
1551	0.0008000266675555825
3227	0.0008000266675555825
4110	0.0008000266675555825
4631	0.0008000266675555825
4834	0.0008000266675555825
5156	0.0008000266675555825
5464	0.0008000266675555825
5687	0.0008000266675555825
5954	0.0008000266675555825
6000	0.0008000266675555825
6088	0.0008000266675555825
6145	0.0008000266675555825
7211	0.0008000266675555825
7235	0.0008000266675555825
7376	0.0008000266675555825
7442	0.0008000266675555825
7803	0.0008000266675555825
8769	0.0008000266675555825
8948	0.0008000266675555825
9970	0.0008000266675555825
10111	0.0008000266675555825
10329	0.0008000266675555825
10566	0.0008000266675555825
10759	0.0008000266675555825
11277	0.0008000266675555825
11301	0.0008000266675555825
12158	0.0008000266675555825
12418	0.0008000266675555825
13285	0.0008000266675555825
13333	0.0008000266675555825
81	0.0008333611120370649
2996	0.0008333611120370649
11313	0.0008333611120370649
12035	0.0008333611120370649
467	0.0008333611120370718
715	0.0008333611120370718
2063	0.0008333611120370718
3310	0.0008333611120370718
9748	0.0008333611120370718
9939	0.0008333611120370718
12056	0.0008333611120370718
342	0.0008666955565185541
8565	0.0008666955565185541
10820	0.0009333644454815188
10007	0.0009666988899629941
2054	0.001166705556851895
8178	0.0015667188906296828
975	0.002033401113370449
3214	0.0024667488916297123
10345	0.0024667488916297123
10448	0.0024667488916297123
11626	0.0025000833361112015
12913	0.0025000833361112015
68	0.0025000833361112085
192	0.0025000833361112085
493	0.0025000833361112085
680	0.0025000833361112085
1318	0.0025000833361112085
1429	0.0025000833361112085
1760	0.0025000833361112085
3228	0.0025000833361112085
3325	0.0025000833361112085
4807	0.0025000833361112085
5004	0.0025000833361112085
7023	0.0025000833361112085
7717	0.0025000833361112085
7917	0.0025000833361112085
8051	0.0025000833361112085
9027	0.0025000833361112085
9122	0.0025000833361112085
10574	0.0025000833361112085
10605	0.0025000833361112085
11068	0.0025000833361112085
12086	0.0025000833361112085
12479	0.0025000833361112085
13480	0.0025000833361112085
372	0.002533417780592691
464	0.002533417780592691
944	0.002533417780592691
1398	0.002533417780592691
1525	0.002533417780592691
1532	0.002533417780592691
1916	0.002533417780592691
2112	0.002533417780592691
2143	0.002533417780592691
