3520	3.333444448148232e-05
5299	0.00023334111137037275
236	0.00036667888929630896
1843	0.00036667888929630896
7050	0.00036667888929630896
7445	0.00036667888929630896
7515	0.00036667888929630896
10426	0.00036667888929630896
11686	0.00036667888929630896
13721	0.0004000133337777913
11770	0.0009000300010000399
9806	0.001233374445814863
3302	0.0012667088902963454
3369	0.0012667088902963454
6244	0.0012667088902963454
6468	0.0012667088902963454
6484	0.0012667088902963454
8755	0.0012667088902963454
7596	0.0013000433347778277
8071	0.0013000433347778277
6265	0.0016667222240741332
4713	0.0020334011133704456
5209	0.0020334011133704456
74	0.002066735557851928
291	0.002066735557851928
4675	0.002066735557851928
5621	0.002066735557851928
6439	0.002066735557851928
7352	0.002066735557851928
7941	0.002066735557851928
10493	0.002066735557851928
2662	0.0020667355578519314
7362	0.002900096669888993
670	0.0029667655588519644
697	0.0029667655588519644
1421	0.0029667655588519644
2339	0.0029667655588519644
2490	0.0029667655588519644
2943	0.0029667655588519644
3613	0.0029667655588519644
3626	0.0029667655588519644
3727	0.0029667655588519644
4104	0.0029667655588519644
4258	0.0029667655588519644
4560	0.0029667655588519644
5488	0.0029667655588519644
5967	0.0029667655588519644
6249	0.0029667655588519644
7533	0.0029667655588519644
7816	0.0029667655588519644
7862	0.0029667655588519644
8193	0.0029667655588519644
8316	0.0029667655588519644
8459	0.0029667655588519644
8471	0.0029667655588519644
9114	0.0029667655588519644
9330	0.0029667655588519644
9646	0.0029667655588519644
10367	0.0029667655588519644
10742	0.0029667655588519644
11095	0.0029667655588519644
11492	0.0029667655588519644
12554	0.0029667655588519644
13452	0.0029667655588519644
13671	0.0029667655588519644
486	0.0031001033367778937
5664	0.0031001033367778937
7678	0.0031001033367778937
17	0.003566785559518646
152	0.003566785559518646
285	0.003566785559518646
326	0.003566785559518646
802	0.003566785559518646
903	0.003566785559518646
1134	0.003566785559518646
1363	0.003566785559518646
1929	0.003566785559518646
2094	0.003566785559518646
2586	0.003566785559518646
2681	0.003566785559518646
2805	0.003566785559518646
3058	0.003566785559518646
3317	0.003566785559518646
3642	0.003566785559518646
3791	0.003566785559518646
4055	0.003566785559518646
4922	0.003566785559518646
4933	0.003566785559518646
4948	0.003566785559518646
5009	0.003566785559518646
5010	0.003566785559518646
5212	0.003566785559518646
5249	0.003566785559518646
5374	0.003566785559518646
5486	0.003566785559518646
5605	0.003566785559518646
5694	0.003566785559518646
5983	0.003566785559518646
6230	0.003566785559518646
6428	0.003566785559518646
