82	0.0
2096	0.0
7103	0.0
9561	0.0
12246	0.0
3250	0.002466748891629721
7766	0.002466748891629721
292	0.003300110003666789
336	0.003300110003666789
437	0.003300110003666789
439	0.003300110003666789
450	0.003300110003666789
516	0.003300110003666789
533	0.003300110003666789
599	0.003300110003666789
706	0.003300110003666789
734	0.003300110003666789
735	0.003300110003666789
791	0.003300110003666789
809	0.003300110003666789
813	0.003300110003666789
816	0.003300110003666789
900	0.003300110003666789
1009	0.003300110003666789
1094	0.003300110003666789
1188	0.003300110003666789
1206	0.003300110003666789
1228	0.003300110003666789
1234	0.003300110003666789
1273	0.003300110003666789
1290	0.003300110003666789
1303	0.003300110003666789
1323	0.003300110003666789
1330	0.003300110003666789
1347	0.003300110003666789
1378	0.003300110003666789
1379	0.003300110003666789
1383	0.003300110003666789
1400	0.003300110003666789
1436	0.003300110003666789
1585	0.003300110003666789
1586	0.003300110003666789
1642	0.003300110003666789
1682	0.003300110003666789
1684	0.003300110003666789
1705	0.003300110003666789
1712	0.003300110003666789
1847	0.003300110003666789
1953	0.003300110003666789
2112	0.003300110003666789
2150	0.003300110003666789
2194	0.003300110003666789
2244	0.003300110003666789
2273	0.003300110003666789
2274	0.003300110003666789
2279	0.003300110003666789
2313	0.003300110003666789
2314	0.003300110003666789
2330	0.003300110003666789
2367	0.003300110003666789
2394	0.003300110003666789
2397	0.003300110003666789
2436	0.003300110003666789
2508	0.003300110003666789
2547	0.003300110003666789
2639	0.003300110003666789
2702	0.003300110003666789
2744	0.003300110003666789
2903	0.003300110003666789
3048	0.003300110003666789
3099	0.003300110003666789
3114	0.003300110003666789
3118	0.003300110003666789
3119	0.003300110003666789
3133	0.003300110003666789
3219	0.003300110003666789
3227	0.003300110003666789
3247	0.003300110003666789
3258	0.003300110003666789
3288	0.003300110003666789
3310	0.003300110003666789
3325	0.003300110003666789
3339	0.003300110003666789
3394	0.003300110003666789
3397	0.003300110003666789
3503	0.003300110003666789
3537	0.003300110003666789
3619	0.003300110003666789
3657	0.003300110003666789
3677	0.003300110003666789
3678	0.003300110003666789
3747	0.003300110003666789
3812	0.003300110003666789
3920	0.003300110003666789
3931	0.003300110003666789
3937	0.003300110003666789
4037	0.003300110003666789
4053	0.003300110003666789
4096	0.003300110003666789
4111	0.003300110003666789
