174	0.0
484	0.0
914	0.0
4556	0.0
7210	0.0
8271	0.0
9337	0.0
10074	0.0
10388	0.0
11227	0.0
12684	0.0
3974	3.333444448148232e-05
7055	3.333444448148232e-05
7223	6.666888896296463e-05
8078	6.666888896296463e-05
8283	0.0002333411113703797
3003	0.0004000133337777913
11050	0.0007333577785926214
1821	0.0007666922230741037
7886	0.0007666922230741037
10837	0.0007666922230741037
10972	0.0007666922230741037
4357	0.0008333611120370683
5332	0.0008333611120370683
13653	0.0008333611120370683
5489	0.0014667155571852358
5122	0.0015000500016667181
7096	0.0015000500016667181
12932	0.0015000500016667181
6893	0.0015333844461482074
207	0.0016333877795926544
1953	0.0016333877795926544
2230	0.0016333877795926544
2406	0.0016333877795926544
2598	0.0016333877795926544
3449	0.0016333877795926544
4542	0.0016333877795926544
4924	0.0016333877795926544
5047	0.0016333877795926544
5723	0.0016333877795926544
6475	0.0016333877795926544
6553	0.0016333877795926544
6882	0.0016333877795926544
6971	0.0016333877795926544
7125	0.0016333877795926544
10142	0.0016333877795926544
10939	0.0016333877795926544
11368	0.0016333877795926544
11423	0.0016333877795926544
12172	0.0016333877795926544
12267	0.0016333877795926544
12665	0.0016333877795926544
12707	0.0016333877795926544
12920	0.0016333877795926544
13036	0.0016333877795926544
142	0.0016667222240741367
353	0.0016667222240741367
1233	0.0016667222240741367
1314	0.0016667222240741367
1683	0.0016667222240741367
2141	0.0016667222240741367
2698	0.0016667222240741367
2858	0.0016667222240741367
2860	0.0016667222240741367
3988	0.0016667222240741367
4123	0.0016667222240741367
4427	0.0016667222240741367
4488	0.0016667222240741367
5657	0.0016667222240741367
5714	0.0016667222240741367
6100	0.0016667222240741367
6222	0.0016667222240741367
7011	0.0016667222240741367
7175	0.0016667222240741367
7626	0.0016667222240741367
8787	0.0016667222240741367
9067	0.0016667222240741367
9985	0.0016667222240741367
10440	0.0016667222240741367
10516	0.0016667222240741367
10658	0.0016667222240741367
10809	0.0016667222240741367
10887	0.0016667222240741367
11510	0.0016667222240741367
12997	0.0016667222240741367
13605	0.0016667222240741367
79	0.001700056668555619
117	0.001700056668555619
293	0.001700056668555619
424	0.001700056668555619
475	0.001700056668555619
1104	0.001700056668555619
1109	0.001700056668555619
1207	0.001700056668555619
1273	0.001700056668555619
1284	0.001700056668555619
1308	0.001700056668555619
1357	0.001700056668555619
1524	0.001700056668555619
1576	0.001700056668555619
