11226	0.2759052048165382
8777	0.34015144524451646
7934	0.4150498552429026
1232	0.4218434027564695
5337	0.42377680053639555
5055	0.4457775338941742
9523	0.4507777005663965
8699	0.4641114783589896
7579	0.48074536615524954
4900	0.4907456994996943
5231	0.4949458395043611
64	0.508999977237165
3233	0.5308470362109181
4949	0.5392473162202516
2046	0.5425474262239184
4238	0.5437592535057121
10400	0.5470179194772995
9814	0.5474809240071778
5481	0.5482476162302519
12074	0.5486476295640299
286	0.5543514972632257
9648	0.5598146684653265
6264	0.5709150384776602
4974	0.5717390794441778
4087	0.5802153484879939
3255	0.5841821473812903
12072	0.592486101750042
8955	0.6008160351775502
6086	0.6074829240738469
12939	0.6075245726352477
10485	0.6075495929628097
13124	0.6156661920815162
13061	0.6162928673660087
12537	0.6245168252038844
6977	0.6272835840958476
12973	0.6283169518747735
92	0.6294586371040634
1116	0.6309503729888106
5902	0.6310973988915786
8682	0.6383839541081813
1360	0.6388839707754036
736	0.6408173685553294
121	0.6422840841125147
11630	0.650451023010478
4904	0.6538178019031078
4950	0.6557845341275153
3956	0.6574179219071079
269	0.6578846041298487
7211	0.6608180352442192
1335	0.6621514130234785
10441	0.6641514796923674
177	0.6658182019164416
12263	0.6709397145568081
13197	0.6742483112490092
4047	0.677451923040479
2261	0.6774519230404792
2878	0.6775519263739235
7600	0.6788519697087012
887	0.6822729539847645
8351	0.6851278509529077
12063	0.688166943193079
13113	0.6889856408310719
2253	0.6909027874780957
3940	0.6940858108367389
9746	0.6941191452812203
10604	0.695885870838739
3223	0.6997526663985909
8072	0.7007526997330354
7005	0.7057862008497393
8794	0.70580787328797
13293	0.7076862641851838
1202	0.7078529364075912
10517	0.7113960374716789
2993	0.7116430833258989
9008	0.7145185201511548
5921	0.7170235863328615
11264	0.7174865908627398
4729	0.7189029666406681
10484	0.7191866475312954
3457	0.7209867075332954
1154	0.7258868708720734
10363	0.7358538697720367
856	0.737320585329222
6275	0.7408540364442591
7120	0.7473542531181483
7314	0.7475209253405557
2031	0.7524877575682967
4095	0.7528877709020744
7108	0.7534744006237234
3938	0.7541544797923707
9843	0.7607880342441857
26	0.7618643864166437
7581	0.7675215920294453
7736	0.7677779414111774
7580	0.7699971893708467
239	0.7717884009230751
5281	0.7722270766901597
6094	0.7726510889832002
5146	0.7761434731670945
2934	0.7807887009330754
