2882	0.00013333777792592927
4501	0.00013333777792592927
7785	0.00013333777792592927
13114	0.00013333777792592927
5069	0.00016667222240741159
9531	0.00016667222240741159
10519	0.00016667222240741852
9001	0.001700056668555612
13009	0.004966832227740928
283	0.005800193339777996
9348	0.00666688889629654
497	0.006833561118703951
9146	0.00986699556651889
7604	0.009966998899963338
9736	0.010000333344444813
4419	0.010100336677889267
2222	0.010133671122370742
2939	0.010133671122370746
8680	0.010267008900296686
10577	0.011233707790259673
6285	0.01253375112503751
10822	0.013300443348111608
3905	0.013333777792593086
1468	0.013333777792593093
898	0.013433781126037537
12499	0.01346711557051902
6117	0.01346711557051903
3655	0.01490049668322277
12205	0.015067168905630191
11465	0.015900530017667266
747	0.01653388446281543
1149	0.01653388446281543
7830	0.01653388446281543
8793	0.01653388446281543
11608	0.01653388446281543
12494	0.01653388446281543
13135	0.01653388446281543
1170	0.016567218907296913
788	0.016600553351778395
22	0.016667222240741353
2742	0.016667222240741353
9566	0.016667222240741353
4160	0.01666722224074136
5252	0.01666722224074136
7124	0.01666722224074136
11532	0.01666722224074136
12113	0.01666722224074136
1133	0.016767225574185807
3445	0.016767225574185807
3153	0.016800560018667282
12388	0.016800560018667282
278	0.01680056001866729
2526	0.01680056001866729
2781	0.01680056001866729
6998	0.01680056001866729
8210	0.01680056001866729
9215	0.01680056001866729
1291	0.016800560018667296
3271	0.016800560018667296
12117	0.016800560018667296
478	0.016833894463148764
7724	0.016833894463148764
5610	0.01683389446314877
2198	0.01683389446314878
2017	0.016933897796593222
10813	0.017167238907963595
2111	0.01820060668688956
2474	0.01823394113137105
10015	0.018300610020334014
10414	0.018367278909296965
757	0.018367278909296972
7309	0.018433947798259943
9802	0.018433947798259943
4424	0.018500616687222894
6316	0.01926730891029701
5036	0.01986732891096369
10372	0.019867328910963697
173	0.02000066668888964
3242	0.02013400446681555
5176	0.020134004466815562
4207	0.020200673355778513
825	0.02120070669022301
2438	0.02150071669055635
7293	0.021700723357445245
12050	0.021700723357445245
487	0.022600753358445278
7097	0.022900763358778633
2268	0.023067435581186038
12471	0.02320077335911197
1193	0.02330077669255643
13077	0.023334111137037906
4170	0.02333411113703791
2085	0.023400780026000864
280	0.023434114470482353
9726	0.023434114470482353
489	0.02346744891496383
6048	0.023500783359445325
8967	0.024300810027000908
2928	0.024467482249408316
5102	0.024834161138704625
