7197	0.07530151005033503
3121	0.0818946644888163
1306	0.09202833561118705
6000	0.09310183672789091
6943	0.09376172672422414
4102	0.09679516117203907
4968	0.09686183006100205
26	0.09696183339444649
11224	0.0970951711723724
7717	0.10359538784626157
7164	0.10379539451315045
175	0.10709550451681724
7877	0.10769552451748393
7572	0.11016227340911366
12292	0.1113956478549285
5393	0.11189566452215075
12964	0.11346238341278042
435	0.11349571785726191
30	0.1135290523017434
13155	0.11616247341578054
1551	0.11682916230541018
720	0.11689583119437316
3983	0.11836254675155838
12147	0.11859588786292874
7235	0.11876256008533617
2857	0.12016260675355847
9532	0.12026261008700288
9556	0.12032927897596589
12614	0.12039594786492883
13272	0.12359605453515117
9575	0.1237293923130771
10869	0.1251627734257809
11566	0.1252294423147438
9945	0.12679616120537351
6962	0.1268628300943365
2264	0.12706283676122537
7381	0.12772952565085502
11601	0.12852955231841062
11619	0.12876289342978103
12939	0.13009627120904033
8894	0.13032961232041068
2019	0.13042961565385514
11385	0.1310963045434848
2392	0.13156298676622558
10365	0.1318296623220774
4095	0.1321963412113737
9842	0.13369639121304044
1152	0.13382972899096637
3457	0.13386306343544785
77	0.13502976899229974
2956	0.1366964912163739
1301	0.13679649454981832
9733	0.13682982899429982
9820	0.13682982899429982
12462	0.13692983232774422
12057	0.13696316677222575
68	0.1370631701056702
10495	0.1370631701056702
11301	0.13709650455015168
3992	0.13712983899463319
9750	0.138429882329411
4257	0.13846321677389245
793	0.13859655455181835
10605	0.1387632267742258
9779	0.1397632601086703
688	0.13986326344211475
5951	0.13999660122004065
10516	0.1400966045534851
3233	0.14042994899829997
3078	0.14092996566552218
12233	0.14132997899929997
10432	0.14209667122237407
10770	0.14309670455681855
12417	0.14346338344611487
2301	0.14349671789059637
3397	0.1435967212240408
7314	0.14369672455748525
4161	0.14393006566885563
118	0.14446341678055935
10348	0.14639681456048537
2489	0.1466634901163372
1255	0.14666349011633723
3301	0.14673015900530018
8714	0.14679682789426315
1162	0.14683016233874463
12472	0.14813020567352245
6256	0.1483968812293743
10388	0.1483968812293743
10484	0.14876356011867065
6002	0.1493969145638188
192	0.14999693456448548
13333	0.15009693789792994
5954	0.15043028234274475
12289	0.1506969578985966
1178	0.15166365678855961
1525	0.1517303256775226
12070	0.15179699456648554
680	0.15336371345711525
1151	0.1534303823460782
6281	0.15346371679055967
