98	0.0
318	0.0
369	0.0
518	0.0
840	0.0
1203	0.0
1212	0.0
1292	0.0
1435	0.0
2095	0.0
2118	0.0
2155	0.0
2405	0.0
2495	0.0
2510	0.0
2808	0.0
2864	0.0
2971	0.0
3036	0.0
3046	0.0
3165	0.0
3425	0.0
3439	0.0
3461	0.0
3580	0.0
3840	0.0
3846	0.0
4136	0.0
4284	0.0
4308	0.0
4396	0.0
4413	0.0
4651	0.0
4955	0.0
5186	0.0
5584	0.0
5633	0.0
5798	0.0
5982	0.0
6030	0.0
6292	0.0
6400	0.0
6718	0.0
6859	0.0
7232	0.0
7347	0.0
7777	0.0
7918	0.0
7931	0.0
7938	0.0
8005	0.0
8401	0.0
8412	0.0
8452	0.0
8688	0.0
8690	0.0
8709	0.0
8824	0.0
8897	0.0
9044	0.0
9202	0.0
9226	0.0
9542	0.0
9910	0.0
10071	0.0
10137	0.0
10148	0.0
10362	0.0
10464	0.0
10628	0.0
10768	0.0
10795	0.0
10799	0.0
10881	0.0
10896	0.0
11519	0.0
11587	0.0
11664	0.0
11751	0.0
11873	0.0
12071	0.0
12732	0.0
12952	0.0
12966	0.0
13123	0.0
13251	0.0
797	3.333444448148232e-05
2606	3.333444448148232e-05
2970	3.333444448148232e-05
5066	3.333444448148232e-05
7261	3.333444448148232e-05
7740	3.333444448148232e-05
8428	3.333444448148232e-05
9545	3.333444448148232e-05
12464	3.333444448148232e-05
13361	3.333444448148232e-05
1334	0.0001333377779259362
5247	0.0001333377779259362
6065	0.0001333377779259362
9096	0.0001333377779259362
