11264	0.107936931231041
5001	0.12480416013867127
4629	0.1442381412713757
8777	0.15147171572385737
5990	0.1563385446181539
7018	0.16467215573852456
7158	0.16797226574219137
1136	0.16800560018667288
13061	0.17130571019033963
7957	0.17397246574885827
13293	0.1747058235274509
2993	0.17663922130737691
72	0.1796726557551918
7817	0.18107270242341403
7609	0.1912397079902663
8682	0.19383979465982196
11261	0.1953065102170072
9179	0.19790659688656287
8780	0.19797326577552582
2330	0.21147371579052632
1323	0.21464048801626717
5921	0.21880729357645265
9866	0.2229074302476749
12973	0.22297409913663785
4978	0.22357411913730457
6974	0.224640821360712
3724	0.22794093136437876
6099	0.22794093136437876
9970	0.22800760025334177
427	0.22837427914263805
13015	0.22960765358845292
10398	0.23137437914597148
248	0.23287442914763823
564	0.23437447914930498
7883	0.23457448581619383
6094	0.2346411547051568
4088	0.23647454915163835
2122	0.23667455581852737
3643	0.23710790359678652
2860	0.2379079302643421
1332	0.2384746158205273
97	0.24204140138004598
488	0.24467482249408312
11277	0.24484149471649053
8711	0.24640821360712023
4237	0.24794159805326843
8908	0.24797493249774993
10397	0.25297509916997224
3659	0.2537084569485649
3611	0.2579752658421947
9309	0.25877529250975034
1299	0.25960865362178737
13344	0.26114203806793557
4191	0.26214207140238005
3686	0.2645754858495283
12442	0.2645754858495283
4950	0.2662755425180839
7211	0.268008933631121
9033	0.2682756091869728
721	0.26847561585386176
2167	0.27120904030134335
8955	0.27197573252441753
10517	0.27290909696989896
4238	0.27464248808293606
9030	0.27464248808293606
3675	0.27560918697289905
13220	0.27787592919763987
10502	0.2779425980866028
8351	0.2812093736457882
7121	0.28124270809026963
4900	0.28290943031434385
8225	0.28297609920330674
1314	0.2846094869828994
6913	0.29124304143471447
4198	0.29127637587919597
5308	0.29290976365878857
1457	0.2946431547718257
5464	0.29480982699423314
1124	0.29494316477215904
269	0.295009833661122
8358	0.2950431681056035
2112	0.2979432647754925
7186	0.2979432647754925
9064	0.2980099336644555
5497	0.2996099869995666
12072	0.3000766692223074
10644	0.3033767792259742
619	0.3048101603386779
7877	0.3051101703390112
5950	0.30874362478749295
13136	0.30964365478849293
148	0.31131037701256703
12418	0.31134371145704853
1208	0.3121104036801226
11347	0.3121770725690856
1178	0.3130771025700856
6965	0.3143104770159004
4086	0.3145771525717524
5265	0.31461048701623384
13441	0.31461048701623384
