9568	0.1718057268575619
196	0.2151405046834895
12101	0.22800760025334182
12199	0.23410780359345312
3136	0.2366412213740458
13135	0.24337477915930528
169	0.25167505583519445
322	0.2632087736257875
7152	0.28164272142404745
12485	0.2942098069935664
2738	0.30001000033334446
3656	0.30317677255908526
6980	0.3068102270075669
6933	0.3080102670089002
12078	0.3099769992333077
12113	0.3102436747891596
7151	0.3124104136804561
10813	0.31347711590386346
8715	0.3167438914630488
9600	0.3299443314777159
4207	0.33004433481116036
9667	0.33834461148704953
12293	0.3399779992666423
12245	0.3466115537184573
750	0.3466448881629388
7904	0.35534517817260575
2611	0.3587119570652355
10504	0.3600120004000133
4162	0.36334544484816156
8983	0.36584552818427285
4945	0.36661222040734687
8321	0.36677889262975427
13321	0.37001233374445813
5880	0.3731457715257175
8210	0.37501250041668055
1250	0.37641254708490285
9040	0.37644588152938435
836	0.37667922264075465
10693	0.37994599819993996
3	0.3816460548684956
11324	0.3841794726490883
6087	0.38507950265008833
5451	0.3866795559851995
6105	0.3899796659888663
497	0.39007966932231075
2222	0.39334644488149606
12198	0.39334644488149606
4038	0.39341311377045907
5940	0.3946464882162739
1792	0.39661322044068137
8890	0.3966465548851628
2983	0.3977465915530517
2899	0.40004666822227414
478	0.4001466715557185
12935	0.40164672155738523
7362	0.40581352711757057
11279	0.406113537117904
6398	0.40661355378512615
2923	0.4067468915630521
3239	0.4083802793426447
419	0.40998033267775597
7008	0.411847061568719
325	0.41271375712523745
15	0.4131804393479782
575	0.4132804426814227
3837	0.4132804426814227
9546	0.41331377712590417
66	0.41364712157071903
2226	0.4142138071269042
2490	0.41704723490783024
10581	0.41751391713057107
408	0.41998066602220074
11419	0.42004733491116364
9207	0.4212473749124971
8124	0.42331411047034906
2070	0.4249808326944232
11623	0.425247508250275
13177	0.4259141971399046
10375	0.42918097269908995
10533	0.42951431714390476
7788	0.4299809993666455
128	0.43811460382012735
711	0.43834794493149765
5099	0.4396479882662755
9134	0.4400480016000533
12104	0.4450481682722758
1453	0.4480482682756092
2239	0.4485816193873129
11418	0.4516483882796093
13264	0.45221507383579457
3919	0.45348178272609085
5904	0.4537817927264242
3177	0.4567152238407947
3572	0.45808193606453546
1837	0.45828194273142436
8874	0.4597486582886096
3969	0.45998199939997997
278	0.46168205606853563
9616	0.4628487616253875
3520	0.46404880162672085
