1509	0.005066835561185378
12224	0.005300176672555747
2869	0.006666888896296552
683	0.010000333344444817
10409	0.010033667788926302
4787	0.010833694456481871
6221	0.01333377779259308
720	0.013333777792593086
13498	0.013867128904296816
320	0.014633821127370921
10720	0.016633887796259877
4907	0.01666722224074136
3131	0.016667222240741367
8043	0.016667222240741367
13277	0.016667222240741367
5035	0.016700556685222828
3226	0.01683389446314878
9015	0.016867228907630254
11104	0.017333911130371013
7023	0.018267275575852518
9237	0.01830061002033402
10181	0.018333944464815496
10538	0.018367278909296972
793	0.01836727890929698
1315	0.018800626687556263
9890	0.01883396113203773
4244	0.020000666688889623
4723	0.020000666688889626
4297	0.0200340011333711
9227	0.02003400113337112
11560	0.02003400113337112
12986	0.020434014467148917
3575	0.021634054468482294
7804	0.021667388912963777
11389	0.023300776692556424
1326	0.023334111137037913
948	0.024434147804926837
6541	0.024967498916630554
808	0.025067502250074987
7211	0.026667555585186166
9532	0.02670089002966767
826	0.02683422780759359
3214	0.02776759225307511
8825	0.028300943364778827
10447	0.028300943364778834
13453	0.028300943364778834
6589	0.029134304476815892
3487	0.02996766558885295
3316	0.02996766558885297
9776	0.03000100003333444
7040	0.030001000033334453
839	0.030034334477815932
6553	0.030034334477815935
7871	0.03090103003433447
10120	0.03163438781292711
10964	0.03163438781292711
2081	0.03166772225740859
9252	0.03166772225740859
684	0.032434414480482676
13350	0.03260108670289011
9630	0.033001100036667896
9779	0.03306776892563086
3685	0.03313443781459381
4988	0.033167772259075294
428	0.03326777559251974
1394	0.03326777559251974
548	0.03330111003700123
963	0.033334444481482726
1670	0.033334444481482726
1986	0.033334444481482726
2116	0.033334444481482726
2536	0.033334444481482726
2772	0.033334444481482726
2952	0.033334444481482726
3111	0.033334444481482726
4294	0.033334444481482726
5523	0.033334444481482726
5846	0.033334444481482726
6237	0.033334444481482726
6410	0.033334444481482726
6591	0.033334444481482726
7469	0.033334444481482726
8430	0.033334444481482726
8761	0.033334444481482726
8912	0.033334444481482726
9717	0.033334444481482726
10032	0.033334444481482726
10713	0.033334444481482726
12669	0.033334444481482726
12776	0.033334444481482726
13464	0.033334444481482726
9937	0.0333677789259642
11261	0.0333677789259642
6499	0.03336777892596421
11402	0.03336777892596421
12457	0.03336777892596421
2489	0.03350111670389014
7684	0.03413447114903831
13189	0.03416780559351977
7809	0.034367812260408685
