8794	0.0
1439	3.3334444481489256e-05
6323	3.3334444481489256e-05
6965	3.3334444481489256e-05
6311	0.00013333777792592927
9926	0.0010667022234074341
150	0.002966765558851975
10005	0.0030001000033334363
1276	0.003300110003666784
2859	0.0033334444481482733
12385	0.0033334444481482733
5112	0.0033334444481482872
239	0.0033667788926297626
5784	0.0033667788926297626
5921	0.0033667788926297626
12075	0.005033501116703892
1482	0.006633554451815057
11378	0.006633554451815057
13189	0.006633554451815057
269	0.006666888896296547
1140	0.006666888896296547
3671	0.006666888896296547
3974	0.006666888896296547
6977	0.006666888896296547
7618	0.006666888896296547
7979	0.006666888896296547
8778	0.006666888896296547
9594	0.006666888896296547
10346	0.006666888896296547
10441	0.006666888896296547
10630	0.006666888896296547
11264	0.006666888896296547
6585	0.0066668888962965606
12948	0.006800226674222476
7030	0.007433581119370633
4005	0.009666988899629983
5908	0.009866995566518905
151	0.010000333344444834
1151	0.010000333344444834
2031	0.010000333344444834
3077	0.010000333344444834
5097	0.010000333344444834
5351	0.010000333344444834
8955	0.010000333344444834
9523	0.010000333344444834
9742	0.010000333344444834
564	0.01003366778892631
6264	0.01003366778892631
10349	0.01003366778892631
12180	0.01003366778892631
12996	0.01003366778892631
10397	0.010367012233741119
13056	0.0123670789026301
10716	0.013300443348111604
10400	0.013333777792593093
1535	0.013367112237074583
1695	0.013367112237074583
2559	0.013367112237074583
4914	0.013367112237074583
7493	0.013367112237074583
8634	0.013367112237074583
11689	0.014433814460482003
4629	0.016267208906963565
6974	0.016633887796259864
6487	0.016667222240741353
4796	0.017400580019333978
7574	0.017867262242074744
10350	0.01813393779792659
120	0.01840061335377846
799	0.019733991133037754
2592	0.019967332244408137
7004	0.019967332244408137
8777	0.019967332244408137
3487	0.020000666688889626
2411	0.020567352245074833
548	0.02330077669255641
2040	0.02330077669255641
3959	0.02330077669255641
4244	0.02330077669255641
7211	0.02330077669255641
428	0.0233341111370379
861	0.0233341111370379
1394	0.0233341111370379
2853	0.0233341111370379
2944	0.0233341111370379
3034	0.0233341111370379
4905	0.0233341111370379
5980	0.0233341111370379
6094	0.0233341111370379
6913	0.0233341111370379
7049	0.0233341111370379
7136	0.0233341111370379
9538	0.0233341111370379
12442	0.0233341111370379
2993	0.02336744558151939
805	0.02346744891496383
829	0.02346744891496383
3685	0.02346744891496383
4142	0.02346744891496383
4988	0.02346744891496383
