333	0.0018333944464815483
11241	0.0018333944464815535
2274	0.0031334377812593777
2813	0.003300110003666791
4659	0.00333344444814827
83	0.0033334444481482733
3908	0.0033334444481482733
3991	0.0033334444481482733
6119	0.0033334444481482733
7898	0.0033334444481482733
10162	0.0033334444481482733
717	0.003366778892629754
3281	0.003366778892629754
6325	0.003366778892629754
6528	0.003366778892629754
9656	0.003366778892629754
10640	0.003366778892629754
8687	0.0035001166705556867
4108	0.0040334677822594055
178	0.00416680556018534
254	0.00416680556018534
9015	0.00426680889362979
765	0.004333477782592753
9594	0.0047001566718890605
706	0.004733491116370543
3973	0.004833494449814997
11242	0.004833494449814997
12125	0.004833494449814997
52	0.004966832227740928
158	0.004966832227740928
468	0.004966832227740928
1188	0.004966832227740928
4021	0.004966832227740928
5013	0.004966832227740928
6192	0.004966832227740928
7992	0.004966832227740928
8099	0.004966832227740928
9714	0.004966832227740928
10962	0.004966832227740928
11642	0.004966832227740928
11653	0.004966832227740928
12123	0.004966832227740928
7584	0.0050001666722224065
6013	0.005000166672222408
8058	0.005000166672222408
9614	0.005000166672222408
11311	0.005000166672222408
6221	0.00500016667222241
8899	0.00500016667222241
11685	0.00500016667222241
6112	0.005033501116703885
138	0.005033501116703891
297	0.005033501116703891
2080	0.005033501116703891
2131	0.005033501116703891
3265	0.005033501116703891
5014	0.005033501116703891
5351	0.005033501116703891
9026	0.005033501116703891
10545	0.005033501116703891
10555	0.005033501116703891
10963	0.005033501116703891
12107	0.005033501116703891
12834	0.005033501116703891
8141	0.005033501116703892
2329	0.005066835561185373
10380	0.005066835561185373
691	0.005133504450148339
11033	0.005133504450148341
7137	0.005133504450148346
213	0.005166838894629822
620	0.005166838894629822
791	0.005166838894629822
1819	0.005166838894629822
2427	0.005166838894629822
3004	0.005166838894629822
4037	0.005166838894629822
4615	0.005166838894629822
12838	0.005166838894629822
12995	0.005166838894629822
7004	0.005300176672555754
7668	0.005833527784259478
7672	0.005833527784259478
12437	0.005833527784259478
13132	0.005900196673222441
809	0.006366878895963202
4692	0.006466882229407651
8958	0.006633554451815064
3834	0.006666888896296543
3920	0.006666888896296547
4756	0.006666888896296547
6310	0.006666888896296547
12620	0.006666888896296547
13227	0.006666888896296547
2396	0.0067002233407780255
3665	0.0067002233407780255
3947	0.0067002233407780255
5318	0.0067002233407780255
6207	0.0067002233407780255
7586	0.0067002233407780255
