9701	0.07668025946461315
8722	0.09963643158227904
12463	0.1151813198678529
6262	0.1201143717053668
9029	0.1202028919358628
9554	0.12030401013367113
5500	0.12248067577726393
2128	0.12329262703405611
3472	0.12692496661817376
12242	0.12833761125370846
4136	0.1400265181637604
4473	0.1404162647116108
8677	0.14826012595068666
5989	0.15023722641367865
11587	0.15092964079850602
7156	0.15177735467436426
4049	0.15681559507947926
2874	0.15687078086549375
4222	0.16310940576503055
13160	0.16419276517689943
8895	0.16689296555147154
454	0.16961646770611416
5567	0.1802830439944431
1292	0.1818280219151118
1449	0.18997299909997006
4072	0.1938283115568735
13304	0.19692718965771547
4954	0.20512835489165132
8129	0.20676218638726082
10575	0.20744068949455513
5972	0.20900318973843163
1369	0.21263941908431505
6240	0.2163617271077375
3091	0.22021837294242028
9620	0.22029485598237886
7927	0.2234745572901483
5273	0.2244187359199599
12329	0.22992940455874725
10600	0.23222959159954162
6438	0.23346296604535646
6981	0.2440392383202071
4475	0.24988581001752452
11441	0.25003283387038205
13400	0.25009663086874356
405	0.2548295656677965
8690	0.2549581641573114
6327	0.2568741143099419
6421	0.25688559741289035
3110	0.2602517073869018
10659	0.26059385926019163
8450	0.26165275854791586
13181	0.26361804033378594
1895	0.2646234974833609
9002	0.2650310183137654
5772	0.26680766839385167
9731	0.2668744476543867
4313	0.27352974307616273
11247	0.27357578585952863
2554	0.27903003678717947
8984	0.2801198155880559
2032	0.28176468647059705
12959	0.2848973449616659
11836	0.2901969653169041
12843	0.2901969653169041
10583	0.2999873697016211
13328	0.3001306297723859
4155	0.3068093351160758
10396	0.30916537909123165
4911	0.31012070524981816
9361	0.31063097978405296
5082	0.3134324087280056
1922	0.3168875974795592
2265	0.3184440585031764
11447	0.3201543730387445
743	0.3233774459148638
11258	0.324621190828992
9155	0.32478786082167066
7869	0.32544128282536955
12971	0.3264126373889163
7639	0.3267108903630121
2692	0.3267660761490266
6580	0.32677766962354704
11457	0.3267994105935081
542	0.32849935466076285
11263	0.33007777962721385
2118	0.33028826713398807
7715	0.3311483091799827
8979	0.3334111137037901
9957	0.3352116151920783
6051	0.3400887064128448
3993	0.34339985357371444
507	0.3434551497313009
2160	0.34352181862026393
12953	0.35056620059018684
11272	0.35342214863126425
12497	0.3592693624904553
59	0.3600453348444948
5363	0.3600667402402823
8696	0.3600671861860278
7931	0.3600786692889763
