913	0.0012500625031251558
3417	0.0012500625031251558
13637	0.0012500625031251558
3236	0.0013000650032501601
9081	0.0013000650032501601
2049	0.0024001200060002996
11051	0.0026001300065003237
2181	0.003700185009250463
8477	0.003700185009250463
10450	0.0037501875093754675
3203	0.003950197509875495
13628	0.004450222511125555
11365	0.005000250012500623
7708	0.006250312515625783
1374	0.006300315015750787
2981	0.006300315015750787
5599	0.006300315015750787
5232	0.007500375018750937
12181	0.008750437521876094
2545	0.008800440022001099
268	0.011250562528126406
9399	0.011250562528126406
9590	0.012750637531876594
5430	0.014450722536126805
7821	0.016250812540627033
9826	0.016250812540627033
1408	0.016300815040752037
2603	0.016300815040752037
2617	0.016300815040752037
5293	0.016300815040752037
6015	0.016300815040752037
6047	0.016300815040752037
7363	0.016300815040752037
9126	0.016300815040752037
6563	0.018750937546877344
13274	0.018750937546877344
8870	0.021201060053002648
0	0.021251062553127656
1	0.021251062553127656
2	0.021251062553127656
3	0.021251062553127656
4	0.021251062553127656
5	0.021251062553127656
6	0.021251062553127656
7	0.021251062553127656
8	0.021251062553127656
9	0.021251062553127656
10	0.021251062553127656
11	0.021251062553127656
12	0.021251062553127656
13	0.021251062553127656
14	0.021251062553127656
15	0.021251062553127656
16	0.021251062553127656
17	0.021251062553127656
18	0.021251062553127656
19	0.021251062553127656
20	0.021251062553127656
21	0.021251062553127656
22	0.021251062553127656
23	0.021251062553127656
24	0.021251062553127656
25	0.021251062553127656
26	0.021251062553127656
27	0.021251062553127656
28	0.021251062553127656
29	0.021251062553127656
30	0.021251062553127656
31	0.021251062553127656
32	0.021251062553127656
33	0.021251062553127656
34	0.021251062553127656
35	0.021251062553127656
37	0.021251062553127656
38	0.021251062553127656
39	0.021251062553127656
40	0.021251062553127656
41	0.021251062553127656
42	0.021251062553127656
43	0.021251062553127656
44	0.021251062553127656
45	0.021251062553127656
46	0.021251062553127656
47	0.021251062553127656
48	0.021251062553127656
49	0.021251062553127656
51	0.021251062553127656
52	0.021251062553127656
53	0.021251062553127656
54	0.021251062553127656
55	0.021251062553127656
56	0.021251062553127656
57	0.021251062553127656
58	0.021251062553127656
59	0.021251062553127656
60	0.021251062553127656
61	0.021251062553127656
62	0.021251062553127656
63	0.021251062553127656
64	0.021251062553127656
