12064	0.04503483449448317
13264	0.06723557451915066
2899	0.07166905563518781
5953	0.07840261342044741
7152	0.08666955565185501
12632	0.09173639121304047
8318	0.10503683456115206
9616	0.10807026900896698
3239	0.11000366678889296
6105	0.11503716790559687
695	0.12163738791293044
4162	0.12830427680922696
13135	0.12833761125370843
4115	0.12863762125404185
9197	0.13163772125737522
5000	0.135071169038968
9530	0.13510450348344943
4945	0.13837127904263472
3	0.14000466682222745
4207	0.14497149904996837
10533	0.14537151238374613
2983	0.1504383479449315
4920	0.15167172239074633
7601	0.15500516683889468
6087	0.15667188906296875
12144	0.16023867462248745
9134	0.16173872462415415
1375	0.1618387279575986
10577	0.162972099069969
2222	0.16503883462782093
8124	0.17163905463515453
10635	0.17163905463515453
8996	0.17187239574652488
9568	0.17330577685922863
12262	0.17620587352911765
5296	0.17813927130904367
9783	0.17997266575552517
12245	0.18160605353511777
8997	0.18170605686856234
4097	0.1817393913130438
10813	0.18317277242574748
12556	0.18470615687189573
9531	0.1850061668722291
6080	0.18837294576485886
3919	0.18850628354278476
11279	0.18853961798726626
9546	0.18983966132204405
196	0.18993966465548848
4003	0.19160638687956263
3436	0.19170639021300712
4525	0.1917730591019701
12485	0.19183972799093302
3961	0.1933064435481183
169	0.19663988799626655
12935	0.19663988799626655
7529	0.19703990133004434
10905	0.20170672355745195
6231	0.2034067802260075
12993	0.2050068335611187
1448	0.20504016800560015
10087	0.2050401680056002
10693	0.20820694023134104
2378	0.20827360912030402
13177	0.20837361245374847
6398	0.21170705690189673
423	0.21174039134637823
12393	0.21174039134637823
4045	0.21234041134704493
2216	0.215040501350045
3976	0.21517383912797095
12113	0.2152405080169339
7605	0.2153405113503784
7596	0.21667388912963767
11323	0.21837394579819328
5087	0.21840728024267475
361	0.21844061468715625
325	0.21897396579885994
19	0.21940731357711923
11569	0.22110737024567487
3177	0.22160738691289714
5162	0.2216407213573786
13006	0.22167405580186003
3941	0.22167405580186014
1348	0.22177405913530449
9565	0.22250741691389714
7097	0.2232407746924897
9982	0.22344078135937867
6938	0.22504083469448982
489	0.2250741691389713
4057	0.22830761025367513
4336	0.22844094803160106
4170	0.22850761692056404
11302	0.22854095136504549
11631	0.22957431914397147
283	0.23100770025667522
11522	0.23160772025734191
10528	0.23170772359078634
8886	0.23174105803526784
11453	0.23334111137037902
7309	0.23337444581486047
