2170	0.00016667222240741332
2605	0.00046668222274075764
205	0.001266708890296342
5150	0.0028667622254075157
12696	0.0029000966698889963
7868	0.002900096669888998
1870	0.006200206673555786
1823	0.007866928897629922
5698	0.009533651121704059
7467	0.01043368112270409
10459	0.010467015567185572
13236	0.010467015567185572
7135	0.010600353345111503
892	0.011233707790259674
2215	0.012867095569852329
13547	0.013100436681222708
0	0.013767125570852362
2	0.013767125570852362
4	0.013767125570852362
5	0.013767125570852362
8	0.013767125570852362
10	0.013767125570852362
11	0.013767125570852362
13	0.013767125570852362
14	0.013767125570852362
16	0.013767125570852362
17	0.013767125570852362
18	0.013767125570852362
20	0.013767125570852362
23	0.013767125570852362
24	0.013767125570852362
25	0.013767125570852362
26	0.013767125570852362
27	0.013767125570852362
28	0.013767125570852362
29	0.013767125570852362
30	0.013767125570852362
31	0.013767125570852362
32	0.013767125570852362
33	0.013767125570852362
34	0.013767125570852362
35	0.013767125570852362
36	0.013767125570852362
37	0.013767125570852362
38	0.013767125570852362
39	0.013767125570852362
40	0.013767125570852362
41	0.013767125570852362
42	0.013767125570852362
43	0.013767125570852362
44	0.013767125570852362
45	0.013767125570852362
47	0.013767125570852362
48	0.013767125570852362
49	0.013767125570852362
50	0.013767125570852362
51	0.013767125570852362
52	0.013767125570852362
53	0.013767125570852362
54	0.013767125570852362
55	0.013767125570852362
56	0.013767125570852362
57	0.013767125570852362
58	0.013767125570852362
59	0.013767125570852362
61	0.013767125570852362
62	0.013767125570852362
63	0.013767125570852362
64	0.013767125570852362
65	0.013767125570852362
67	0.013767125570852362
68	0.013767125570852362
69	0.013767125570852362
70	0.013767125570852362
71	0.013767125570852362
72	0.013767125570852362
74	0.013767125570852362
75	0.013767125570852362
76	0.013767125570852362
77	0.013767125570852362
78	0.013767125570852362
79	0.013767125570852362
80	0.013767125570852362
81	0.013767125570852362
82	0.013767125570852362
83	0.013767125570852362
84	0.013767125570852362
85	0.013767125570852362
86	0.013767125570852362
87	0.013767125570852362
89	0.013767125570852362
90	0.013767125570852362
91	0.013767125570852362
92	0.013767125570852362
93	0.013767125570852362
94	0.013767125570852362
95	0.013767125570852362
96	0.013767125570852362
97	0.013767125570852362
98	0.013767125570852362
