6981	0.0069457053250716015
12983	0.007312384214367914
2023	0.01177931014645861
2056	0.013343711234075708
5972	0.01451107679063103
2113	0.01667693270935119
11234	0.016712807929718052
6918	0.019012774227368346
2095	0.023979606455109274
13181	0.026710600498277486
4061	0.028844227917965173
1785	0.029053945053463873
1331	0.02992715253273216
840	0.02996622852868786
1455	0.030032451471905263
10878	0.030391737695604357
379	0.03279932073544034
376	0.03339934073610703
4975	0.033399340736107036
13609	0.03341026752173791
2554	0.034899390737773754
11289	0.03497930421538019
6750	0.03504917387993202
10491	0.03513273184914413
1402	0.0366441545821873
9620	0.03673267481268329
222	0.03961102605315382
7090	0.0435240695314147
1809	0.04607735642470134
2596	0.04641058826821541
3456	0.04945505987323323
5338	0.049466209631736896
5187	0.049521728762196196
5989	0.049521728762196196
2405	0.05006656297684839
901	0.05012174876286289
2874	0.05012174876286289
9544	0.051988477653825915
8287	0.05233032070968699
2249	0.05328896916407805
5247	0.053946603125343856
6496	0.05580979789627323
11174	0.05611080124075485
8737	0.05687958829396875
7553	0.05962250692637357
9883	0.06109121140158405
244	0.0627306673879096
12464	0.06344437902668106
5077	0.06346623036821407
10589	0.06351071234147049
12416	0.06503406412320768
5500	0.06551122049664755
8984	0.06621069197289854
811	0.06624413678895207
348	0.06664515461552174
6985	0.06667848906000323
6923	0.06684404641804671
7283	0.06684415678961876
9767	0.06684415678961876
9798	0.0668800320099856
13320	0.06828725060066104
7530	0.06864013973263991
2140	0.06953309926384392
8895	0.07006722966573802
2864	0.07013345260895541
12128	0.07017760123776703
2280	0.07078049758849263
3132	0.07078049758849263
503	0.071210969016693
5703	0.0728332092675107
147	0.07287758086919509
7143	0.07346004956018044
11220	0.07578066426071503
8556	0.07617769087286187
6810	0.0762111356889154
7465	0.0762111356889154
10620	0.0762111356889154
11696	0.0762111356889154
3021	0.07682252842095853
8873	0.07798967992355599
3022	0.07854454680261919
3958	0.07926885188257665
4278	0.08025795843139027
13076	0.08193317703678196
6184	0.0826356307752064
542	0.08286665408356422
9640	0.08293321037122645
4072	0.0831998859270783
766	0.0832011022440993
3054	0.08336756264227761
417	0.08340100745833111
3472	0.0834343419028126
9029	0.08348952768882709
7740	0.08351126865878808
12966	0.08351137903036011
3519	0.08356656481637462
12734	0.08356656481637462
9941	0.08414848387922855
8800	0.08521143569891573
12145	0.08543329370733764
