9283	0.03605638582601582
6113	0.037723108050089965
9075	0.03904567164501917
5620	0.03945649916312707
9073	0.04108988694271973
4985	0.055739716407492285
2272	0.05767951573859596
6421	0.05772366436740757
1757	0.05775710918346108
9775	0.06112388807609083
12866	0.06239059696638717
6993	0.07102410771551916
2247	0.0719241377165192
7687	0.07239093031083199
11896	0.07239093031083199
5215	0.0727241643840748
6294	0.07489101364694319
2510	0.07602427438774158
9392	0.0777577758723507
8850	0.0777680337393632
10664	0.07902437439107503
8263	0.07905781920712854
13180	0.07946809040791883
7300	0.08389131365694352
5772	0.08433614453815128
13268	0.0849246814358695
2995	0.08526961935520481
4439	0.08570296713346409
4952	0.08570296713346409
5354	0.08570296713346409
8206	0.08570296713346409
8322	0.08570296713346409
8752	0.08570296713346409
9731	0.08570296713346409
8903	0.08575804254790656
1231	0.08586963935587151
8991	0.0860039704779457
10990	0.0862580592151288
2123	0.08631269314328315
3327	0.0870473820699263
4440	0.08720301713513082
12953	0.08731383688263411
9127	0.087513843549523
4451	0.08764718132744893
6191	0.08764718132744893
5755	0.08769132995626054
350	0.08770303380235306
4176	0.08770303380235306
11790	0.08770303380235306
8083	0.08771407095955595
1584	0.08772477477231405
6282	0.08774740540403743
4484	0.08775810921679553
9141	0.08775810921679553
811	0.08794540754479999
5031	0.08848076318263005
1655	0.0885457764980126
1680	0.0885697293588716
10600	0.08864654574327506
3644	0.08896963232107737
10875	0.08896963232107737
8004	0.08898055910670824
11339	0.08898055910670824
8531	0.08900307713713088
10256	0.08900307713713088
11374	0.08900307713713088
12191	0.08900307713713088
12958	0.08900307713713088
13633	0.08900307713713088
3690	0.08901411429433377
4414	0.08902470773551983
6174	0.08902481810709187
1501	0.08904744873881526
13611	0.08904744873881526
3046	0.0894082757050653
2881	0.08941908988939541
9652	0.08945816588535115
7246	0.08998169615687301
3331	0.09073646825016798
6240	0.09098062577559721
11786	0.09101407059165072
7429	0.09103647825050133
5064	0.09104751540770423
7063	0.09104751540770423
7815	0.09104751540770423
8168	0.09104751540770423
8362	0.09104751540770423
11273	0.09104751540770423
3906	0.09105810884889029
9965	0.09105855256490712
1327	0.09106981269498281
7760	0.09114751874114867
9941	0.09134177047819095
8458	0.09134851875218583
7214	0.09135845219366844
13434	0.09155580994282864
2252	0.09184732133211575
2528	0.09228066911037502
4633	0.09228066911037502
3892	0.09234755874248204
