72	0.0
177	0.0
551	0.0
709	0.0
803	0.0
1126	0.0
1136	0.0
1235	0.0
1429	0.0
1561	0.0
2040	0.0
2167	0.0
2408	0.0
2875	0.0
3338	0.0
3643	0.0
3963	0.0
3975	0.0
4237	0.0
5083	0.0
5414	0.0
6000	0.0
7018	0.0
7314	0.0
7957	0.0
8908	0.0
9064	0.0
9753	0.0
10441	0.0
10453	0.0
10485	0.0
10495	0.0
10503	0.0
10617	0.0
11224	0.0
11399	0.0
11423	0.0
12135	0.0
12253	0.0
12296	0.0
12584	0.0
12973	0.0
13047	0.0
13113	0.0
44	3.3334444481489256e-05
2122	3.3334444481489256e-05
3992	3.3334444481489256e-05
6916	3.3334444481489256e-05
7044	3.3334444481489256e-05
7618	3.3334444481489256e-05
7877	3.3334444481489256e-05
8780	3.3334444481489256e-05
8875	3.3334444481489256e-05
10463	3.3334444481489256e-05
10531	3.3334444481489256e-05
12072	3.3334444481489256e-05
12057	0.00013333777792592927
269	0.00036667888929629855
4142	0.00046668222274073856
2366	0.001466715557185222
799	0.0016333877795926405
10605	0.0017667255575185975
1113	0.003300110003666784
2993	0.003300110003666784
6275	0.003300110003666784
7158	0.003300110003666784
8711	0.003300110003666784
10421	0.003300110003666784
7213	0.0033334444481482733
92	0.0033667788926297626
4978	0.0033667788926297626
10500	0.0033667788926297626
11264	0.003400113337111252
8910	0.006600220007333568
1139	0.006633554451815057
4166	0.006633554451815057
108	0.006666888896296533
7225	0.006666888896296533
7255	0.006666888896296533
8777	0.006666888896296533
8891	0.006666888896296547
68	0.006700223340778036
7609	0.006700223340778036
234	0.009600320010667018
121	0.009966998899963317
148	0.009966998899963317
6913	0.009966998899963317
12246	0.009966998899963317
9639	0.010000333344444834
8682	0.01003366778892631
13094	0.010133671122370735
12233	0.010700356678555942
10517	0.011600386679555971
3008	0.011700390013000439
12309	0.012100403346778213
6646	0.012600420014000482
5991	0.01330044334811159
1171	0.01333377779259308
3693	0.01333377779259308
7136	0.01333377779259308
