13671	0.005000166672222407
5488	0.005033501116703897
8609	0.008366945564852166
9657	0.008366945564852166
12167	0.008366945564852166
1421	0.010000333344444806
11668	0.011633721124037471
7	0.011667055568518953
555	0.011667055568518953
4224	0.011733724457481921
4713	0.012767092236407884
4948	0.014067135571185703
11040	0.015033834461148709
11409	0.015167172239074642
8754	0.016700556685222856
7751	0.016733891129704324
197	0.0181339377979266
1563	0.018300610020334018
12403	0.019100636687889593
10767	0.019967332244408137
4509	0.01996733224440814
12305	0.021634054468482284
10742	0.02166738891296376
4594	0.02183406113537118
7831	0.022500750025000828
505	0.022800760025334186
7829	0.024867495583186103
2038	0.024967498916630554
4261	0.024967498916630557
6399	0.025167505583519448
2619	0.025500850028334267
11428	0.025667522250741683
1638	0.02646754891829728
5148	0.028267608920297345
8976	0.028300943364778817
7712	0.02830094336477882
6182	0.028334277809260306
7908	0.028334277809260306
9835	0.028334277809260306
211	0.02833427780926031
13330	0.02833427780926031
154	0.028467615587186235
6377	0.02936764558818628
13703	0.03130104336811228
1609	0.03160105336844561
6493	0.03160105336844562
614	0.0316343878129271
2669	0.0316343878129271
8616	0.0316343878129271
10835	0.0316343878129271
13507	0.0316343878129271
4201	0.031667722257408576
2923	0.03166772225740858
12434	0.03166772225740859
13417	0.03166772225740859
5553	0.03176772559085303
964	0.031801060035334505
8998	0.03320110670355678
11576	0.03323444114803827
2472	0.033267775592519755
8729	0.03336777892596421
10750	0.03370112337077902
1179	0.033701123370779025
7403	0.034267808926964245
6512	0.034334477815927196
2094	0.03483449448314943
1279	0.03496783226107536
3469	0.03496783226107536
8045	0.034967832261075374
5572	0.03500116670555685
2398	0.03500116670555686
5961	0.035067835594519835
5288	0.035667855595186496
13117	0.03580119337311244
10598	0.03583452781759393
8360	0.03666788892963098
11561	0.03666788892963098
4516	0.03776792559751991
7015	0.038234607820260676
1512	0.03826794226474215
3745	0.03826794226474216
2458	0.03830127670922363
6146	0.03830127670922364
5278	0.03830127670922366
3471	0.038334611153705116
11686	0.0384012800426681
4022	0.03920130671022368
726	0.03976799226640888
11057	0.03993466448881629
8759	0.03996799893329778
4138	0.04000133337777925
9769	0.04080136004533484
3676	0.0414680489349645
9088	0.04156805226840894
6994	0.04163472115737192
8286	0.04163472115737192
4113	0.04170139004633487
4258	0.04170139004633487
11413	0.04170139004633487
170	0.043001433381112696
