5116	0.16530506423792724
10648	0.22141774848459267
7972	0.24035171295007496
12231	0.293786714852591
11220	0.3405314179368967
6985	0.3551775014574063
5065	0.37508909605794005
2113	0.4151460567080218
12458	0.4155672524647142
1402	0.418479611527742
4373	0.4560926791205192
9767	0.4749824994166473
5656	0.4911083546709082
13388	0.49340381357193497
12416	0.5084603143404669
3923	0.5214610832624186
10385	0.5219948758604106
5978	0.5264280258617317
4528	0.5305254868584806
3054	0.5351949847603614
8666	0.5383238527125931
5247	0.5407047570482004
2606	0.5550069071421667
2106	0.5551840579747306
9851	0.573540076753952
9016	0.5755840802274234
3689	0.5899897454775807
2881	0.5901793727572413
3926	0.5986521735785841
1417	0.6117974278072367
417	0.6151642066998665
7270	0.618426522801596
2083	0.6218747982792292
12159	0.6297559695691083
3906	0.6319418005126369
6929	0.6368627003285838
7694	0.6450766865027049
3132	0.6460749360541673
6108	0.668543020553305
9721	0.6697032186468647
6093	0.6699440717143191
7616	0.6751776898694839
3958	0.6770640403732522
642	0.6777661830645192
2933	0.6829885410896082
8800	0.6903896796559885
2867	0.6931603316543105
10428	0.6957515072130052
8259	0.7152779117163438
6923	0.7184240578364876
6003	0.7185013179369077
7927	0.7186680983011585
2249	0.7219121328570485
1236	0.7220449143176567
11276	0.7266905563518784
2140	0.7351689861233948
840	0.7352678745924753
1173	0.7473651563190344
10776	0.7488549506834172
11829	0.7520227274019501
2032	0.7567802995885815
2271	0.7674566855684487
9098	0.7700693702053167
2265	0.778302867620671
5242	0.782565327428417
8873	0.7852476899731663
9155	0.7872136429073834
13	0.8000564935219134
1203	0.8018370957961698
2481	0.8030486189004516
75	0.8036144114502813
3165	0.8083154611285258
13202	0.8151503400169081
6918	0.8152479107163105
10583	0.8185150218496692
4063	0.8186480240534215
6184	0.8218355327563316
12929	0.8360694509214966
10396	0.8376600301392433
5205	0.8399466303280344
7916	0.8417832433879344
9528	0.8489342063910491
5228	0.8619161329903862
7051	0.8638986528090513
8984	0.8650622791105298
7530	0.866599630244085
10575	0.8693397873574603
1449	0.8751395392109502
5082	0.8767176308329563
6157	0.8851732069998766
12347	0.8927647365280069
7869	0.8937498585515838
11694	0.8989955183567434
4189	0.9055072136741236
70	0.9092919585613835
8756	0.9116970565685523
13125	0.9172491914724917
9029	0.9217859101434931
12336	0.9313166615029865
7298	0.9373074977638608
