3255	0.2281826374604644
12058	0.2587022979197346
12949	0.27963938797959925
12063	0.3461749391646388
13026	0.35617527250908365
12265	0.35970872362412076
9824	0.36124210807026896
12237	0.3914097803260108
6275	0.3963766125537518
2934	0.39967672255741854
13104	0.4030101670055668
7302	0.4063436114537151
7376	0.41631061035367845
740	0.4208950755874869
12513	0.4212441081369379
688	0.424421336920381
3056	0.42904436814560487
11239	0.43924470815693856
92	0.4437720473035376
4367	0.4498117270575685
5629	0.45294516483882796
2059	0.45977872595753194
3675	0.4605787526250875
2256	0.46107876929230973
6974	0.46216429567260087
4132	0.4630788359611987
296	0.4634121804060135
715	0.4662789426314211
5654	0.4663122770759025
12454	0.46801233374445816
11346	0.4709124304143471
9708	0.4726458215273842
2156	0.4753792459748658
8894	0.4765459515317177
3688	0.47671262375412515
1335	0.47761265375512524
9011	0.47807933597786595
11221	0.4809042654362989
1178	0.48127944264808825
12385	0.4849128970965699
2253	0.4896803697378148
2167	0.4898463948798293
11	0.49007973599119975
4244	0.4930131671055702
1124	0.4931798393279776
7576	0.49627994266475545
1126	0.4963466115537185
5004	0.4983891606844411
12939	0.502569723565949
13684	0.5029468315610521
10796	0.5030468348944965
367	0.5031801726724223
7211	0.5062469415647188
10346	0.5080470015667189
7197	0.5086719243582629
9008	0.5096071973640952
6913	0.5098393632728934
7809	0.5140138671289043
2301	0.5142981890246014
10530	0.5145910092427918
808	0.5146805560185339
7173	0.5163139437981266
9742	0.5163472782426081
13166	0.5195473849128305
11269	0.5195807193573119
5013	0.5197473915797193
9594	0.5199807326910897
9753	0.5230808360278676
190	0.5263476115870529
1151	0.5264142804760159
5980	0.5264142804760159
793	0.5281810060335344
12072	0.5284810160338678
6264	0.5297143904796826
1232	0.5305510183672789
7023	0.5313477782592753
1318	0.5329811660388679
11895	0.5329811660388679
3937	0.5330478349278309
4968	0.5339632249179547
6916	0.5342761085500236
8777	0.5361812727090903
720	0.5362812760425347
8043	0.5362812760425347
2392	0.5376146538217941
4238	0.5397813927130904
9814	0.5413585681614224
8827	0.5416481216040534
10348	0.5426148204940164
4093	0.5430481682722758
5146	0.5447148904963499
6110	0.5450515017167239
6002	0.5455149171639054
12442	0.546381612720424
1551	0.5468816293876463
4988	0.5472149738324611
13113	0.5494065488457458
3506	0.5495150505016834
12979	0.5498150605020167
1162	0.5508994090652695
