2073	0.008333611120370683
6205	0.014967165572185734
10590	0.015000500016667204
285	0.015600520017333891
10567	0.016700556685222856
6935	0.018300610020334007
3969	0.018367278909296965
8071	0.019967332244408144
11324	0.020900696689889642
444	0.021967398913297104
5099	0.023967465582186084
88	0.02473415780526016
11618	0.024834161138704618
1589	0.02483416113870464
10240	0.024900830027667582
11686	0.02503416780559351
4007	0.025134171139037955
11418	0.026667555585186162
4933	0.028134271142371416
110	0.028300943364778813
4585	0.028300943364778838
12214	0.02856761892063069
6512	0.02896763225440849
7434	0.03146771559051967
11771	0.03150105003500115
7015	0.03153438447948265
145	0.03166772225740856
4022	0.03250108336944564
6265	0.03256775225840863
12122	0.03470115670522352
2094	0.03486782892763093
5278	0.03493449781659388
2348	0.0349344978165939
1111	0.03496783226107537
3640	0.03496783226107537
7735	0.03660122004066803
682	0.03826794226474216
2038	0.038334611153705136
6146	0.038334611153705136
11704	0.03846794893163108
825	0.0393346444881496
13443	0.04093469782326077
2017	0.04133471115703859
7184	0.041501383379446
7830	0.041601386712890424
11419	0.04160138671289045
7389	0.04163472115737191
10469	0.041668055601853396
5306	0.04166805560185341
1474	0.04320144004800162
12205	0.043334777825927526
11070	0.04343478115937199
12113	0.04480149338311278
5961	0.044968165605520166
10482	0.04496816560552019
6182	0.044968165605520194
7908	0.044968165605520194
9835	0.044968165605520194
520	0.04506816893896462
1573	0.046568218940631345
1746	0.04660155338511282
8754	0.046601553385112834
3655	0.04663488782959431
5106	0.04810160338677955
10822	0.04823494116470549
985	0.04826827560918697
3654	0.04826827560918697
11244	0.04826827560918697
8299	0.04826827560918699
4419	0.048301610053668446
2240	0.04830161005366845
13436	0.04830161005366846
8360	0.04830161005366847
12354	0.04833494449814992
278	0.048334944498149936
4745	0.04833494449814994
2458	0.048401613387112914
4290	0.05003500116670556
6341	0.05023500783359443
10696	0.05083502783426114
9810	0.05086836227874261
8580	0.05143504783492784
9088	0.05146838227940931
4170	0.0515017167238908
12485	0.0515017167238908
7401	0.051568385612853776
10851	0.051568385612853776
1563	0.051668388946298216
11668	0.051668388946298216
10170	0.05250175005833527
11602	0.05260175339177971
5224	0.05330177672589088
7315	0.05493516450548352
4038	0.054968498949965
2490	0.054968498949965014
13363	0.055001833394446475
4119	0.05503516783892796
12294	0.05526850895029836
12595	0.055301843394779844
8130	0.056035201173372434
