2583	0.0
3766	0.0004666822227407559
9769	0.0008333611120370683
10598	0.0008333611120370683
13664	0.0013667122237407923
373	0.0017333911130371013
3919	0.0017667255575185819
11428	0.001800060002000066
4341	0.0018333944464815483
5127	0.0024667488916297227
1528	0.0025000833361112033
8300	0.0025000833361112033
13265	0.0025334177805926873
5099	0.0026334211140371325
11386	0.0026334211140371343
1569	0.002966765558851961
3471	0.003366778892629755
12466	0.0035667855595186513
4564	0.004833494449814993
13270	0.004833494449814993
11621	0.004866828894296477
6330	0.004966832227740924
9935	0.004966832227740924
10132	0.004966832227740924
13380	0.004966832227740924
9810	0.005033501116703889
4046	0.005033501116703891
6469	0.005033501116703891
7953	0.005033501116703891
8953	0.005033501116703891
11413	0.005033501116703891
13052	0.005033501116703891
3637	0.005066835561185373
7695	0.005066835561185373
9329	0.0051001700056668535
7434	0.005133504450148339
2385	0.00516683889462982
4684	0.00516683889462982
6832	0.00516683889462982
7062	0.00516683889462982
8018	0.00516683889462982
10840	0.00516683889462982
11316	0.00516683889462982
12663	0.006800226674222473
13597	0.006800226674222473
6341	0.006933564452148398
7879	0.008066935564518818
568	0.008133604453481779
12049	0.008300276675889198
13144	0.008300276675889198
125	0.00833361112037068
682	0.00833361112037068
1445	0.00833361112037068
1672	0.00833361112037068
1844	0.00833361112037068
2239	0.00833361112037068
2348	0.00833361112037068
2660	0.00833361112037068
3059	0.00833361112037068
3124	0.00833361112037068
3716	0.00833361112037068
3728	0.00833361112037068
3750	0.00833361112037068
4009	0.00833361112037068
4524	0.00833361112037068
4575	0.00833361112037068
4984	0.00833361112037068
5315	0.00833361112037068
5447	0.00833361112037068
5816	0.00833361112037068
7039	0.00833361112037068
7401	0.00833361112037068
8375	0.00833361112037068
8624	0.00833361112037068
9143	0.00833361112037068
9292	0.00833361112037068
9815	0.00833361112037068
10521	0.00833361112037068
10632	0.00833361112037068
10750	0.00833361112037068
11602	0.00833361112037068
11922	0.00833361112037068
11944	0.00833361112037068
12412	0.00833361112037068
12571	0.00833361112037068
12666	0.00833361112037068
12672	0.00833361112037068
12977	0.00833361112037068
13173	0.00833361112037068
13471	0.00833361112037068
13635	0.00833361112037068
8579	0.008366945564852162
10357	0.008366945564852162
13238	0.008366945564852162
13462	0.008366945564852162
830	0.008433614453815127
1589	0.008433614453815127
1972	0.008433614453815127
8975	0.008433614453815127
506	0.00846694889829661
