199	0.0
634	0.0
3415	0.0
6337	0.0
7166	0.0
12268	0.0
13463	0.0
4032	3.333444448148275e-05
7079	0.000266675555851862
1319	0.0008000266675555852
6997	0.0010000333344444812
718	0.0016667222240741332
8033	0.0016667222240741362
8732	0.0016667222240741362
11468	0.0017000566685556155
6107	0.001700056668555616
9797	0.0018333944464815496
6128	0.00200006666888896
9770	0.002066735557851928
8972	0.0022334077802593417
2313	0.0028667622254075153
7836	0.0029667655588519657
13636	0.0032001066702223406
3332	0.0032334411147038264
9083	0.0032334411147038264
452	0.003300110003666789
592	0.003300110003666789
1081	0.003300110003666789
1259	0.003300110003666789
1961	0.003300110003666789
1973	0.003300110003666789
2196	0.003300110003666789
2486	0.003300110003666789
2547	0.003300110003666789
2551	0.003300110003666789
2572	0.003300110003666789
3042	0.003300110003666789
3114	0.003300110003666789
3169	0.003300110003666789
4361	0.003300110003666789
4586	0.003300110003666789
4811	0.003300110003666789
5399	0.003300110003666789
5535	0.003300110003666789
5593	0.003300110003666789
5634	0.003300110003666789
5843	0.003300110003666789
5917	0.003300110003666789
6183	0.003300110003666789
6241	0.003300110003666789
6497	0.003300110003666789
6501	0.003300110003666789
6807	0.003300110003666789
6816	0.003300110003666789
7472	0.003300110003666789
7516	0.003300110003666789
7571	0.003300110003666789
7649	0.003300110003666789
7716	0.003300110003666789
8159	0.003300110003666789
8248	0.003300110003666789
8364	0.003300110003666789
8519	0.003300110003666789
8865	0.003300110003666789
9133	0.003300110003666789
9186	0.003300110003666789
9305	0.003300110003666789
9650	0.003300110003666789
9663	0.003300110003666789
9937	0.003300110003666789
10037	0.003300110003666789
10290	0.003300110003666789
10470	0.003300110003666789
12401	0.003300110003666789
12587	0.003300110003666789
12788	0.003300110003666789
12998	0.003300110003666789
13182	0.003300110003666789
13506	0.003300110003666789
13747	0.003300110003666789
48	0.003300110003666791
8928	0.003300110003666791
7765	0.00333344444814827
10089	0.00333344444814827
11544	0.00333344444814827
11766	0.00333344444814827
13188	0.00333344444814827
10981	0.003333444448148271
945	0.003333444448148272
1689	0.003333444448148272
3344	0.003333444448148272
5052	0.003333444448148272
3199	0.0033334444481482733
7336	0.0033334444481482733
9645	0.0033334444481482733
10192	0.0033334444481482733
10582	0.0033334444481482733
11351	0.0033334444481482733
725	0.0033667788926297544
3646	0.0033667788926297544
