8399	0.001700056668555626
9178	0.004966832227740928
5078	0.005000166672222415
1200	0.006666888896296538
5944	0.006766892229740992
3161	0.007533584452815094
2382	0.00833361112037068
2946	0.008433614453815127
12223	0.009966998899963334
8279	0.010000333344444817
9579	0.010000333344444817
3438	0.010033667788926297
1592	0.011633721124037466
13289	0.011667055568518958
1192	0.011700390013000434
13219	0.011833727790926365
7836	0.012067068902296743
10803	0.013300443348111604
10613	0.013333777792593083
5007	0.013367112237074569
5353	0.013367112237074572
11249	0.013367112237074576
1378	0.013833794459815326
3334	0.014800493349778326
5607	0.014800493349778326
2333	0.014800493349778327
4342	0.014967165572185744
9897	0.014967165572185748
12719	0.014967165572185748
4427	0.015000500016667216
10956	0.015000500016667223
7308	0.015033834461148705
7007	0.01510050335011167
11328	0.016700556685222842
12342	0.017000566685556183
9212	0.018133937797926606
11417	0.018267275575852518
12600	0.018300610020334007
9837	0.01830061002033401
10880	0.018300610020334014
12397	0.018300610020334014
11521	0.01833394446481549
65	0.018333944464815496
5634	0.018333944464815496
10048	0.018333944464815496
10872	0.018333944464815496
12269	0.018333944464815496
12447	0.018333944464815496
9740	0.018333944464815503
12344	0.01836727890929698
9581	0.018467282242741426
1257	0.019300643354778484
1607	0.01936731224374146
2615	0.02003400113337112
7502	0.020267342244741485
809	0.020300676689222977
10151	0.020634021134037804
1439	0.020667355578519286
8044	0.02113403780126004
7945	0.02136737891263042
7004	0.021400713357111915
12920	0.021600720024000798
7257	0.021600720024000805
5283	0.02163405446848228
7620	0.02163405446848228
11514	0.02163405446848228
13167	0.02163405446848228
5244	0.021667388912963763
2291	0.021667388912963766
4565	0.021667388912963766
12382	0.021667388912963766
1416	0.02166738891296377
2211	0.02170072335744525
10962	0.021700723357445252
11737	0.02173405780192673
12278	0.021867395579852657
9630	0.022467415580519352
2072	0.02316743891463049
10061	0.02330077669255642
2446	0.0233341111370379
180	0.023334111137037903
3524	0.02333411113703791
9690	0.02336744558151938
8970	0.02336744558151939
679	0.02340078002600087
7046	0.023634121137371247
12431	0.024167472249074964
6173	0.02416747224907497
1577	0.02493416447214907
306	0.024934164472149075
453	0.02496749891663055
10020	0.024967498916630554
362	0.024967498916630557
12356	0.024967498916630557
5539	0.02496749891663056
3422	0.025000833361112036
11659	0.025000833361112036
12509	0.025000833361112036
2698	0.025000833361112043
6116	0.025000833361112043
