9579	0.0018333944464815483
10918	0.002583820196954246
1346	0.003100103336777893
12626	0.0037964489780266137
1295	0.003900130004333478
6956	0.003929786755952545
4139	0.004200140004666822
2250	0.004796482312471095
873	0.005063157868322957
4164	0.00509649231280444
220	0.005329833424174818
1350	0.005329833424174818
5007	0.005329833424174818
5650	0.005329833424174818
11764	0.005463171202100747
11328	0.005596508980026681
6545	0.006063191202767439
9543	0.006129860091730404
3344	0.0065335511183706105
6930	0.0066668888962965415
4615	0.006666888896296543
2101	0.006963221203767472
4606	0.006963221203767472
5207	0.006963221203767472
12426	0.006963221203767472
2186	0.006996555648248954
6056	0.007096558981693401
10418	0.007096558981693402
1268	0.007129893426174884
3303	0.007129893426174884
11536	0.007129893426174884
3145	0.007129893426174887
1304	0.007133571119037301
8970	0.007229896759619332
2092	0.007263231204100815
2453	0.007263231204100815
3251	0.007263231204100815
7926	0.007263231204100815
10004	0.007263231204100815
13322	0.007263231204100815
1197	0.007296565648582297
2775	0.007296565648582297
6152	0.007296565648582297
7496	0.007296565648582297
11666	0.007296565648582297
106	0.007296565648582299
4534	0.007296565648582299
477	0.0072965656485823
10049	0.007666922230741025
13115	0.007829916760286023
11848	0.007863251204767505
11574	0.007901866340668744
7372	0.008033601120037334
9827	0.008129926760619365
12627	0.008129926760619365
8033	0.008200273342444747
8732	0.008200273342444747
5494	0.008229930094063812
7970	0.00856327453887864
12774	0.008629943427841605
1939	0.008663277872323088
3948	0.008663277872323088
9690	0.008663277872323088
10241	0.008663277872323088
11677	0.008663277872323088
606	0.008663277872323091
10134	0.008663277872323091
5404	0.008766958898629955
12197	0.008829950094730503
8883	0.008929953428174951
9811	0.008929953428174951
10305	0.008929953428174951
1114	0.008963287872656432
1277	0.008963287872656432
3817	0.008963287872656432
7733	0.008963287872656432
8847	0.008963287872656432
416	0.009229963428508299
1607	0.009266975565852195
4671	0.009396635650915709
1509	0.009400313343778124
10383	0.009463304539878675
9743	0.00946858523129843
7288	0.009763314540212018
9440	0.009796648984693502
5261	0.009833661122037402
12623	0.009866995566518884
2165	0.009963321207100913
838	0.010133671122370746
2208	0.010133671122370746
7368	0.010133671122370746
1416	0.010167005566852228
2950	0.01026333120743426
725	0.010296665651915742
3646	0.010296665651915742
3596	0.010296665651915745
945	0.010330000096397224
1689	0.010330000096397224
5052	0.010330000096397224
7765	0.010330000096397226
