1499	0.012967098903296784
2247	0.015067168905630193
32	0.02262216321369017
10768	0.024067468915630514
5186	0.024100803360112003
2128	0.02588938025916361
6925	0.02593353334743266
4473	0.028933081492905948
6988	0.02903430114337143
12372	0.029234307810260336
6418	0.03170105670189006
11761	0.032567752258408605
6536	0.03329227808151019
2083	0.034101136704556806
8692	0.034967832261075374
5994	0.03796726780524791
2155	0.039067968932297734
12502	0.03920130671022366
3926	0.03938983027416409
11247	0.03947835050466007
7918	0.04076802560085335
2160	0.040768025600853366
3980	0.04080113707246205
3993	0.040889990647402855
8892	0.041252033930673934
4049	0.042534751158371936
8850	0.04267845717488242
6580	0.042745236435417416
1164	0.043678380137754866
7232	0.04413458152061033
11456	0.04420147338244608
10697	0.044289993612942065
7704	0.04581256387476014
12959	0.0459123442353318
3708	0.0462354218942192
454	0.046301097439033906
11460	0.04726824227474248
2118	0.047434691524277116
287	0.04750158338611285
2881	0.047595955539655094
1201	0.049034967832261064
5567	0.04936831227707589
1639	0.04961202162703083
2510	0.05073502450081668
9545	0.05080169338977966
10983	0.0509235480647571
2328	0.051068368945631507
7670	0.051068368945631507
13023	0.05112355473164601
135	0.05119044659348175
2932	0.05253508450281675
1270	0.05256841894729823
2214	0.05257945610450113
756	0.052601530418906924
4176	0.053490300289831275
1364	0.05417950943961229
8897	0.05464762426306071
11502	0.05496286777006278
995	0.055535184506150186
11664	0.055746117958669975
2895	0.05583519450648354
9037	0.05585715844931731
3033	0.055901863395446505
3275	0.055901863395446505
3348	0.055901863395446505
12242	0.05594556607851253
9392	0.05601212459590348
11513	0.056035201173372434
2953	0.05618608580152225
644	0.05626854228474282
369	0.05668775804232494
8428	0.057468582286076195
7931	0.05754561941362371
10664	0.05790193006433547
4906	0.05803570932854952
321	0.058331962235976434
13493	0.0591686389546318
3906	0.05920197339911329
4063	0.05923530784359478
4718	0.059278900155088785
9283	0.059278900155088785
556	0.05950176042657385
9145	0.05974812761317237
9623	0.060013037223871774
4954	0.06045753253090599
13064	0.061245632379496276
574	0.061668722290743015
2162	0.06184576275173498
3046	0.06238519098908647
3253	0.06253541784726156
1452	0.06256875229174305
6243	0.06256875229174305
7811	0.06294568904805187
8722	0.06341225866949188
5696	0.06410213673789125
12919	0.0642021400713357
10754	0.0642352515429444
11441	0.06432134582858451
13076	0.06443436631834216
5965	0.06483792269106851
