4909	0.030134337811260355
370	0.03483449448314946
3648	0.05823527450915033
4947	0.06486882896096538
694	0.06486882896096541
3301	0.06823560785359514
3538	0.06833561118703954
13139	0.06833561118703955
2156	0.06846894896496547
9532	0.06850228340944697
9394	0.07146904896829896
7626	0.07156905230174342
879	0.07156905230174343
6259	0.07166905563518787
3974	0.07320244008133606
2858	0.07480249341644724
4422	0.07496916563885461
2406	0.07846928230941028
9011	0.07986932897763262
3920	0.0814360478682623
11398	0.08173605786859559
12279	0.08176939231307706
4556	0.08320277342578086
5408	0.08320277342578088
4551	0.08480282676089204
9625	0.08506950231674384
7381	0.08510283676122535
11338	0.08510283676122535
9945	0.08513617120570682
5201	0.08513617120570685
6019	0.08513617120570685
144	0.08646954898496617
174	0.08646954898496617
2058	0.08650288342944766
1426	0.08653621787392915
12620	0.0867695589852995
7690	0.0876029200973366
7004	0.08783626120870697
2489	0.08813627120904033
3937	0.08813627120904033
2021	0.08816960565352178
10568	0.0881696056535218
8444	0.08820294009800328
5005	0.08870295676522554
9594	0.08873629120970698
793	0.09000300010000334
4972	0.09006966898896629
3908	0.09010300343344776
10348	0.09133637787926265
468	0.09146971565718859
3104	0.09146971565718859
9593	0.09150305010167006
7692	0.0917697256575219
1625	0.09176972565752191
297	0.0918030601020034
5056	0.09183639454648487
10424	0.09316977232574424
12127	0.09343644788159602
2	0.09343644788159604
11312	0.09440314677155906
1362	0.09456981899396649
12062	0.09480316010533685
5294	0.09506983566118873
11642	0.09510317010567015
5283	0.09813660455348514
8707	0.09816993899796661
10551	0.09816993899796661
13035	0.09816993899796661
1301	0.09820327344244809
1367	0.0982032734424481
9843	0.09846994899829992
9809	0.0987032901096703
10388	0.10017000566685554
6256	0.10017000566685555
2104	0.10053668455615188
11233	0.10083669455648525
10487	0.10093669788992965
8161	0.10147004900163341
3936	0.10147004900163342
7933	0.10150338344611487
9076	0.10150338344611488
12224	0.10150338344611488
1181	0.10150338344611491
2435	0.1016367212240408
8724	0.10177005900196671
5297	0.1018033934464482
12914	0.10313677122570755
13227	0.1034701156705223
10546	0.10350345011500384
13063	0.10450348344944832
4161	0.10463682122737422
2117	0.10467015567185571
9779	0.10477015900530019
1579	0.10480349344978168
6553	0.10483682789426314
12920	0.10483682789426314
35	0.10483682789426316
7871	0.10483682789426316
9950	0.10483682789426316
12997	0.10483682789426316
