2897	0.0
3926	0.00013333777792592927
32	0.00013377926421405395
11694	0.0004333477782592736
10697	0.001700056668555619
10537	0.0029335414859425063
2128	0.0032334411147038264
2940	0.0033001100036667876
8677	0.0033001100036667876
1251	0.00333344444814827
7163	0.00333344444814827
7881	0.00333344444814827
9944	0.00333344444814827
10983	0.00333344444814827
4151	0.0033334444481482733
6964	0.0033334444481482733
4152	0.00336688926420178
10410	0.00336688926420178
4157	0.004437123377914163
12159	0.004536243738782381
8892	0.00470468190634225
13023	0.004833494449814995
12349	0.004972240434770344
5560	0.005167280380917943
10396	0.005833638155831503
7129	0.006544146789285384
7356	0.006666888896296543
7915	0.0067002233407780255
454	0.007044604942795751
2064	0.008038126354490523
7982	0.008271246722716848
3725	0.00831672204012152
2881	0.008327759197324418
13202	0.008542668256165953
1895	0.008840801939774805
2400	0.009133637787926264
10600	0.009133637787926264
6091	0.009178119761182671
13112	0.00988862839463656
11441	0.009936313373210546
10913	0.009966998899963333
9942	0.009989073214369131
3848	0.010000333344444815
4658	0.010000333344444815
6438	0.010000333344444815
6653	0.010000333344444815
7435	0.010000333344444815
10045	0.010000333344444815
7242	0.010000443716016843
11225	0.0100224076588506
8698	0.010134112608658869
1410	0.010145149765861766
5624	0.01015618692306466
8727	0.010166782593979441
4610	0.010311380501981063
4473	0.0103567454478137
12347	0.010836453745782614
10917	0.010934139276214455
9789	0.011371570802638795
2123	0.011467490387918179
12329	0.011533828162165048
3723	0.01186750372169597
114	0.011967507055140419
9721	0.012151728357500436
100	0.012418403913352298
3689	0.012429220327411141
3171	0.01321103568558193
13127	0.01330011000366679
8485	0.013300443348111604
11458	0.013333444448148272
767	0.013333777792593086
12093	0.013344814949795983
3306	0.013355852106998887
10650	0.01346755705680714
4396	0.013467557056807144
2242	0.013500227042127715
3091	0.013522965815694416
6925	0.013722972482583314
13142	0.013723745083587511
5994	0.013989648038435176
3126	0.014035785585272024
2425	0.014136563749449403
11587	0.014169898193930889
3732	0.014889236553147087
10754	0.014989239886591541
8690	0.015006018595268674
4781	0.015072574882930876
6247	0.015133837794593152
4347	0.015139356373194602
7051	0.015304814508309702
11502	0.015661336983250618
5273	0.01567778457721165
4850	0.015800193339777995
7589	0.015867082971885015
8897	0.016176587157141587
13102	0.01636732261198004
53	0.016511476803964822
10071	0.016544480133730204
11291	0.016622627666184192
8811	0.016655962110665674
