2104	0.0
2406	0.0
3323	0.0
5156	0.0
9179	3.834796947501523e-05
1255	0.0019557464432258323
9882	0.003834796947501629
12158	0.003834796947501629
13333	0.003834796947501629
11543	0.003970436147230352
7957	0.006612410986775178
68	0.006672546688652836
4014	0.006781959986436079
4760	0.006781959986436079
4926	0.006781959986436079
6388	0.006781959986436079
7038	0.006781959986436079
10582	0.006781959986436079
11572	0.006781959986436079
12337	0.006781959986436079
2921	0.006917599186164799
9641	0.006917599186164799
11815	0.006917599186164799
12472	0.006917599186164799
12614	0.007225776940719667
2146	0.007569514667240075
6094	0.007631245925528244
488	0.008699358460186893
13047	0.009195534891951377
7030	0.009563609079940923
7173	0.009755348927316006
8805	0.01017273842199835
7332	0.01017293997965412
7758	0.01017293997965412
337	0.010616756933937708
1376	0.010616756933937708
2868	0.010616756933937708
4257	0.010616756933937708
5312	0.010616756933937708
7187	0.010616756933937708
11277	0.010616756933937708
13498	0.010616756933937708
2059	0.01061675693393771
13053	0.01061675693393771
2993	0.010637352225241382
12457	0.010655104903412725
9970	0.010752396133666428
175	0.01075239613366643
2454	0.01075239613366643
5146	0.010770148811837774
13344	0.010770148811837774
10667	0.010786305933598611
3400	0.011460412262388068
5001	0.011504390842504892
5153	0.01174500517047402
8828	0.011767196018188198
7717	0.011868429976263136
7580	0.012032990749036757
12945	0.012104349961410814
4238	0.012239439103795081
7018	0.012304067590838427
10691	0.012731727423361183
12284	0.01330111479718885
3501	0.01344238460755938
12365	0.014451553881439339
118	0.015128208939295295
8762	0.015339187790006521
12338	0.0164758169239069
3226	0.016819260766361477
8358	0.0169548999660902
3975	0.017020867836265434
12151	0.01722472975117005
8948	0.017398716920373786
4088	0.01757972869897407
11035	0.01817130692051592
12120	0.01828635082894097
12949	0.01828635082894097
9594	0.01859452858349584
4027	0.01873016778322456
4901	0.01886580698295328
5295	0.01901496224896628
8047	0.01901496224896628
2392	0.019135636768033135
4068	0.019135636768033135
4368	0.019135636768033135
9015	0.019135636768033135
9793	0.019135636768033135
72	0.01917398473750815
3931	0.01917398473750815
6311	0.01917398473750815
9033	0.01917398473750815
13041	0.01917398473750815
10882	0.01920670209634136
1241	0.019265645357120047
712	0.01927571413730469
2869	0.019303993326595065
3007	0.019880606867475052
3497	0.02021024075957952
1113	0.0202420972721668
9642	0.020297446304812936
