3339	0.0
3394	3.3334444481489256e-05
6369	3.3334444481489256e-05
3099	0.003300110003666784
6913	0.003300110003666784
1400	0.0033334444481482733
9642	0.0033384579731417993
546	0.0035717990845121686
427	0.006666888896296533
10950	0.006666888896296547
13286	0.006671902421290073
9635	0.00766692223074103
9068	0.008550952925565854
11221	0.008622635339522379
6944	0.008900296676555897
1124	0.009700323344111472
13248	0.009900330011000352
7158	0.010000333344444806
8969	0.010000333344444806
9820	0.010000333344444806
7573	0.010005346869438332
4096	0.01080036001200041
185	0.012005413538327327
9796	0.012033734457815248
3959	0.01297211242829032
3643	0.01333377779259308
7609	0.01333377779259308
12246	0.01333377779259308
13197	0.013347278006121052
533	0.013367112237074569
808	0.013367112237074569
2314	0.013367112237074569
4237	0.013367112237074569
8169	0.013367112237074569
9636	0.013367112237074569
10765	0.013367112237074569
11462	0.013367112237074569
6974	0.013372125762068095
72	0.015000500016667223
6059	0.015327872205293941
4978	0.01536985057022575
7934	0.015790876735172286
8805	0.01598608974608827
4238	0.01630508518069085
887	0.01637175406965382
8669	0.016705570210216382
8872	0.01873897132358681
13053	0.019139314460895545
565	0.019967332244408165
3506	0.019967332244408165
4729	0.019967332244408165
7547	0.019967332244408165
7645	0.019967332244408165
12309	0.019967332244408165
10346	0.02000066668888964
11643	0.02000066668888964
12300	0.021124717655740453
2544	0.02184638274868396
3097	0.02247409474117494
5422	0.02247409474117494
10849	0.02247409474117494
13162	0.022507429185656423
1178	0.023304249856097317
9054	0.0233341111370379
900	0.02336744558151939
1379	0.02336744558151939
3133	0.02336744558151939
12965	0.02336744558151939
13011	0.02336744558151939
6143	0.024871503079579457
12465	0.025025162123905764
5990	0.025039181330587044
2454	0.025339521134451325
4172	0.02533952113445134
4409	0.02550752918898986
3675	0.025734191139704654
13498	0.02630889168867656
2403	0.02671220561438024
374	0.026761869168567848
2944	0.02796920191852135
92	0.02800894835723218
13245	0.028169271222514947
3931	0.028334277809260303
9033	0.028334277809260303
10432	0.028334277809260303
12055	0.028334277809260303
4988	0.028706300027081088
9641	0.029274321415397424
3611	0.02959267258263726
9661	0.029642336136824834
7020	0.030001000033334432
10379	0.030001000033334432
435	0.03003433447781592
720	0.03003433447781592
1166	0.03003433447781592
1290	0.03003433447781592
2096	0.03003433447781592
8025	0.03003433447781592
9727	0.03003433447781592
12097	0.03003433447781592
