346	3.344481605351002e-05
603	3.344481605351002e-05
1452	3.344481605351002e-05
1485	3.344481605351002e-05
2998	3.344481605351002e-05
3080	3.344481605351002e-05
3275	3.344481605351002e-05
3348	3.344481605351002e-05
3409	3.344481605351002e-05
3952	3.344481605351002e-05
4246	3.344481605351002e-05
4459	3.344481605351002e-05
4794	3.344481605351002e-05
5202	3.344481605351002e-05
5485	3.344481605351002e-05
5797	3.344481605351002e-05
5979	3.344481605351002e-05
7669	3.344481605351002e-05
8317	3.344481605351002e-05
8347	3.344481605351002e-05
9181	3.344481605351002e-05
9210	3.344481605351002e-05
9263	3.344481605351002e-05
9270	3.344481605351002e-05
10051	3.344481605351002e-05
10095	3.344481605351002e-05
10361	3.344481605351002e-05
10390	3.344481605351002e-05
11345	3.344481605351002e-05
11491	3.344481605351002e-05
12175	3.344481605351002e-05
12459	3.344481605351002e-05
12468	3.344481605351002e-05
12502	3.344481605351002e-05
13446	3.344481605351002e-05
3680	0.00016722408026755703
12982	0.0003667892608683371
995	0.0003667892608683375
8158	0.0003667892608683375
10075	0.000769230769230772
4069	0.0009001403725720611
12052	0.0009001403725720611
12215	0.0009001403725720611
12946	0.001400157039794301
7452	0.0017001670401276458
10544	0.0017001670401276458
10552	0.0017335014846091286
659	0.002033511484942473
2057	0.002033511484942473
9643	0.002033511484942473
4971	0.002700200374572127
12068	0.0028002037080165757
3774	0.003233551486275851
4280	0.003233551486275851
4352	0.003300110003666789
1183	0.003333444448148272
287	0.003333554819720299
1011	0.003333554819720299
1066	0.003333554819720299
1091	0.003333554819720299
1095	0.003333554819720299
2482	0.003333554819720299
2593	0.003333554819720299
2895	0.003333554819720299
4414	0.003333554819720299
4506	0.003333554819720299
4527	0.003333554819720299
4582	0.003333554819720299
4648	0.003333554819720299
4992	0.003333554819720299
5398	0.003333554819720299
5803	0.003333554819720299
6066	0.003333554819720299
6811	0.003333554819720299
6850	0.003333554819720299
7185	0.003333554819720299
7219	0.003333554819720299
7468	0.003333554819720299
7949	0.003333554819720299
8113	0.003333554819720299
8284	0.003333554819720299
8342	0.003333554819720299
8354	0.003333554819720299
8381	0.003333554819720299
8495	0.003333554819720299
8605	0.003333554819720299
8678	0.003333554819720299
8741	0.003333554819720299
9275	0.003333554819720299
9386	0.003333554819720299
9407	0.003333554819720299
10680	0.003333554819720299
10903	0.003333554819720299
11206	0.003333554819720299
11802	0.003333554819720299
11834	0.003333554819720299
12044	0.003333554819720299
12069	0.003333554819720299
12368	0.003333554819720299
13294	0.003333554819720299
