37	0.01090036334544485
2171	0.011600386679555987
6192	0.011733724457481916
7992	0.011733724457481916
11653	0.011733724457481916
12123	0.011733724457481916
9026	0.011767058901963398
11685	0.011767058901963398
11033	0.01190039667988933
7672	0.012600420014000467
12437	0.012600420014000467
3991	0.01336711223707457
6119	0.01336711223707457
10162	0.01336711223707457
3281	0.013400446681556051
6528	0.013400446681556051
4058	0.01376712557085236
254	0.014200473349111637
1521	0.014400480016000534
706	0.01476715890529684
9614	0.015033834461148705
6112	0.015067168905630183
10963	0.015067168905630188
12834	0.015067168905630188
4240	0.01506716890563019
5342	0.01506716890563019
7259	0.01506716890563019
11222	0.01506716890563019
12365	0.01506716890563019
12974	0.01506716890563019
8391	0.015100503350111665
2477	0.015100503350111672
4137	0.015100503350111672
6006	0.015100503350111672
8921	0.015100503350111672
9325	0.015100503350111672
10490	0.015100503350111672
213	0.015200506683556119
1819	0.015200506683556119
8876	0.015200506683556126
13132	0.01593386446214874
3834	0.016700556685222842
7707	0.016700556685222842
2396	0.016733891129704324
2813	0.016733891129704324
3665	0.016733891129704324
5318	0.016733891129704324
6207	0.016733891129704324
7586	0.016733891129704324
9715	0.0167672255741858
12137	0.016967232241074694
8687	0.017200573352445084
2144	0.018100603353445113
2354	0.018267275575852532
386	0.01840061335377846
1188	0.01840061335377846
1356	0.01840061335377846
4021	0.01840061335377846
6321	0.01840061335377846
8898	0.01840061335377846
9260	0.01840061335377846
9682	0.01840061335377846
10636	0.01840061335377846
12337	0.01840061335377846
333	0.01853395113170439
11242	0.018533951131704394
5352	0.018767292243074767
7668	0.019267308910297015
2954	0.020034001133371115
4659	0.020034001133371115
4756	0.02010067002233408
4692	0.020167338911297048
4687	0.020400680022667428
1621	0.02073402446748225
8968	0.020867362245408177
9882	0.021000700023334103
4139	0.0210340344678156
5372	0.021134037801260046
1217	0.021600720024000798
422	0.02170072335744525
8846	0.02170072335744525
7584	0.021700723357445252
8058	0.021700723357445252
1977	0.02173405780192673
10712	0.02173405780192673
33	0.021734057801926734
2926	0.021734057801926734
5117	0.021734057801926734
10438	0.021734057801926734
12184	0.021734057801926734
4348	0.02176739224640821
1308	0.021767392246408213
6389	0.021767392246408217
12161	0.021767392246408217
691	0.02183406113537118
620	0.021867395579852664
791	0.021867395579852664
4037	0.021867395579852664
4456	0.021867395579852664
4615	0.021867395579852664
