6087	0.11177039234641159
5000	0.11350378345944873
12113	0.13707123570785695
2945	0.14193806460215339
9134	0.14347144904830167
9546	0.17693923130771022
13177	0.19733991133037765
12485	0.19937331244374812
11279	0.21714057135237838
497	0.2200406680222674
4038	0.2201740058001934
3239	0.2215407180239341
5041	0.23484116137204572
12469	0.23697456581886067
12144	0.23794126470882362
6105	0.24000800026667557
836	0.24657488582952763
8874	0.24677489249641651
7379	0.2500083336111204
13054	0.2502083402780093
11324	0.25087502916763893
7724	0.25410847028234285
10533	0.25700856695223173
3150	0.2599086636221208
4207	0.2599419980666022
10528	0.26317543918130604
8038	0.26474215807193574
8890	0.26660888696289875
5192	0.27000900030001
13264	0.274775825860862
708	0.27510917030567683
7152	0.27827594253141763
11418	0.27847594919830665
11853	0.28110937031234373
2047	0.2831761058701957
12474	0.28337611253708456
11419	0.28667622254075137
2923	0.2867762258741958
3969	0.2868095603186773
9562	0.2899096636554552
2899	0.2899429980999366
6398	0.2899763325444181
8751	0.2919763992133071
4162	0.2931764392146405
4940	0.29344311477049234
10693	0.29344311477049234
11427	0.29980999366645555
2877	0.3001100036667889
695	0.30427680922697425
3	0.3048768292276409
414	0.3066102203406781
10813	0.3097769925664189
5953	0.3098769958998633
10670	0.3100103336777893
2202	0.313510450348345
7907	0.31457715257175245
278	0.31511050368345617
11292	0.31664388812960437
487	0.31764392146404885
10458	0.31881062702090074
4290	0.3217440581352712
2278	0.32181072702423413
5099	0.32641088036267873
13030	0.32661088702956775
10492	0.3270109003633455
6117	0.32727757591919737
2458	0.3287109570319011
12326	0.32984432814427145
4945	0.32997766592219735
3315	0.3299776659221974
11302	0.3303443448114937
2398	0.3334444481482716
4920	0.33674455815193843
7	0.3369445648188273
12198	0.3399779992666422
2226	0.3409113637121237
1250	0.3431114370479016
3656	0.343344778159272
13130	0.3465782192739758
5162	0.3466115537184573
9530	0.34664488816293876
1137	0.34731157705256843
5176	0.34914497149905
823	0.352878429280976
2216	0.35331177705923533
1666	0.3535117837261242
10087	0.35677855928530955
8886	0.36007866928897625
9568	0.36157871929064306
3941	0.36244541484716153
1133	0.3631787726257542
10635	0.36324544151471716
2490	0.36354545151505047
169	0.3649788326277543
197	0.3669122304076803
6987	0.37001233374445813
6448	0.3701123370779026
3673	0.37027900930031005
2240	0.37181239374645825
22	0.3740124670822361
