5994	0.0
2471	0.00010000333344444695
3567	0.00010000333344444695
644	0.000133337777925931
3860	0.000133337777925931
7850	0.000133337777925931
9267	0.000133337777925931
6378	0.00016667222240741332
9379	0.00016667222240741332
11502	0.00016667222240741332
1549	0.00016667222240741505
100	0.00020000666688889737
1538	0.00020000666688889737
1711	0.00020000666688889737
2558	0.00020000666688889737
3331	0.00020000666688889737
4263	0.00020000666688889737
4387	0.00020000666688889737
4610	0.00020000666688889737
4704	0.00020000666688889737
4836	0.00020000666688889737
5573	0.00020000666688889737
6627	0.00020000666688889737
7607	0.00020000666688889737
7746	0.00020000666688889737
7811	0.00020000666688889737
7982	0.00020000666688889737
8744	0.00020000666688889737
9873	0.00020000666688889737
10914	0.00020000666688889737
11583	0.00020000666688889737
13328	0.00020000666688889737
13587	0.00020000666688889737
10920	0.0002333411113703797
1058	0.000266675555851862
10984	0.000266675555851862
13200	0.00043334777825927706
168	0.0005000166672222417
1410	0.0005000166672222417
1455	0.0005000166672222417
1533	0.0005000166672222417
1676	0.0005000166672222417
2579	0.0005000166672222417
2623	0.0005000166672222417
3029	0.0005000166672222417
3033	0.0005000166672222417
3253	0.0005000166672222417
3306	0.0005000166672222417
3692	0.0005000166672222417
3748	0.0005000166672222417
3793	0.0005000166672222417
4140	0.0005000166672222417
4835	0.0005000166672222417
4937	0.0005000166672222417
5166	0.0005000166672222417
5529	0.0005000166672222417
5531	0.0005000166672222417
5748	0.0005000166672222417
6195	0.0005000166672222417
6421	0.0005000166672222417
6423	0.0005000166672222417
6750	0.0005000166672222417
6993	0.0005000166672222417
7356	0.0005000166672222417
7429	0.0005000166672222417
8011	0.0005000166672222417
8096	0.0005000166672222417
8157	0.0005000166672222417
9338	0.0005000166672222417
9489	0.0005000166672222417
9800	0.0005000166672222417
9834	0.0005000166672222417
9852	0.0005000166672222417
9916	0.0005000166672222417
10576	0.0005000166672222417
10589	0.0005000166672222417
10942	0.0005000166672222417
11096	0.0005000166672222417
11472	0.0005000166672222417
11640	0.0005000166672222417
11678	0.0005000166672222417
11818	0.0005000166672222417
11923	0.0005000166672222417
12148	0.0005000166672222417
12372	0.0005000166672222417
12648	0.0005000166672222417
12678	0.0005000166672222417
13151	0.0005000166672222417
13242	0.0005000166672222417
13288	0.0005000166672222417
1327	0.000533351111703724
13282	0.000533351111703724
13609	0.000533351111703724
6427	0.0005666855561852063
6513	0.0005666855561852063
8866	0.0005666855561852063
10731	0.0006000200006666886
11004	0.000633354445148171
7520	0.0006333544451481727
9683	0.0006333544451481727
