170	0.0
932	0.0
2231	0.0
2935	0.0
3511	0.0
10690	0.0
11841	0.0
13158	0.00016667222240741375
4113	0.002000066668888963
7234	0.002000066668888963
12185	0.002000066668888963
12624	0.002000066668888963
1772	0.0023334111137037904
10696	0.002866762225407514
9671	0.002966765558851962
10499	0.002966765558851962
1949	0.003300110003666789
4861	0.003300110003666789
7720	0.003300110003666789
8179	0.003300110003666789
10252	0.003300110003666789
13260	0.003300110003666789
13382	0.003300110003666789
8803	0.0033667788926297544
6377	0.0036334544484816164
11100	0.0036334544484816164
3742	0.004000133337777927
1918	0.004133471115703858
2726	0.004133471115703858
11053	0.00416680556018534
6122	0.0044334811160372
6531	0.0044334811160372
10292	0.0044334811160372
785	0.004633487782926098
2919	0.00466682222740758
520	0.004666822227407581
13601	0.004666822227407581
3531	0.005066835561185373
3867	0.0051335044501483375
8729	0.0051335044501483375
23	0.005300176672555752
157	0.005300176672555752
179	0.005300176672555752
210	0.005300176672555752
211	0.005300176672555752
237	0.005300176672555752
302	0.005300176672555752
328	0.005300176672555752
359	0.005300176672555752
375	0.005300176672555752
481	0.005300176672555752
485	0.005300176672555752
509	0.005300176672555752
605	0.005300176672555752
623	0.005300176672555752
625	0.005300176672555752
635	0.005300176672555752
650	0.005300176672555752
714	0.005300176672555752
800	0.005300176672555752
888	0.005300176672555752
940	0.005300176672555752
941	0.005300176672555752
969	0.005300176672555752
971	0.005300176672555752
978	0.005300176672555752
983	0.005300176672555752
986	0.005300176672555752
987	0.005300176672555752
1024	0.005300176672555752
1037	0.005300176672555752
1051	0.005300176672555752
1055	0.005300176672555752
1179	0.005300176672555752
1247	0.005300176672555752
1287	0.005300176672555752
1377	0.005300176672555752
1490	0.005300176672555752
1494	0.005300176672555752
1506	0.005300176672555752
1529	0.005300176672555752
1542	0.005300176672555752
1568	0.005300176672555752
1632	0.005300176672555752
1644	0.005300176672555752
1657	0.005300176672555752
1659	0.005300176672555752
1667	0.005300176672555752
1675	0.005300176672555752
1697	0.005300176672555752
1699	0.005300176672555752
1726	0.005300176672555752
1731	0.005300176672555752
1745	0.005300176672555752
1747	0.005300176672555752
1762	0.005300176672555752
1783	0.005300176672555752
1791	0.005300176672555752
1797	0.005300176672555752
1942	0.005300176672555752
