394	0.121670722357412
5290	0.1633387779592653
6953	0.19093969798993304
1245	0.19500650021667393
9760	0.2049734991166372
4983	0.20514017133904472
5194	0.20614020467348917
9651	0.20997366578885965
3308	0.2137071235707858
4928	0.21830727690923035
9672	0.23160772025734194
12424	0.25170839027967606
315	0.2549751658388614
3847	0.2607086902896763
5985	0.26164205473515784
7907	0.2628087602920098
6775	0.26477549251641724
3222	0.26994233141104707
9807	0.2783426114203807
6534	0.2850095003166772
2036	0.28507616920564016
6884	0.28850961698723293
8864	0.29167638921297384
7884	0.30817693923130773
4600	0.31184372812427086
12925	0.3149771659055302
6062	0.3215440514683824
5377	0.32827760925364186
9034	0.3350445014833827
12954	0.33754458481949395
2207	0.3383112770425681
12363	0.34504483482782766
12326	0.3450781692723091
12178	0.3549784992833095
12938	0.3615453848461616
7411	0.361645388179606
5579	0.38067935597853264
240	0.3816127204240142
3315	0.3883129437647922
4381	0.39167972265742185
5444	0.3949798326610887
823	0.4013133771125705
5470	0.40174672489082974
3205	0.40334677822594084
12423	0.40334677822594084
5041	0.4042801426714224
6987	0.40501350045001505
8124	0.40834694489816337
7762	0.41661388712957104
2770	0.4182806093536452
5000	0.41838061268708965
2945	0.41938064602153413
10635	0.4216473882462749
11323	0.4216807226907564
13437	0.42168072269075646
11988	0.4249474982499417
4940	0.4251475049168306
7001	0.4266142204740158
3941	0.4283476115870529
8395	0.43494783159438655
9134	0.43504783492783095
10384	0.43534784492816436
8038	0.4364478815960533
13157	0.4382812760425348
7601	0.43834794493149776
6942	0.43838127937597915
7876	0.44081469382312743
7954	0.4428147604920164
2465	0.4449148304943499
4336	0.4449481649388313
13177	0.4449481649388313
8708	0.4450148338277943
3239	0.4466148871629055
189	0.44828160938697964
693	0.44838161272042404
695	0.45168172272409085
11279	0.4517817260575353
10966	0.45334844494816495
2047	0.4548151605053502
5087	0.4549818327277576
8318	0.4549818327277576
9530	0.4549818327277576
9546	0.455215173839128
4097	0.4583152771759059
4920	0.4616487216240541
1666	0.4616487216240542
3045	0.4616487216240542
6843	0.4616487216240542
12393	0.4616487216240542
5192	0.46171539051301713
860	0.46484882829427654
11302	0.46511550385012834
11853	0.4662822094069803
8223	0.4665155505183507
1448	0.46828227607586925
12474	0.46828227607586925
12632	0.4683156105203507
8751	0.46844894829827666
9170	0.4690489682989434
12724	0.471649054968499
