27	0.0
595	0.0
8722	0.0
11207	0.0
4913	3.333444448148232e-05
11320	6.666888896296463e-05
376	6.666888896296637e-05
1475	6.666888896296637e-05
10917	0.000133337777925931
1817	0.00016667222240741332
4440	0.00016667222240741332
5088	0.0003000100003333443
13081	0.00033334444481482664
5143	0.0003333444448148284
556	0.0004333477782592753
773	0.0004333477782592753
1639	0.0004333477782592753
1686	0.0004333477782592753
2351	0.0004333477782592753
2596	0.0004333477782592753
4618	0.0004333477782592753
5653	0.0004333477782592753
8275	0.0004333477782592753
8889	0.0004333477782592753
9470	0.0004333477782592753
9858	0.0004333477782592753
10213	0.0004333477782592753
10800	0.0004333477782592753
11871	0.0004333477782592753
13590	0.0004333477782592753
13735	0.0004333477782592753
4247	0.00046668222274075764
7828	0.0005666855561852063
95	0.000666688889629655
243	0.000666688889629655
261	0.000666688889629655
262	0.000666688889629655
263	0.000666688889629655
350	0.000666688889629655
377	0.000666688889629655
379	0.000666688889629655
382	0.000666688889629655
421	0.000666688889629655
554	0.000666688889629655
598	0.000666688889629655
648	0.000666688889629655
655	0.000666688889629655
656	0.000666688889629655
675	0.000666688889629655
677	0.000666688889629655
794	0.000666688889629655
811	0.000666688889629655
943	0.000666688889629655
956	0.000666688889629655
972	0.000666688889629655
1020	0.000666688889629655
1027	0.000666688889629655
1099	0.000666688889629655
1220	0.000666688889629655
1221	0.000666688889629655
1434	0.000666688889629655
1584	0.000666688889629655
1596	0.000666688889629655
1640	0.000666688889629655
1922	0.000666688889629655
1950	0.000666688889629655
2000	0.000666688889629655
2123	0.000666688889629655
2175	0.000666688889629655
2201	0.000666688889629655
2213	0.000666688889629655
2214	0.000666688889629655
2259	0.000666688889629655
2272	0.000666688889629655
2321	0.000666688889629655
2399	0.000666688889629655
2420	0.000666688889629655
2560	0.000666688889629655
2635	0.000666688889629655
2693	0.000666688889629655
2941	0.000666688889629655
2969	0.000666688889629655
2974	0.000666688889629655
3127	0.000666688889629655
3171	0.000666688889629655
3200	0.000666688889629655
3224	0.000666688889629655
3237	0.000666688889629655
3384	0.000666688889629655
3431	0.000666688889629655
3541	0.000666688889629655
3592	0.000666688889629655
3645	0.000666688889629655
3729	0.000666688889629655
3768	0.000666688889629655
3796	0.000666688889629655
3825	0.000666688889629655
3826	0.000666688889629655
3848	0.000666688889629655
3856	0.000666688889629655
