3618	0.0
9715	0.0
3265	3.834796947501523e-05
11485	0.00010000333344444695
101	0.000133337777925931
213	0.000133337777925931
2427	0.000133337777925931
5322	0.000133337777925931
5333	0.000133337777925931
7719	0.000133337777925931
12838	0.000133337777925931
13500	0.000133337777925931
8252	0.0003000100003333443
1289	0.0014000466682222747
3408	0.0015000500016667234
3106	0.001666722224074135
4897	0.001666722224074135
13032	0.001666722224074135
13327	0.001666722224074135
3536	0.0016667222240741367
5390	0.0017000566685556173
10399	0.0017000566685556173
8095	0.0019667322244074793
4126	0.002333411113703791
9130	0.002334212612982462
2302	0.0024334144471482395
1103	0.0029000966698889963
9983	0.0031667722257408583
1317	0.0032001066702223406
4212	0.0033001100036667893
229	0.0033334444481482716
539	0.0033334444481482716
3540	0.0033334444481482716
12123	0.0033334444481482716
4089	0.0038681313919831112
8909	0.0038681313919831112
10777	0.0038681313919831112
2109	0.0039014658364645936
9112	0.0039014658364645936
6364	0.003929786755952545
9809	0.0039667988932964434
11099	0.0039667988932964434
1321	0.00396813472542756
6459	0.00396813472542756
7281	0.00396813472542756
12960	0.00396813472542756
13224	0.00396813472542756
4936	0.004099177940027791
13098	0.004200140004666822
349	0.004600153338444615
8968	0.004663144534545164
5154	0.00470149250402018
7342	0.004833494449814994
11299	0.004833494449814994
3323	0.004833494449814995
5312	0.004868164726427593
463	0.004966832227740925
10827	0.004974941815338828
10050	0.005001502504353524
1376	0.005101505837797973
1467	0.005534853616057246
3378	0.005534853616057246
6370	0.00565491104947583
9477	0.005866862228740959
2665	0.006633554451815061
11745	0.006633554451815061
1413	0.006666888896296543
1462	0.006666888896296543
2658	0.006666888896296543
3497	0.006666888896296543
5379	0.006666888896296543
5995	0.006666888896296543
6128	0.006666888896296543
6367	0.006666888896296543
7087	0.006666888896296543
8034	0.006666888896296543
8463	0.006666888896296543
9658	0.006666888896296543
10527	0.006666888896296543
10573	0.006666888896296543
10582	0.006666888896296543
11594	0.006666888896296543
1546	0.006666888896296545
1582	0.006666888896296545
2104	0.006666888896296545
2435	0.006666888896296545
3682	0.006666888896296545
6239	0.006666888896296545
9078	0.006666888896296545
13411	0.006666888896296545
3366	0.006700223340778027
11395	0.006700223340778027
13509	0.006700223340778027
6223	0.006781932804721592
13375	0.006800226674222474
4199	0.0070349036177239695
4331	0.0070349036177239695
8687	0.0070349036177239695
5956	0.007053197487224855
468	0.0071682413956499005
