7156	0.0
9392	0.0
7918	0.00333344444814827
5082	0.004933497783259442
12464	0.004966832227740924
3689	0.006466882229407649
13202	0.0065335511183706105
3906	0.006666888896296543
4910	0.006666888896296543
563	0.006666888896296547
2113	0.006666888896296547
2123	0.006666888896296547
2247	0.006666888896296547
2272	0.006666888896296547
2567	0.006666888896296547
2885	0.006666888896296547
3046	0.006666888896296547
3165	0.006666888896296547
4985	0.006666888896296547
5215	0.006666888896296547
6294	0.006666888896296547
7090	0.006666888896296547
7687	0.006666888896296547
8683	0.006666888896296547
9226	0.006666888896296547
9701	0.006666888896296547
9737	0.006666888896296547
9957	0.006666888896296547
10600	0.006666888896296547
10896	0.006666888896296547
11475	0.006666888896296547
11570	0.006666888896296547
11896	0.006666888896296547
12076	0.006666888896296547
12458	0.006666888896296547
2881	0.006700223340778029
3650	0.006700223340778029
6523	0.006700223340778029
10776	0.006700223340778029
12497	0.006700223340778029
7881	0.006733557785259504
10990	0.007200240008000267
1584	0.00996699889996333
6174	0.00996699889996333
6918	0.00996699889996333
8281	0.00996699889996333
9681	0.00996699889996333
11694	0.00996699889996333
318	0.010000333344444813
4049	0.010000333344444813
4414	0.010000333344444813
4484	0.010000333344444813
7300	0.010000333344444813
8903	0.010000333344444813
9141	0.010000333344444813
9652	0.010000333344444813
12553	0.010000333344444813
13268	0.010000333344444813
835	0.013300443348111604
2265	0.014800493349778327
5149	0.015633854461815394
458	0.016533884462815424
1757	0.01666722224074136
2160	0.01666722224074136
4999	0.01666722224074136
12866	0.01666722224074136
2933	0.01830061002033401
2090	0.01840061335377846
6091	0.01900063335444515
7565	0.019100636687889597
13044	0.019100636687889597
658	0.01963398779959332
6164	0.019967332244408147
10706	0.019967332244408147
12769	0.019967332244408147
3129	0.02000066668888963
9002	0.02000066668888963
2659	0.02086736224540818
3472	0.0233341111370379
6421	0.0233341111370379
7041	0.0233341111370379
9075	0.0233341111370379
10443	0.0233341111370379
503	0.023334111137037903
517	0.023334111137037903
1507	0.023334111137037903
2032	0.023334111137037903
3958	0.023334111137037903
5363	0.023334111137037903
7347	0.023334111137037903
8833	0.023334111137037903
11289	0.023334111137037903
12985	0.023334111137037903
13256	0.023334111137037903
2510	0.02503416780559352
0	0.02663422114070469
1	0.02663422114070469
2	0.02663422114070469
3	0.02663422114070469
4	0.02663422114070469
