5684	0.0008666955565185507
1304	0.001150439084250489
1683	0.001150439084250489
6553	0.001150439084250489
8185	0.001150439084250489
9668	0.001150439084250489
9989	0.001150439084250489
11687	0.001150439084250489
13353	0.001150439084250489
12330	0.001166705556851895
4980	0.00128377686217642
7372	0.0013171113066579023
7860	0.0018504624183616264
5404	0.001950465751806075
1607	0.0020171346407690397
216	0.0026460098937761247
270	0.0026460098937761247
364	0.0026460098937761247
510	0.0026460098937761247
923	0.0026460098937761247
1022	0.0026460098937761247
1395	0.0026460098937761247
1481	0.0026460098937761247
1558	0.0026460098937761247
1931	0.0026460098937761247
1989	0.0026460098937761247
2003	0.0026460098937761247
2671	0.0026460098937761247
3023	0.0026460098937761247
3199	0.0026460098937761247
3527	0.0026460098937761247
4012	0.0026460098937761247
4812	0.0026460098937761247
5585	0.0026460098937761247
5635	0.0026460098937761247
5930	0.0026460098937761247
5944	0.0026460098937761247
5969	0.0026460098937761247
6516	0.0026460098937761247
6747	0.0026460098937761247
7336	0.0026460098937761247
7384	0.0026460098937761247
7450	0.0026460098937761247
7474	0.0026460098937761247
7504	0.0026460098937761247
7556	0.0026460098937761247
7688	0.0026460098937761247
7797	0.0026460098937761247
8010	0.0026460098937761247
8032	0.0026460098937761247
8117	0.0026460098937761247
8399	0.0026460098937761247
8860	0.0026460098937761247
8932	0.0026460098937761247
9104	0.0026460098937761247
9225	0.0026460098937761247
9645	0.0026460098937761247
9688	0.0026460098937761247
9765	0.0026460098937761247
9915	0.0026460098937761247
10192	0.0026460098937761247
10440	0.0026460098937761247
10653	0.0026460098937761247
10694	0.0026460098937761247
11198	0.0026460098937761247
11351	0.0026460098937761247
11512	0.0026460098937761247
12345	0.0026460098937761247
12397	0.0026460098937761247
12420	0.0026460098937761247
12598	0.0026460098937761247
12600	0.0026460098937761247
12665	0.0026460098937761247
12681	0.0026460098937761247
12750	0.0026460098937761247
12827	0.0026460098937761247
12917	0.0026460098937761247
13116	0.0026460098937761247
13513	0.0026460098937761247
48	0.002679344338257607
1493	0.002679344338257607
4427	0.002679344338257607
9209	0.002679344338257607
9557	0.002679344338257607
12249	0.002679344338257607
13154	0.002679344338257607
7867	0.0027126787827390893
1523	0.0027460132272205716
1605	0.0027460132272205716
2858	0.0027460132272205716
3332	0.0027460132272205716
9083	0.0027460132272205716
12532	0.0028460165606650203
891	0.0029793543385909513
11325	0.0029793543385909513
4631	0.002983833530732039
4248	0.0031126921165168823
3586	0.0031460265609983664
3501	0.0031828814664263535
609	0.0033334444481482716
