10691	3.8347969475016966e-05
6305	7.669593895003393e-05
9682	0.00011504390842504916
13292	0.00011504390842504916
13627	0.00011504390842504916
6267	0.0003067837558001305
2513	0.0003451317252751475
8427	0.0004985236031752101
7508	0.0006135675116002628
11495	0.0006135675116002628
12698	0.0006135675116002628
3975	0.0007669593895003272
2811	0.0008053073589753424
12335	0.0008053073589753424
1127	0.0008820032979253746
8212	0.0008820032979253746
10017	0.0008820032979253746
10030	0.0008820032979253746
44	0.0008820032979253763
3410	0.0008820032979253763
8196	0.0008820032979253763
6552	0.0009586992368754085
7922	0.0009586992368754085
9717	0.0009586992368754085
8186	0.0009970472063504255
5281	0.0010353951758254407
8493	0.0010353951758254407
11261	0.0010353951758254407
13243	0.0010353951758254407
3229	0.001073743145300456
5416	0.001073743145300456
10757	0.001073743145300456
11233	0.001073743145300456
12695	0.001112091114775473
8593	0.001227135023200522
55	0.001265482992675539
298	0.001265482992675539
576	0.001265482992675539
691	0.001265482992675539
701	0.001265482992675539
704	0.001265482992675539
942	0.001265482992675539
1500	0.001265482992675539
2132	0.001265482992675539
2133	0.001265482992675539
2193	0.001265482992675539
2258	0.001265482992675539
2386	0.001265482992675539
2594	0.001265482992675539
2913	0.001265482992675539
2980	0.001265482992675539
3830	0.001265482992675539
4446	0.001265482992675539
4961	0.001265482992675539
5383	0.001265482992675539
5442	0.001265482992675539
5507	0.001265482992675539
6677	0.001265482992675539
7629	0.001265482992675539
7939	0.001265482992675539
8141	0.001265482992675539
8817	0.001265482992675539
9217	0.001265482992675539
9595	0.001265482992675539
9743	0.001265482992675539
10366	0.001265482992675539
11275	0.001265482992675539
11280	0.001265482992675539
11511	0.001265482992675539
11574	0.001265482992675539
11636	0.001265482992675539
11789	0.001265482992675539
11847	0.001265482992675539
11908	0.001265482992675539
12007	0.001265482992675539
12137	0.001265482992675539
12367	0.001265482992675539
12620	0.001265482992675539
12924	0.001265482992675539
12963	0.001265482992675539
13191	0.001265482992675539
9959	0.0015339187790006509
3185	0.0015339187790006526
79	0.0018023545653257662
383	0.0018023545653257662
1995	0.0018023545653257662
2412	0.0018023545653257662
3095	0.0018023545653257662
4337	0.0018023545653257662
4847	0.0018023545653257662
5445	0.0018023545653257662
6022	0.0018023545653257662
6928	0.0018023545653257662
7043	0.0018023545653257662
7684	0.0018023545653257662
8769	0.0018023545653257662
8822	0.0018023545653257662
9153	0.0018023545653257662
9176	0.0018023545653257662
9536	0.0018023545653257662
