3005	0.00013333777792593274
7587	0.00013333777792593274
145	0.00016667222240741159
3569	0.00016667222240741159
5131	0.00016667222240741159
6068	0.00016667222240741159
6535	0.00016667222240741159
6994	0.00016667222240741159
8087	0.00016667222240741159
8299	0.00016667222240741159
9875	0.00016667222240741159
10710	0.00016667222240741159
12225	0.00016667222240741159
630	0.0002000066668888939
696	0.0002000066668888939
1125	0.0002000066668888939
1159	0.0002000066668888939
1339	0.0002000066668888939
1390	0.0002000066668888939
1511	0.0002000066668888939
1554	0.0002000066668888939
1717	0.0002000066668888939
2177	0.0002000066668888939
2189	0.0002000066668888939
2308	0.0002000066668888939
2318	0.0002000066668888939
2458	0.0002000066668888939
2475	0.0002000066668888939
3156	0.0002000066668888939
3641	0.0002000066668888939
3672	0.0002000066668888939
4119	0.0002000066668888939
4201	0.0002000066668888939
4224	0.0002000066668888939
4594	0.0002000066668888939
4888	0.0002000066668888939
5018	0.0002000066668888939
5105	0.0002000066668888939
5145	0.0002000066668888939
5271	0.0002000066668888939
5680	0.0002000066668888939
5961	0.0002000066668888939
6135	0.0002000066668888939
6380	0.0002000066668888939
6452	0.0002000066668888939
7456	0.0002000066668888939
7831	0.0002000066668888939
8292	0.0002000066668888939
8394	0.0002000066668888939
8821	0.0002000066668888939
9077	0.0002000066668888939
9177	0.0002000066668888939
9626	0.0002000066668888939
9667	0.0002000066668888939
10188	0.0002000066668888939
10307	0.0002000066668888939
11040	0.0002000066668888939
11070	0.0002000066668888939
11178	0.0002000066668888939
11329	0.0002000066668888939
11361	0.0002000066668888939
11367	0.0002000066668888939
11849	0.0002000066668888939
11943	0.0002000066668888939
12082	0.0002000066668888939
12305	0.0002000066668888939
12351	0.0002000066668888939
12819	0.0002000066668888939
13547	0.0002000066668888939
13695	0.0002000066668888939
13703	0.0002000066668888939
13745	0.0002000066668888939
4600	0.00033334444481482664
5603	0.00033334444481482664
6661	0.00033334444481482664
10175	0.00033334444481482664
12214	0.00033334444481482664
13087	0.00033334444481482664
2619	0.000633354445148171
2901	0.0008333611120370683
4677	0.0008333611120370683
3009	0.0012000400013333773
5304	0.0014667155571852393
8864	0.0014667155571852393
11753	0.0014667155571852393
2098	0.0015000500016667216
3961	0.0015000500016667216
5290	0.0015000500016667216
7454	0.0015000500016667216
9025	0.0015000500016667216
11202	0.0015000500016667216
12935	0.0015000500016667216
7194	0.001533384446148204
3562	0.001566718890629688
3950	0.0018667288909630306
13579	0.0018667288909630306
8360	0.0026667555585186166
9963	0.002700090003000099
11061	0.002700090003000099
5054	0.0030001000033334467
