346	0.0
603	0.0
1452	0.0
1485	0.0
2998	0.0
3080	0.0
3275	0.0
3348	0.0
3409	0.0
3952	0.0
4246	0.0
4459	0.0
4794	0.0
5202	0.0
5485	0.0
5797	0.0
5979	0.0
7669	0.0
8347	0.0
9181	0.0
9210	0.0
9263	0.0
9270	0.0
10051	0.0
10095	0.0
10361	0.0
10390	0.0
11345	0.0
11491	0.0
12175	0.0
12459	0.0
12468	0.0
12502	0.0
13446	0.0
8091	3.344481605351002e-05
3680	0.000133779264214047
12982	0.0003333444448148271
995	0.0003333444448148275
8158	0.0003333444448148275
10075	0.000735785953177262
4069	0.0008666955565185511
12052	0.0008666955565185511
12215	0.0008666955565185511
12946	0.001366712223740791
7452	0.0016667222240741358
10544	0.0016667222240741358
10552	0.0017000566685556186
659	0.002000066668888963
2057	0.002000066668888963
9643	0.002000066668888963
4971	0.002666755558518617
12068	0.0027667588919630657
3774	0.003200106670222341
4280	0.003200106670222341
287	0.003300110003666789
1011	0.003300110003666789
1066	0.003300110003666789
1091	0.003300110003666789
1095	0.003300110003666789
2482	0.003300110003666789
2593	0.003300110003666789
2895	0.003300110003666789
4414	0.003300110003666789
4506	0.003300110003666789
4527	0.003300110003666789
4582	0.003300110003666789
4648	0.003300110003666789
4992	0.003300110003666789
5398	0.003300110003666789
5803	0.003300110003666789
6066	0.003300110003666789
6811	0.003300110003666789
6850	0.003300110003666789
7185	0.003300110003666789
7219	0.003300110003666789
7468	0.003300110003666789
7949	0.003300110003666789
8113	0.003300110003666789
8284	0.003300110003666789
8342	0.003300110003666789
8354	0.003300110003666789
8381	0.003300110003666789
8495	0.003300110003666789
8605	0.003300110003666789
8678	0.003300110003666789
8741	0.003300110003666789
9275	0.003300110003666789
9386	0.003300110003666789
9407	0.003300110003666789
10680	0.003300110003666789
10903	0.003300110003666789
11206	0.003300110003666789
11802	0.003300110003666789
11834	0.003300110003666789
12044	0.003300110003666789
12069	0.003300110003666789
12368	0.003300110003666789
13294	0.003300110003666789
13493	0.003300110003666789
1242	0.003333444448148272
