785	3.333444448148232e-05
10465	0.0007333577785926249
13326	0.0015667188906296897
5664	0.0016333877795926544
1387	0.0016667222240741367
10372	0.0016667222240741367
11403	0.0016667222240741367
13471	0.0016667222240741367
1666	0.0033334444481482664
1747	0.0033334444481482664
2566	0.0033334444481482664
1599	0.0033667788926297487
2299	0.0033667788926297487
3697	0.0033667788926297487
4666	0.0033667788926297487
5151	0.0033667788926297487
5334	0.0033667788926297487
6158	0.0033667788926297487
7154	0.0033667788926297487
7554	0.0033667788926297487
1302	0.003500116670555685
2178	0.003500116670555685
1667	0.00500016667222241
2877	0.00500016667222241
9869	0.00500016667222241
402	0.006633554451815064
4258	0.006633554451815064
5208	0.006633554451815064
11770	0.006633554451815064
1593	0.008300276675889201
8138	0.008333611120370683
708	0.008366945564852166
7940	0.00910030334344478
13547	0.009800326677555916
4612	0.009966998899963338
5034	0.010000333344444813
2215	0.010033667788926295
892	0.01166705556851895
2654	0.013167105570185675
2708	0.013167105570185675
4524	0.013300443348111604
4712	0.013300443348111604
8222	0.013300443348111604
7145	0.013333777792593086
11933	0.013333777792593086
13144	0.013333777792593086
5698	0.013367112237074565
8591	0.013367112237074569
4388	0.01496716557218574
487	0.015000500016667223
5069	0.015000500016667223
6472	0.015000500016667223
1823	0.015033834461148702
310	0.016633887796259877
11128	0.016633887796259877
10508	0.01666722224074136
1870	0.01670055668522284
1844	0.018333944464815496
5986	0.018333944464815496
10462	0.018333944464815496
9752	0.01933397779925998
7868	0.020000666688889626
7673	0.020000666688889633
5150	0.02003400113337111
1512	0.020034001133371122
205	0.02163405446848228
2206	0.02166738891296377
9315	0.02166738891296377
7734	0.022900763358778622
2170	0.023067435581186038
9818	0.023300776692556417
2605	0.023367445581519382
747	0.02336744558151939
5658	0.02460082002733424
12696	0.02580086002866762
170	0.02666755558518618
225	0.02666755558518618
862	0.02666755558518618
3469	0.02666755558518618
7963	0.02666755558518618
10580	0.02666755558518618
414	0.02690089669655655
4064	0.02833427780926031
5214	0.02833427780926031
11621	0.02833427780926031
726	0.028534284476149203
12471	0.029467648921630722
154	0.029834327810927035
964	0.029834327810927035
1663	0.029834327810927035
4505	0.029834327810927035
5349	0.029834327810927035
6399	0.029834327810927035
449	0.029967665588852964
538	0.029967665588852964
898	0.029967665588852964
2074	0.029967665588852964
3375	0.029967665588852964
4113	0.029967665588852964
4138	0.029967665588852964
