7083	0.04846435404055953
12430	0.04861992785380427
12342	0.04947399684564649
6567	0.05235338563573034
2186	0.05405344230428596
9247	0.05645352230695272
10430	0.05695353897417496
832	0.057286883418989784
5800	0.057286883418989784
12460	0.057286883418989784
3098	0.057320217863471266
5220	0.057320217863471266
11071	0.057320217863471266
1567	0.05735355230795275
3312	0.05735355230795275
6013	0.05735355230795275
8126	0.05735355230795275
1558	0.058853602309619474
2427	0.05888693675410095
6077	0.0589869400875454
6120	0.0589869400875454
8781	0.0589869400875454
83	0.05902027453202688
8970	0.059020274532026885
12213	0.059653628977175056
4032	0.06062032786713806
6308	0.06065366231161954
11541	0.06065366231161954
596	0.06068699675610102
998	0.06068699675610102
4493	0.06068699675610102
5463	0.06068699675610102
6550	0.06068699675610102
10085	0.06068699675610102
1607	0.06078700008954546
7202	0.06095367231195289
6657	0.06222038120224922
640	0.06232038453569367
1309	0.06232038453569367
1555	0.06232038453569367
5881	0.06232038453569367
11268	0.06238705342465664
11772	0.06238705342465664
6118	0.062420387869138116
4734	0.06312041120324925
11764	0.06312041120324927
2421	0.06365376231495298
758	0.06395377231528632
354	0.06395377231528633
380	0.06395377231528633
774	0.06395377231528633
960	0.06395377231528633
4894	0.06395377231528633
5292	0.06395377231528633
7353	0.06395377231528633
8911	0.06395377231528633
12179	0.06395377231528633
138	0.0639871067597678
2126	0.0639871067597678
2968	0.0639871067597678
6309	0.0639871067597678
8079	0.0639871067597678
9400	0.0639871067597678
9714	0.0639871067597678
12397	0.0639871067597678
755	0.0640204412042493
1416	0.0640204412042493
5367	0.0640204412042493
6152	0.0640204412042493
10804	0.0640204412042493
12195	0.0640204412042493
2890	0.06405377564873076
4656	0.06405377564873077
10586	0.06412044453769375
4017	0.06418711342665671
9144	0.06492047120524932
7414	0.06562049453936046
10380	0.06562049453936046
13031	0.06565382898384195
3269	0.06568716342832343
7621	0.06568716342832343
6322	0.06582050120624935
10022	0.06582050120624937
1365	0.06585383565073084
2197	0.06615384565106419
335	0.0663205178734716
5109	0.06645385565139753
8701	0.06722054787447163
5963	0.0672872167634346
6074	0.0672872167634346
7266	0.0672872167634346
52	0.06732055120791608
282	0.06732055120791608
2227	0.06732055120791608
6116	0.06732055120791608
7885	0.06732055120791608
8465	0.06732055120791608
11241	0.06732055120791608
11648	0.06732055120791608
12344	0.06732055120791608
