5836	0.0
11388	3.333444448148232e-05
654	3.3334444481483184e-05
11070	3.3334444481483184e-05
9221	6.66688889629655e-05
875	0.00010000333344444869
2359	0.00010000333344444869
3471	0.00010000333344444869
3568	0.00010000333344444869
3925	0.00010000333344444869
10504	0.00010000333344444869
12467	0.00010000333344444869
12514	0.00010000333344444869
465	0.000133337777925931
1746	0.000133337777925931
3182	0.000133337777925931
4892	0.000133337777925931
5440	0.000133337777925931
7082	0.000133337777925931
7816	0.000133337777925931
8633	0.000133337777925931
9296	0.000133337777925931
10529	0.000133337777925931
12310	0.000133337777925931
10025	0.00016667222240741332
2170	0.0002000066668888965
3404	0.0002000066668888965
5809	0.0002000066668888965
7909	0.00023334111137037882
4234	0.000266675555851862
11448	0.000266675555851862
326	0.0003000100003333443
568	0.0003000100003333443
1955	0.0003000100003333443
4388	0.0003000100003333443
4881	0.0003000100003333443
7153	0.0003000100003333443
11586	0.0003000100003333443
11955	0.0003000100003333443
12525	0.0003000100003333443
13444	0.0003000100003333443
3927	0.00033334444481482664
4182	0.00033334444481482664
6235	0.00033334444481482664
6757	0.00033334444481482664
8755	0.00033334444481482664
11949	0.00033334444481482664
12675	0.00033334444481482664
2371	0.0003666788892963098
13667	0.0003666788892963098
10356	0.00040001333377779214
12910	0.000400013333777793
4044	0.0004333477782592753
4390	0.00046668222274075764
7357	0.00046668222274075764
9110	0.0004666822227407585
698	0.0005000166672222408
9205	0.0005000166672222408
10115	0.0005000166672222408
7251	0.000533351111703724
2467	0.0005666855561852063
8053	0.0005666855561852063
10245	0.0005666855561852063
8497	0.0006000200006666886
1569	0.0006333544451481718
3208	0.0006666888896296541
13626	0.0006666888896296541
577	0.0007000233341111365
1074	0.0007000233341111365
1758	0.0007000233341111365
3638	0.0007000233341111365
3765	0.0007000233341111365
5882	0.0007000233341111365
6699	0.0007000233341111365
6789	0.0007000233341111365
7140	0.0007000233341111365
7448	0.0007000233341111365
7563	0.0007000233341111365
8080	0.0007000233341111365
10624	0.0007000233341111365
10696	0.0007000233341111365
10786	0.0007000233341111365
11036	0.0007000233341111365
11909	0.0007333577785926196
8007	0.0007666922230741028
7403	0.0008000266675555852
2350	0.0008666955565185507
6230	0.0008666955565185507
9080	0.0008666955565185507
12822	0.0008666955565185507
4948	0.000900030001000033
9745	0.0009000300010000338
1003	0.0009333644454815162
728	0.0009666988899629985
1966	0.0009666988899629985
3194	0.0009666988899629985
3722	0.0009666988899629985
5374	0.0009666988899629985
6334	0.0009666988899629985
9091	0.0009666988899629985
