12603	0.0002333411113703797
3891	0.0003000100003333443
4006	0.00033334444481482664
4206	0.0006666888896296533
6102	0.000800026667555586
6144	0.000800026667555586
8052	0.000800026667555586
12890	0.000800026667555586
167	0.0008333611120370683
175	0.0008333611120370683
403	0.0008333611120370683
694	0.0008333611120370683
723	0.0008333611120370683
937	0.0008333611120370683
1426	0.0008333611120370683
2298	0.0008333611120370683
2595	0.0008333611120370683
2875	0.0008333611120370683
3382	0.0008333611120370683
3936	0.0008333611120370683
4259	0.0008333611120370683
4334	0.0008333611120370683
4348	0.0008333611120370683
4909	0.0008333611120370683
4918	0.0008333611120370683
4934	0.0008333611120370683
4962	0.0008333611120370683
5283	0.0008333611120370683
5408	0.0008333611120370683
6118	0.0008333611120370683
6299	0.0008333611120370683
6722	0.0008333611120370683
6743	0.0008333611120370683
7046	0.0008333611120370683
7593	0.0008333611120370683
7630	0.0008333611120370683
7745	0.0008333611120370683
7890	0.0008333611120370683
7943	0.0008333611120370683
8578	0.0008333611120370683
8762	0.0008333611120370683
8789	0.0008333611120370683
9220	0.0008333611120370683
9422	0.0008333611120370683
9533	0.0008333611120370683
9771	0.0008333611120370683
10656	0.0008333611120370683
10694	0.0008333611120370683
10705	0.0008333611120370683
11281	0.0008333611120370683
11627	0.0008333611120370683
11630	0.0008333611120370683
11649	0.0008333611120370683
12004	0.0008333611120370683
12096	0.0008333611120370683
12414	0.0008333611120370683
12431	0.0008333611120370683
12591	0.0008333611120370683
13222	0.0008333611120370683
13733	0.0008333611120370683
306	0.0008666955565185472
316	0.0008666955565185472
521	0.0008666955565185472
845	0.0008666955565185472
924	0.0008666955565185472
1691	0.0008666955565185472
1868	0.0008666955565185472
2434	0.0008666955565185472
2571	0.0008666955565185472
2671	0.0008666955565185472
3063	0.0008666955565185472
3101	0.0008666955565185472
3183	0.0008666955565185472
4093	0.0008666955565185472
4947	0.0008666955565185472
5216	0.0008666955565185472
5392	0.0008666955565185472
5476	0.0008666955565185472
5745	0.0008666955565185472
6874	0.0008666955565185472
6911	0.0008666955565185472
7102	0.0008666955565185472
7208	0.0008666955565185472
7215	0.0008666955565185472
7225	0.0008666955565185472
8092	0.0008666955565185472
8439	0.0008666955565185472
8479	0.0008666955565185472
8513	0.0008666955565185472
9582	0.0008666955565185472
9740	0.0008666955565185472
10419	0.0008666955565185472
10478	0.0008666955565185472
10541	0.0008666955565185472
10551	0.0008666955565185472
10971	0.0008666955565185472
12098	0.0008666955565185472
12332	0.0008666955565185472
12420	0.0008666955565185472
13359	0.0008666955565185472
