3658	0.0
1227	3.333444448148232e-05
4768	3.333444448148232e-05
10487	0.0008666955565185402
7860	0.00333344444814827
6131	0.0033334444481482733
9656	0.005000166672222408
13115	0.00833361112037068
709	0.008400280009333638
1432	0.009833661122037402
13139	0.010167005566852218
2156	0.016633887796259877
44	0.016667222240741353
2319	0.016667222240741353
3990	0.016667222240741353
12518	0.016667222240741353
12620	0.016667222240741353
1214	0.01666722224074136
2903	0.01666722224074136
5297	0.01666722224074136
5328	0.01666722224074136
13104	0.01666722224074136
2301	0.016700556685222835
2977	0.016700556685222835
7692	0.016700556685222835
8724	0.016700556685222835
10046	0.016700556685222835
12070	0.016700556685222842
11634	0.016700556685222856
10546	0.016733891129704317
11636	0.016733891129704317
9625	0.01673389112970434
1234	0.016800560018667286
10553	0.016800560018667286
8023	0.017000566685556183
9595	0.018400613353778454
8170	0.01883396113203773
7925	0.01966732224407481
2193	0.01993399779992667
86	0.019967332244408144
6142	0.019967332244408144
3764	0.019967332244408158
11326	0.02000066668888962
1625	0.020000666688889623
13241	0.020000666688889623
5137	0.020034001133371126
12279	0.020034001133371126
5083	0.02003400113337113
9746	0.02003400113337113
9843	0.02003400113337113
11642	0.02003400113337113
11398	0.020067335577852608
2274	0.02010067002233408
2597	0.02010067002233409
9594	0.020134004466815555
12125	0.020134004466815555
12063	0.02023400780026001
3056	0.020667355578519283
8689	0.02086736224540818
1467	0.021600720024000805
3908	0.02163405446848228
4909	0.021700723357445245
4014	0.02173405780192672
9130	0.023134104470149013
4132	0.023267442248074942
297	0.0233341111370379
9092	0.0233341111370379
9609	0.0233341111370379
7593	0.023367445581519375
9533	0.023367445581519375
8910	0.023367445581519403
1786	0.023700790026334212
855	0.024434147804926816
12414	0.025000833361112036
7139	0.025034167805593536
12127	0.025034167805593536
2256	0.025267508916963895
10661	0.02630087669588986
12385	0.02650088336277876
7130	0.02663422114070469
686	0.02666755558518617
9985	0.026667555585186173
6943	0.02670089002966767
175	0.026734224474149137
11415	0.02680089336311209
10972	0.02760092003066768
4337	0.028100936697889933
20	0.028367612253741778
9708	0.028367612253741792
10388	0.028400946698223288
4422	0.02983432781092704
2230	0.029967665588852964
12172	0.029967665588852964
8592	0.02996766558885297
12572	0.030001000033334425
207	0.03000100003333444
5901	0.030034334477815908
2042	0.030034334477815942
12362	0.030034334477815942
4551	0.030067668922297418
