144	0.0016667222240741367
4058	0.0016667222240741419
6310	0.0017333911130370944
13227	0.0017333911130370944
367	0.0017333911130371013
809	0.001966732224407474
7672	0.002500083336111198
12437	0.002500083336111198
6301	0.002866762225407507
2306	0.0028667622254075105
7004	0.003033434447814922
11033	0.0032001066702223354
281	0.003233441114703816
6112	0.003300110003666791
6006	0.0033334444481482664
8899	0.0033334444481482664
11685	0.0033334444481482664
35	0.0033667788926297487
37	0.0033667788926297487
52	0.0033667788926297487
468	0.0033667788926297487
621	0.0033667788926297487
1405	0.0033667788926297487
2156	0.0033667788926297487
2868	0.0033667788926297487
4240	0.0033667788926297487
5013	0.0033667788926297487
5342	0.0033667788926297487
6192	0.0033667788926297487
6479	0.0033667788926297487
7259	0.0033667788926297487
7871	0.0033667788926297487
7992	0.0033667788926297487
8099	0.0033667788926297487
8444	0.0033667788926297487
9714	0.0033667788926297487
10962	0.0033667788926297487
11222	0.0033667788926297487
11352	0.0033667788926297487
11653	0.0033667788926297487
12123	0.0033667788926297487
12365	0.0033667788926297487
12974	0.0033667788926297487
13100	0.0033667788926297487
1579	0.003400113337111231
2025	0.003400113337111231
2171	0.003400113337111231
2446	0.003400113337111231
2477	0.003400113337111231
4137	0.003400113337111231
4551	0.003400113337111231
6061	0.003400113337111231
7969	0.003400113337111231
8701	0.003400113337111231
8901	0.003400113337111231
8921	0.003400113337111231
9325	0.003400113337111231
9625	0.003400113337111231
10490	0.003400113337111231
10596	0.003400113337111231
10804	0.003400113337111231
11300	0.003400113337111231
3973	0.0035001166705556797
12125	0.0035001166705556797
8876	0.003500116670555685
9594	0.003633454448481616
10487	0.004200140004666814
4108	0.004300143338111271
706	0.004533484449481649
83	0.005000166672222403
3908	0.005000166672222403
3991	0.005000166672222403
6119	0.005000166672222403
7898	0.005000166672222403
10162	0.005000166672222403
12620	0.005000166672222403
9715	0.005000166672222408
717	0.005033501116703884
3281	0.005033501116703884
6325	0.005033501116703884
6528	0.005033501116703884
9656	0.005033501116703884
10640	0.005033501116703884
8958	0.005033501116703885
11425	0.005066835561185364
12137	0.005200173339111304
1365	0.005233507783592779
178	0.00583352778425947
254	0.00583352778425947
9882	0.0059001966732224395
765	0.006066868895629848
4053	0.006500216673889132
9031	0.0065335511183706105
2354	0.006566885562852089
9026	0.006633554451815056
8272	0.006633554451815063
2329	0.006666888896296538
6013	0.006666888896296538
9614	0.006666888896296538
10380	0.006666888896296538
