8922	0.0
10709	0.004833494449815012
1156	0.006633554451815071
2266	0.006633554451815071
6062	0.006633554451815071
256	0.0066668888962965744
1132	0.0066668888962965744
6026	0.0066668888962965744
3084	0.010000333344444778
7411	0.010000333344444778
12079	0.010000333344444778
11988	0.010000333344444834
5579	0.012367078902630058
7582	0.013333777792593093
2770	0.016667222240741353
12250	0.016667222240741353
748	0.01706723557451917
7884	0.023334111137037927
8960	0.023334111137037927
12178	0.023334111137037927
13259	0.023334111137037927
7907	0.02666755558518613
2044	0.026700890029667634
3102	0.026700890029667634
4600	0.026700890029667634
6843	0.026700890029667634
7271	0.026700890029667634
5470	0.026734224474149137
8917	0.030001000033334446
9170	0.034101136704556834
3045	0.03666788892963102
10524	0.03666788892963102
12925	0.03666788892963102
12724	0.03670122337411247
315	0.03996799893329778
860	0.03996799893329778
12234	0.03996799893329778
12363	0.03996799893329778
12424	0.03996799893329778
2033	0.040001333377779225
4919	0.040001333377779225
5444	0.040001333377779225
13078	0.040001333377779225
99	0.04000133337777928
1245	0.04000133337777928
1669	0.04000133337777928
6908	0.04000133337777928
8148	0.04333477782592754
9534	0.04410147004900164
3197	0.05073502450081668
3308	0.051101703390112996
863	0.05523517450581683
5576	0.058968632287742906
13437	0.05996866562218739
2036	0.060002000066668865
6570	0.060002000066668865
561	0.06003533451115037
823	0.06003533451115037
3949	0.06003533451115037
4916	0.06003533451115037
7762	0.06003533451115037
11612	0.06003533451115037
693	0.06336877895929866
5194	0.07000233341111373
12067	0.07333577785926196
60	0.07333577785926199
5049	0.07333577785926199
240	0.07666922230741025
4981	0.07666922230741025
5962	0.07666922230741025
12938	0.07666922230741025
818	0.07670255675189172
8192	0.07670255675189172
6004	0.08113603786792892
2532	0.08166938897963266
2784	0.09000300010000331
7262	0.09000300010000331
5939	0.09000300010000334
4801	0.0933364445481516
8751	0.0933364445481516
11218	0.0933364445481516
3060	0.09336977899263307
5225	0.09336977899263307
6987	0.09336977899263307
10391	0.09336977899263307
12685	0.09336977899263307
12930	0.09336977899263307
9473	0.09670322344078133
12243	0.09833661122037402
4928	0.10333677789259643
6953	0.1039701323377446
8864	0.10497016567218909
4301	0.10667022234074469
5377	0.10667022234074469
2465	0.10670355678522617
2915	0.11003700123337443
12155	0.11333711123704121
5708	0.11670389012967097
9535	0.12003733457781923
394	0.12330411013700454
