1607	0.0
5684	0.0
6482	0.0
11041	0.0
13481	0.0
2313	3.333444448148232e-05
4711	3.333444448148232e-05
4773	3.333444448148232e-05
5200	3.333444448148232e-05
34	0.00010000333344444869
734	0.00016667222240741332
12330	0.0003000100003333443
5359	0.0003333444448148249
12955	0.0003666788892963107
4248	0.000400013333777793
11325	0.000533351111703724
12532	0.000666688889629655
7372	0.0007000233341111373
1523	0.0007666922230741037
1605	0.0007666922230741037
2858	0.0007666922230741037
3332	0.0007666922230741037
4295	0.0007666922230741037
9083	0.0007666922230741037
7867	0.000800026667555586
48	0.0008333611120370683
526	0.0008333611120370683
735	0.0008333611120370683
1493	0.0008333611120370683
4427	0.0008333611120370683
6370	0.0008333611120370683
8928	0.0008333611120370683
9209	0.0008333611120370683
9557	0.0008333611120370683
9581	0.0008333611120370683
11424	0.0008333611120370683
12249	0.0008333611120370683
13154	0.0008333611120370683
216	0.0008666955565185507
270	0.0008666955565185507
364	0.0008666955565185507
383	0.0008666955565185507
464	0.0008666955565185507
510	0.0008666955565185507
923	0.0008666955565185507
1022	0.0008666955565185507
1289	0.0008666955565185507
1304	0.0008666955565185507
1395	0.0008666955565185507
1481	0.0008666955565185507
1500	0.0008666955565185507
1558	0.0008666955565185507
1683	0.0008666955565185507
1931	0.0008666955565185507
1989	0.0008666955565185507
2003	0.0008666955565185507
2671	0.0008666955565185507
3023	0.0008666955565185507
3199	0.0008666955565185507
3501	0.0008666955565185507
3527	0.0008666955565185507
3812	0.0008666955565185507
4012	0.0008666955565185507
4812	0.0008666955565185507
5347	0.0008666955565185507
5585	0.0008666955565185507
5635	0.0008666955565185507
5930	0.0008666955565185507
5944	0.0008666955565185507
5969	0.0008666955565185507
6267	0.0008666955565185507
6516	0.0008666955565185507
6553	0.0008666955565185507
6747	0.0008666955565185507
7336	0.0008666955565185507
7384	0.0008666955565185507
7423	0.0008666955565185507
7450	0.0008666955565185507
7474	0.0008666955565185507
7504	0.0008666955565185507
7556	0.0008666955565185507
7688	0.0008666955565185507
7797	0.0008666955565185507
8010	0.0008666955565185507
8032	0.0008666955565185507
8117	0.0008666955565185507
8185	0.0008666955565185507
8280	0.0008666955565185507
8399	0.0008666955565185507
8860	0.0008666955565185507
8932	0.0008666955565185507
9042	0.0008666955565185507
9104	0.0008666955565185507
9225	0.0008666955565185507
9645	0.0008666955565185507
9668	0.0008666955565185507
9688	0.0008666955565185507
9765	0.0008666955565185507
9915	0.0008666955565185507
9989	0.0008666955565185507
