2249	0.10033179888426258
8800	0.132720947641841
6923	0.1538882095160105
6918	0.16035587326533723
4373	0.18333344408960442
417	0.18381228279336953
11276	0.19895615548210233
1402	0.20035753998756137
6184	0.20711150090554503
8873	0.20973533307118808
2140	0.2305797291106993
1203	0.23736813710779975
2481	0.23857966021208166
8259	0.24039187446537727
4063	0.25417906536505164
2933	0.2601909714475397
9098	0.26900252492072685
7530	0.2723881929602746
3165	0.27714761247715713
13202	0.2838491535876133
7694	0.2839478391513797
10776	0.28736936011400704
5228	0.29744717430201617
7051	0.2994296941206812
5205	0.3017251485622507
3054	0.30378283811065376
3132	0.3131269634053542
1236	0.3204613204814707
6157	0.32070424831150657
2265	0.3256709701676755
2606	0.327349175494698
10385	0.32760491980546164
12347	0.3282957778396368
2032	0.32894922882980915
2271	0.32923853724711316
3923	0.3343047016599515
9155	0.33881521990353625
7927	0.34167278216359187
3958	0.3455494488371428
1417	0.3504845052007831
11694	0.35119378190911477
3926	0.36759432859400426
3848	0.37742798971604163
3689	0.3790992394042977
12929	0.3793775288607725
11829	0.3809602155951429
12416	0.3879945841650315
9851	0.39009365773908555
2083	0.39081695329464927
2881	0.3924559722541441
9798	0.3930626256977762
6985	0.3970974313172724
10583	0.39741750887615634
12159	0.39869812458452836
8984	0.40386320868264936
5082	0.40395172891314535
8965	0.4042276578432178
4189	0.4074404683928671
7869	0.4082065037265241
7616	0.4140188415181252
1449	0.4140740273041396
3906	0.42085128777246517
4528	0.4373521733649727
12553	0.437418506679762
6108	0.437485175568725
9226	0.437595436769182
10575	0.4382086065950212
9721	0.43864537366228473
642	0.4467083380799392
5948	0.44693904078796143
2113	0.4470658739665869
11220	0.4486648146670629
8450	0.4499382644839294
8690	0.45259164344318376
2874	0.4539098033238754
4136	0.454362532632223
9029	0.4572432477720237
6981	0.46076588693245946
8756	0.46723209801352
9528	0.46748461702167865
12153	0.4738388043758293
12458	0.4769990924763232
7916	0.4806543960366091
13125	0.4823644875993045
5972	0.4858651761952788
13181	0.4870338728998847
5116	0.487843069898978
7715	0.49366571743747245
2056	0.49810388748339934
5247	0.5020999291708796
1173	0.5026201237682246
12231	0.5055506264837366
9002	0.5055548927198319
12242	0.5089771907429209
5065	0.5136237179794476
9016	0.5154786510627203
7910	0.515633711400633
2128	0.5206660976529729
5279	0.5233427777340592
4222	0.5238149874543163
