55	3.8347969475016966e-05
298	3.8347969475016966e-05
576	3.8347969475016966e-05
691	3.8347969475016966e-05
701	3.8347969475016966e-05
704	3.8347969475016966e-05
942	3.8347969475016966e-05
1500	3.8347969475016966e-05
2132	3.8347969475016966e-05
2133	3.8347969475016966e-05
2193	3.8347969475016966e-05
2258	3.8347969475016966e-05
2386	3.8347969475016966e-05
2594	3.8347969475016966e-05
2913	3.8347969475016966e-05
2980	3.8347969475016966e-05
3830	3.8347969475016966e-05
4446	3.8347969475016966e-05
4961	3.8347969475016966e-05
5383	3.8347969475016966e-05
5442	3.8347969475016966e-05
5507	3.8347969475016966e-05
6677	3.8347969475016966e-05
7629	3.8347969475016966e-05
7939	3.8347969475016966e-05
8141	3.8347969475016966e-05
8817	3.8347969475016966e-05
9217	3.8347969475016966e-05
9595	3.8347969475016966e-05
9743	3.8347969475016966e-05
10366	3.8347969475016966e-05
11275	3.8347969475016966e-05
11280	3.8347969475016966e-05
11511	3.8347969475016966e-05
11574	3.8347969475016966e-05
11636	3.8347969475016966e-05
11789	3.8347969475016966e-05
11847	3.8347969475016966e-05
11908	3.8347969475016966e-05
12007	3.8347969475016966e-05
12137	3.8347969475016966e-05
12367	3.8347969475016966e-05
12620	3.8347969475016966e-05
12924	3.8347969475016966e-05
12963	3.8347969475016966e-05
13191	3.8347969475016966e-05
10757	0.00015339187790006613
11233	0.00015339187790006613
5281	0.00019173984737508136
8493	0.00019173984737508136
11261	0.00019173984737508136
13243	0.00019173984737508136
8186	0.0002300878168500966
6552	0.00026843578632511356
7922	0.00026843578632511356
9717	0.00026843578632511356
3185	0.0003067837558001305
44	0.00034513172527514575
3410	0.00034513172527514575
8196	0.00034513172527514575
2811	0.0004218276642251797
12335	0.0004218276642251797
3975	0.0004601756337001949
7508	0.0006135675116002593
11495	0.0006135675116002593
12698	0.0006135675116002593
6889	0.000613567511600261
1332	0.0006902634505502932
3704	0.0006902634505502932
9042	0.0006902634505502932
11035	0.0006902634505502932
12338	0.0006902634505502932
1306	0.0007286114200253111
13481	0.0007669593895003263
221	0.0008053073589753424
895	0.0008053073589753424
1131	0.0008053073589753424
1176	0.0008053073589753424
2009	0.0008053073589753424
2312	0.0008053073589753424
3211	0.0008053073589753424
4267	0.0008053073589753424
4556	0.0008053073589753424
5593	0.0008053073589753424
6910	0.0008053073589753424
7213	0.0008053073589753424
9770	0.0008053073589753424
10184	0.0008053073589753424
10652	0.0008053073589753424
10700	0.0008053073589753424
11321	0.0008053073589753424
11338	0.0008053073589753424
11398	0.0008053073589753424
11838	0.0008053073589753424
12120	0.0008053073589753424
12296	0.0008053073589753424
13182	0.0008053073589753424
13267	0.0008053073589753424
2513	0.0008820032979253746
8387	0.0009586992368754077
