10848	0.0037334577819260577
3920	0.005033501116703891
12195	0.008366945564852157
1135	0.011567052235074498
6120	0.01263375445848195
5258	0.014967165572185746
12359	0.016533884462815424
8970	0.016667222240741356
8374	0.019167305576852568
6008	0.02166738891296377
7004	0.02196739891329711
1006	0.0233341111370379
10085	0.0233341111370379
12914	0.024967498916630554
5086	0.026667555585186173
13581	0.031667722257408576
9232	0.03330111003700124
1114	0.03333444448148272
8125	0.03420114003800127
65	0.03500116670555685
138	0.03500116670555685
216	0.03500116670555685
264	0.03500116670555685
297	0.03500116670555685
345	0.03500116670555685
501	0.03500116670555685
707	0.03500116670555685
763	0.03500116670555685
789	0.03500116670555685
815	0.03500116670555685
996	0.03500116670555685
1056	0.03500116670555685
1078	0.03500116670555685
1271	0.03500116670555685
1354	0.03500116670555685
1523	0.03500116670555685
1567	0.03500116670555685
1770	0.03500116670555685
1912	0.03500116670555685
2080	0.03500116670555685
2092	0.03500116670555685
2131	0.03500116670555685
2169	0.03500116670555685
2227	0.03500116670555685
2262	0.03500116670555685
2329	0.03500116670555685
2445	0.03500116670555685
2453	0.03500116670555685
2537	0.03500116670555685
2543	0.03500116670555685
2613	0.03500116670555685
2625	0.03500116670555685
2719	0.03500116670555685
2835	0.03500116670555685
2850	0.03500116670555685
2967	0.03500116670555685
3230	0.03500116670555685
3251	0.03500116670555685
3285	0.03500116670555685
3305	0.03500116670555685
3322	0.03500116670555685
3346	0.03500116670555685
3351	0.03500116670555685
3376	0.03500116670555685
3401	0.03500116670555685
3618	0.03500116670555685
3634	0.03500116670555685
3808	0.03500116670555685
4106	0.03500116670555685
4124	0.03500116670555685
4460	0.03500116670555685
4489	0.03500116670555685
4645	0.03500116670555685
4860	0.03500116670555685
4889	0.03500116670555685
4969	0.03500116670555685
5014	0.03500116670555685
5027	0.03500116670555685
5191	0.03500116670555685
5287	0.03500116670555685
5305	0.03500116670555685
5336	0.03500116670555685
5351	0.03500116670555685
5715	0.03500116670555685
5726	0.03500116670555685
5738	0.03500116670555685
5865	0.03500116670555685
5872	0.03500116670555685
6036	0.03500116670555685
6116	0.03500116670555685
6134	0.03500116670555685
6161	0.03500116670555685
6200	0.03500116670555685
6260	0.03500116670555685
6270	0.03500116670555685
6333	0.03500116670555685
6365	0.03500116670555685
6476	0.03500116670555685
6511	0.03500116670555685
6817	0.03500116670555685
