1450	0.0033334444481482664
6157	0.0058001933397779926
4431	0.0065747219444661446
2130	0.007500250008333606
11583	0.00883362778759292
6547	0.012600861500288591
7031	0.013344814949795999
3729	0.015900971503955377
1727	0.01756702926886861
13102	0.018855702101998717
4387	0.018900630021000703
11470	0.019167415948424582
2041	0.01916741594842459
12093	0.019211454205664155
2425	0.02009194620868633
59	0.020834027800926698
11570	0.02100114150962224
10917	0.02185635396319231
13112	0.022634306316342098
223	0.023745157168561133
1187	0.024222881007962254
6054	0.024301251513289022
6091	0.024644858284573815
13081	0.02483393816583184
5273	0.025178761254137684
743	0.025834194473149108
8450	0.025878232730388674
12239	0.025889269887591566
10913	0.025889380259163597
3171	0.025978787921693267
12329	0.02598927322103601
7129	0.026112125699619203
275	0.026145237171227888
3921	0.029000966698889963
5132	0.02900118521230529
13180	0.02910097003233441
1203	0.0291343044768159
3444	0.029200973365778857
8485	0.029222824707311863
1251	0.030889546931386007
3561	0.032334411147038236
2897	0.032522934710978654
8698	0.03252337619726678
3096	0.03260064075714453
5982	0.0326010867028901
1410	0.03270108557687709
7589	0.03335640842431649
10552	0.03427817716554877
11491	0.03431151161003026
9102	0.034657553245085876
4459	0.034678190499326564
4610	0.03556740631599648
8750	0.03586797263364743
1183	0.03587812012908791
8677	0.03588971360360841
3774	0.03591156494514142
12159	0.036325820671168414
7051	0.036494038095584234
3689	0.036794271068790366
11464	0.03758977027216403
2476	0.037589770272164036
7750	0.03786748298521879
8824	0.039190046580148
2201	0.0392450093932897
11682	0.03927834383777118
11291	0.03927856681064396
9941	0.0398746134347176
12347	0.04002594400861299
7156	0.04087365788447128
10754	0.04091195459023662
12919	0.040945066061845316
5202	0.0409784005063268
6201	0.041000364449160574
6243	0.04257845384143797
3253	0.04261178828591945
574	0.043478483842438
8690	0.044184471700896163
8605	0.04427851050999358
1452	0.04431184495447507
556	0.04564544570660717
4063	0.045911898289586243
3906	0.045945232734067726
7416	0.046012566082191585
9145	0.04713246963304575
10664	0.04724527606884555
4906	0.0473790553330596
12349	0.047495508490193815
5223	0.04762354843266235
542	0.04765665990427106
12257	0.04886111699821432
644	0.0488786638484382
11513	0.04911200495980858
9127	0.04918948803310166
7163	0.049190156951720014
12242	0.04920164005466849
7978	0.049223268423328706
3033	0.04924534273773451
7296	0.050078703849771575
11502	0.05018433836311824
995	0.05067872385043828
