1719	0.005111207162869755
27	0.007800260008666955
287	0.007800260008666955
313	0.007800260008666955
346	0.007800260008666955
404	0.007800260008666955
421	0.007800260008666955
434	0.007800260008666955
473	0.007800260008666955
507	0.007800260008666955
535	0.007800260008666955
560	0.007800260008666955
562	0.007800260008666955
574	0.007800260008666955
603	0.007800260008666955
644	0.007800260008666955
659	0.007800260008666955
689	0.007800260008666955
773	0.007800260008666955
806	0.007800260008666955
868	0.007800260008666955
995	0.007800260008666955
1011	0.007800260008666955
1029	0.007800260008666955
1066	0.007800260008666955
1091	0.007800260008666955
1095	0.007800260008666955
1182	0.007800260008666955
1201	0.007800260008666955
1242	0.007800260008666955
1270	0.007800260008666955
1452	0.007800260008666955
1485	0.007800260008666955
1499	0.007800260008666955
1651	0.007800260008666955
1879	0.007800260008666955
1889	0.007800260008666955
2057	0.007800260008666955
2093	0.007800260008666955
2138	0.007800260008666955
2155	0.007800260008666955
2160	0.007800260008666955
2175	0.007800260008666955
2201	0.007800260008666955
2247	0.007800260008666955
2328	0.007800260008666955
2426	0.007800260008666955
2452	0.007800260008666955
2482	0.007800260008666955
2493	0.007800260008666955
2510	0.007800260008666955
2567	0.007800260008666955
2588	0.007800260008666955
2593	0.007800260008666955
2623	0.007800260008666955
2895	0.007800260008666955
2932	0.007800260008666955
2941	0.007800260008666955
2971	0.007800260008666955
2998	0.007800260008666955
3033	0.007800260008666955
3080	0.007800260008666955
3089	0.007800260008666955
3224	0.007800260008666955
3253	0.007800260008666955
3275	0.007800260008666955
3348	0.007800260008666955
3409	0.007800260008666955
3439	0.007800260008666955
3459	0.007800260008666955
3461	0.007800260008666955
3592	0.007800260008666955
3746	0.007800260008666955
3774	0.007800260008666955
3952	0.007800260008666955
3994	0.007800260008666955
3996	0.007800260008666955
4069	0.007800260008666955
4074	0.007800260008666955
4092	0.007800260008666955
4163	0.007800260008666955
4246	0.007800260008666955
4251	0.007800260008666955
4280	0.007800260008666955
4291	0.007800260008666955
4308	0.007800260008666955
4414	0.007800260008666955
4435	0.007800260008666955
4459	0.007800260008666955
4506	0.007800260008666955
4527	0.007800260008666955
4582	0.007800260008666955
4648	0.007800260008666955
4794	0.007800260008666955
4913	0.007800260008666955
4971	0.007800260008666955
4992	0.007800260008666955
5113	0.007800260008666955
5124	0.007800260008666955
5149	0.007800260008666955
