9957	0.02485546062237748
2567	0.028422908411328315
3993	0.03330111003700124
2106	0.03333455485305475
7881	0.03346789263098066
347	0.035006685284158304
4475	0.036612146826298896
4222	0.03801682910054639
2881	0.03842887293567533
3046	0.03843968712000545
13202	0.0386768956958543
10600	0.0392014170817957
10603	0.04002351806375709
318	0.04009018695272005
2123	0.04153526968178761
5023	0.041668165973425424
732	0.04167357418045484
12497	0.042603733390890075
11607	0.04341259424366543
7918	0.043456742872477014
2953	0.04463923602358652
1827	0.0450016104215737
11694	0.047135014868388586
12463	0.048279202394817845
7156	0.04839564886276588
11570	0.049889628427971
4911	0.0500569628798106
11270	0.0500569628798106
4092	0.050090297324292085
8692	0.050090297324292085
3165	0.050111927922681015
4396	0.050168890802491636
11587	0.05087123193961538
2933	0.051601386712890426
8690	0.05164046270884615
2510	0.05182368843732917
8897	0.05287792090282608
10071	0.05317892424730768
4189	0.05331336574095392
5696	0.053390407327958876
10407	0.053557079550366295
5215	0.05512379844099597
3689	0.055563881114877756
2247	0.05592382510855155
2160	0.05672385177610715
2118	0.056724074748979926
4284	0.056724074748979926
7232	0.056724074748979926
9203	0.05689052399851456
12440	0.0580171624449912
2064	0.05807323789276811
7938	0.058362870735602
5560	0.05846916747838084
13023	0.05853539488105568
4795	0.058757475862350375
1895	0.05880902384594537
8824	0.06000166672222407
4151	0.0600354448827224
6964	0.0600354448827224
5965	0.06079308217743268
10697	0.06166883266231506
5082	0.061679090529327574
3732	0.06185757919912827
9721	0.06205328137470804
6925	0.06329140179812014
9098	0.06332385104029667
9701	0.06334614832757524
11693	0.06336833301355307
2897	0.06336888933087068
8061	0.06336888933087068
5691	0.06339074067240369
12071	0.06341303795968227
3980	0.06342385214401239
11260	0.06343488930121528
3906	0.06345740956136665
3091	0.06349140846500903
3926	0.0635022271087966
32	0.06350266859508473
13142	0.06375885662186509
6091	0.06484653167368679
4954	0.06536862265531482
10537	0.06623554118470615
10628	0.06655685066871236
2128	0.0666023304455745
11263	0.06665740586001696
4152	0.06666888896296544
10410	0.06666888896296544
2940	0.06666899933453746
8677	0.06666899933453746
1203	0.0666906299329264
5982	0.0666906299329264
7931	0.0666906299329264
9944	0.06670233377901895
10983	0.06670233377901895
8696	0.06671248127445942
8709	0.06672407474897993
7261	0.06672418512055195
8428	0.06672418512055195
9545	0.06672418512055195
13361	0.06672418512055195
