6929	0.9085626142945009
5978	0.9093269664172751
2885	0.9171491881390471
8666	0.9176960313392832
6276	0.9410864431266994
5116	0.9575728321378828
7910	0.9624058806419522
9016	0.9943087166450699
5656	1.0188188112401961
2867	1.0241975657828504
6985	1.027175710762265
7270	1.038400054806732
5053	1.062486475301685
12231	1.0690325129009315
7972	1.0724658480812235
730	1.074364351721423
11220	1.0755562520980353
13388	1.0878498279931517
10648	1.1170880712746165
13	1.1310937276504536
10428	1.1335256325712528
5242	1.1402034482531802
7298	1.1416738428627664
5065	1.1477354652066998
12458	1.150592086625853
4528	1.1517710568055723
5279	1.1759276044987452
2113	1.1872144890894356
1173	1.2050066105882458
70	1.2068614104305146
12416	1.2071040049161057
1402	1.2238822676474943
13125	1.2551303549583201
8673	1.2627020677723817
2217	1.275030349395147
5247	1.275729591209339
3958	1.2952421702797003
10776	1.3001871511659084
2106	1.3008493805980823
12336	1.302355229009306
7616	1.314106121263128
8259	1.320497081229352
75	1.3413252013640142
3923	1.3605961882118478
4373	1.3618300041439508
766	1.3722792855636994
6003	1.3772756750754567
8756	1.377419714436412
3132	1.3810997702153058
1417	1.3839762317606794
9528	1.3870450096385598
10351	1.3935007432243283
3054	1.3972432302927376
10385	1.4009979764096931
9767	1.4039872666881537
7622	1.4051344643483656
12153	1.4161512552090643
2243	1.4169017451083374
6184	1.4266798848701867
2271	1.4290569986669566
1236	1.4338007476503396
2606	1.434010007691449
12929	1.4641143556513199
5301	1.4647846132217786
417	1.4772793418643495
9762	1.484270657405414
13298	1.4940241854215652
2056	1.4972917146290605
9851	1.5025448440254587
5205	1.509105471854636
6093	1.5147460322256001
3689	1.518994512749087
2881	1.5191841400287478
3926	1.5276569408500908
7869	1.5287713592682741
4112	1.5306678617269405
13178	1.5307349721021914
2249	1.5338701936664332
6170	1.5409445654877458
7694	1.5440804537408772
6909	1.547474273668654
2083	1.550879565550736
840	1.5571823408606373
12159	1.5587607368406147
3906	1.5609465677841436
10659	1.566884558359303
4910	1.5845816934143064
8800	1.5952603091229016
6108	1.5975477878248117
9721	1.598707985918371
71	1.603933063097644
642	1.606770950336026
6918	1.6104734137737702
2933	1.6119933083611149
5964	1.6174431578042565
5948	1.625273127833358
6092	1.6375879084486762
8873	1.6406069722948398
9098	1.6424722507472658
6923	1.647361935475887
