7831	0.0
1421	3.3334444481489256e-05
4509	3.3334444481489256e-05
6285	3.3334444481489256e-05
7712	3.3334444481489256e-05
10767	3.3334444481489256e-05
11057	3.3334444481489256e-05
6998	0.00023334111137038316
12403	0.0007666922230741002
4516	0.0011000366678889234
11409	0.0015333844461482005
197	0.0016333877795926544
1609	0.0016333877795926544
12956	0.0016333877795926544
3745	0.0016667222240741297
2379	0.0016667222240741436
3676	0.0016667222240741436
4104	0.0016667222240741436
5105	0.0016667222240741436
5903	0.0016667222240741436
5975	0.0016667222240741436
8286	0.0016667222240741436
8773	0.0016667222240741436
9943	0.0016667222240741436
10598	0.0016667222240741436
11148	0.0016667222240741436
11443	0.0016667222240741436
12453	0.0016667222240741436
12938	0.0016667222240741436
13034	0.0016667222240741436
4594	0.0018000600020000729
4948	0.0018333944464815483
505	0.0028000933364445563
1179	0.002966765558851961
10750	0.002966765558851961
2619	0.0030001000033334363
11561	0.003300110003666798
4190	0.0033667788926297626
2134	0.004966832227740928
4261	0.004966832227740928
2099	0.005000166672222403
6493	0.005000166672222403
7829	0.005000166672222403
12305	0.005000166672222403
4713	0.005566852228407609
2233	0.006633554451815057
3471	0.006633554451815057
3535	0.006633554451815057
4917	0.006633554451815057
6449	0.006633554451815057
8396	0.006633554451815057
9769	0.006633554451815057
11754	0.006633554451815057
1638	0.006666888896296547
11141	0.006666888896296547
2472	0.006700223340778022
5323	0.006700223340778022
10087	0.006700223340778022
11576	0.006700223340778022
5288	0.007300243341444704
11428	0.007533584452815101
5553	0.008200273342444747
11692	0.008200273342444747
1279	0.008300276675889187
1445	0.008300276675889187
1874	0.008300276675889187
2327	0.008300276675889187
2347	0.008300276675889187
3100	0.008300276675889187
3911	0.008300276675889187
4147	0.008300276675889187
4252	0.008300276675889187
8976	0.008300276675889187
7	0.008333611120370676
211	0.008333611120370676
280	0.008333611120370676
449	0.008333611120370676
538	0.008333611120370676
555	0.008333611120370676
614	0.008333611120370676
898	0.008333611120370676
1149	0.008333611120370676
1305	0.008333611120370676
1520	0.008333611120370676
1563	0.008333611120370676
2074	0.008333611120370676
2085	0.008333611120370676
2669	0.008333611120370676
2854	0.008333611120370676
2923	0.008333611120370676
3150	0.008333611120370676
3242	0.008333611120370676
3375	0.008333611120370676
4113	0.008333611120370676
4138	0.008333611120370676
4249	0.008333611120370676
5148	0.008333611120370676
5572	0.008333611120370676
6029	0.008333611120370676
6814	0.008333611120370676
