4166	0.02336744558151941
1104	0.033401113370445705
5414	0.034967832261075395
12296	0.04000133337777928
5339	0.040068002266742245
7205	0.04010133671122369
9187	0.043368112270409
11543	0.04343478115937197
12284	0.046634887829594344
6311	0.048334944498149957
13099	0.0486349544984833
2875	0.050001666722224086
4460	0.050068335611187065
1235	0.05330177672589088
13047	0.053335111170372373
8271	0.053368445614853856
79	0.05666855561852061
3263	0.05670189006300212
12109	0.05833527784259477
704	0.05836861228707625
1367	0.06000200006666889
10861	0.06006866895563187
4142	0.06043534784492816
7823	0.0659688656288543
5991	0.06663555451848395
8973	0.06663555451848396
3988	0.06670222340744694
10656	0.06683556118537287
1273	0.06833561118703957
12375	0.068502283409447
740	0.07000233341111371
7285	0.07206906896896564
8896	0.07313577119237308
1606	0.07323577452581753
7191	0.07326910897029901
12912	0.07326910897029901
4958	0.07330244341478051
9889	0.07333577785926199
5294	0.07343578119270644
12266	0.07413580452681758
3065	0.07650255008500284
5198	0.07653588452948432
7011	0.07663588786292876
5954	0.07663588786292877
9906	0.07670255675189173
3008	0.07826927564252145
6296	0.07830261008700291
846	0.07836927897596589
11336	0.07936931231041035
9138	0.0798359945331511
12267	0.07993599786659555
8714	0.07996933231107703
1007	0.07996933231107704
9746	0.08003600120003998
5206	0.08003600120004001
6259	0.08290276342544751
117	0.08330277675922529
7314	0.08330277675922532
9842	0.08333611120370679
1535	0.08333611120370682
9788	0.08336944564818827
5097	0.08340278009266971
5314	0.08340278009266977
13131	0.08526950898363278
8827	0.08530284342811428
12233	0.0856695223174106
5340	0.08593619787326245
1190	0.08636954565152173
4093	0.08666955565185505
10716	0.08666955565185508
4934	0.08670289009633655
9031	0.08683622787426251
9023	0.08813627120904033
10605	0.08823627454248475
10432	0.08830294343144772
7210	0.08833627787592921
723	0.08836961232041071
12229	0.08930297676589222
7103	0.08993633121104036
82	0.08996966565552184
9135	0.08996966565552186
12275	0.08996966565552186
5137	0.0900030001000033
2244	0.09000300010000334
2335	0.09000300010000334
6167	0.09000300010000334
7021	0.09000300010000334
10685	0.09000300010000334
10778	0.09000300010000334
10400	0.09003633454448479
10419	0.09003633454448481
10445	0.09003633454448481
9692	0.09003633454448483
12377	0.09003633454448483
12356	0.0900696689889663
9898	0.09006966898896632
1531	0.09010300343344776
2050	0.09010300343344779
12057	0.09010300343344782
10548	0.09016967232241076
