3778	0.04910475097126369
3111	0.0564272313741054
4488	0.06589200886233998
6635	0.07677311133341366
13415	0.08228502402155001
7413	0.08235329002339055
7040	0.08282956816322876
2435	0.0900029621803261
3095	0.09522060601862455
5715	0.09827892543312071
9699	0.10057356643440432
2427	0.10847538645046483
12643	0.10987931211267668
7684	0.11120650567294896
10682	0.11204149624898908
10626	0.11341880996302205
11338	0.11724856620381567
12112	0.11731127970008255
11175	0.11821292323304737
3442	0.12003653237826697
12058	0.12066323704356302
10538	0.12430902335059278
7199	0.12766564714190248
1521	0.12767990546578845
11140	0.13350624300246072
4011	0.1342446376845667
1431	0.13459394739536515
688	0.1362793976567824
1181	0.1383861965571463
1508	0.13896908439669584
11402	0.13968163366156022
5312	0.1399504323001712
1376	0.14101713452357864
11252	0.14140081748369
9688	0.14376091962777288
8565	0.1451556229674707
3259	0.1458284475710294
10582	0.1460086099779451
9959	0.14604549586828222
12120	0.14661999286072996
2104	0.14709037995804763
683	0.14744813533478227
10882	0.14773715186392794
8761	0.1478057612939675
3323	0.14799040995904766
2868	0.14891739786569005
12337	0.14934205442609338
1272	0.15025478314134272
12864	0.1504611429685509
2417	0.15208449989496184
12060	0.15231125462749215
1290	0.15254505918824324
12365	0.1527521948131917
4123	0.1532519910550323
7096	0.1533735719134244
7766	0.15368939483474287
337	0.15391756453791247
10694	0.15425429642180663
9882	0.1549660000735335
4972	0.15528234984524472
537	0.15588462656585086
13317	0.15605676210198635
11687	0.15705500981556517
6388	0.15710897999027884
9633	0.15715501314900962
3002	0.15730006314460604
5153	0.15733278050343927
8948	0.1573359445628101
11085	0.15823878334429717
3007	0.1584113899795065
4275	0.1592235343277272
484	0.1592847399029621
11035	0.15980539230041652
9570	0.16020897100455045
1750	0.16026731043256015
3855	0.16076972214793372
8538	0.16076972214793372
4397	0.16091812768255476
5999	0.16091812768255476
10049	0.16155515982056534
3501	0.16166888822009667
5141	0.16172361766383841
7980	0.16218116741019303
10100	0.16229566314488184
4027	0.16234605314422776
13136	0.16258484990662891
4926	0.16267583221868648
11700	0.16271818768455482
453	0.1627236509982829
8073	0.16279090330882598
8927	0.16314830755868623
13374	0.16329138300899262
8762	0.1635369598016679
13083	0.1636195939566145
13682	0.1636195939566145
11048	0.16368533636325236
6017	0.16422370099994962
4099	0.1643363664119095
9915	0.1643363664119095
12096	0.16435703877787555
