7471	0.000133337777925931
10515	0.0004666822227407581
8466	0.0006666888896296541
17	0.0008000266675555852
23	0.0008000266675555852
157	0.0008000266675555852
170	0.0008000266675555852
179	0.0008000266675555852
210	0.0008000266675555852
211	0.0008000266675555852
237	0.0008000266675555852
302	0.0008000266675555852
327	0.0008000266675555852
328	0.0008000266675555852
359	0.0008000266675555852
375	0.0008000266675555852
409	0.0008000266675555852
481	0.0008000266675555852
485	0.0008000266675555852
509	0.0008000266675555852
520	0.0008000266675555852
605	0.0008000266675555852
625	0.0008000266675555852
635	0.0008000266675555852
650	0.0008000266675555852
669	0.0008000266675555852
800	0.0008000266675555852
888	0.0008000266675555852
922	0.0008000266675555852
932	0.0008000266675555852
934	0.0008000266675555852
940	0.0008000266675555852
969	0.0008000266675555852
971	0.0008000266675555852
978	0.0008000266675555852
983	0.0008000266675555852
986	0.0008000266675555852
987	0.0008000266675555852
1024	0.0008000266675555852
1037	0.0008000266675555852
1051	0.0008000266675555852
1055	0.0008000266675555852
1137	0.0008000266675555852
1172	0.0008000266675555852
1179	0.0008000266675555852
1247	0.0008000266675555852
1287	0.0008000266675555852
1377	0.0008000266675555852
1386	0.0008000266675555852
1421	0.0008000266675555852
1490	0.0008000266675555852
1494	0.0008000266675555852
1506	0.0008000266675555852
1529	0.0008000266675555852
1568	0.0008000266675555852
1580	0.0008000266675555852
1593	0.0008000266675555852
1632	0.0008000266675555852
1644	0.0008000266675555852
1657	0.0008000266675555852
1659	0.0008000266675555852
1667	0.0008000266675555852
1675	0.0008000266675555852
1681	0.0008000266675555852
1726	0.0008000266675555852
1731	0.0008000266675555852
1740	0.0008000266675555852
1745	0.0008000266675555852
1747	0.0008000266675555852
1762	0.0008000266675555852
1783	0.0008000266675555852
1791	0.0008000266675555852
1797	0.0008000266675555852
1942	0.0008000266675555852
1963	0.0008000266675555852
1964	0.0008000266675555852
2002	0.0008000266675555852
2088	0.0008000266675555852
2119	0.0008000266675555852
2120	0.0008000266675555852
2189	0.0008000266675555852
2215	0.0008000266675555852
2231	0.0008000266675555852
2284	0.0008000266675555852
2292	0.0008000266675555852
2295	0.0008000266675555852
2309	0.0008000266675555852
2373	0.0008000266675555852
2385	0.0008000266675555852
2389	0.0008000266675555852
2393	0.0008000266675555852
2404	0.0008000266675555852
2533	0.0008000266675555852
2550	0.0008000266675555852
2565	0.0008000266675555852
2608	0.0008000266675555852
2609	0.0008000266675555852
2626	0.0008000266675555852
2627	0.0008000266675555852
2630	0.0008000266675555852
