7366	0.0
11954	3.333444448148232e-05
8620	0.00010000333344444782
9630	0.00010000333344444782
9836	0.00010000333344444782
8524	0.000133337777925931
11454	0.000133337777925931
6681	0.00016667222240741332
12682	0.00016667222240741332
1155	0.0002000066668888965
8392	0.0002000066668888965
8972	0.0002000066668888965
11876	0.00023334111137037882
9809	0.000266675555851862
10094	0.000266675555851862
11099	0.000266675555851862
416	0.0003000100003333443
3282	0.0003000100003333443
11597	0.00033334444481482664
9119	0.0003333444448148275
349	0.0003666788892963098
2055	0.0003666788892963098
6592	0.00040001333377779214
5135	0.000400013333777793
7287	0.000400013333777793
10884	0.000400013333777793
12750	0.000400013333777793
11585	0.0004333477782592753
13350	0.0004333477782592753
3050	0.00046668222274075764
4184	0.00046668222274075764
13457	0.0004666822227407585
4977	0.0005000166672222408
13386	0.0005000166672222408
2695	0.0005333511117037231
3821	0.0005666855561852063
4337	0.0005666855561852063
1558	0.0006000200006666886
3311	0.0006000200006666886
3636	0.0006000200006666886
7142	0.0006000200006666886
7342	0.0006000200006666886
9797	0.0006000200006666886
11299	0.0006000200006666886
11684	0.0006000200006666886
12324	0.0006000200006666886
12539	0.0006000200006666886
11196	0.0006333544451481718
2655	0.0007000233341111373
463	0.0007333577785926196
866	0.0007333577785926196
1079	0.0007333577785926196
1627	0.0007333577785926196
1720	0.0007333577785926196
2954	0.0007333577785926196
3175	0.0007333577785926196
3524	0.0007333577785926196
3918	0.0007333577785926196
4707	0.0007333577785926196
5364	0.0007333577785926196
7202	0.0007333577785926196
7900	0.0007333577785926196
10061	0.0007333577785926196
10862	0.0007333577785926196
479	0.000766692223074102
1102	0.000766692223074102
1818	0.000766692223074102
3081	0.000766692223074102
3386	0.000766692223074102
3816	0.000766692223074102
4683	0.000766692223074102
6077	0.000766692223074102
6356	0.000766692223074102
6799	0.000766692223074102
7206	0.000766692223074102
7836	0.000766692223074102
8033	0.000766692223074102
8461	0.000766692223074102
8732	0.000766692223074102
9439	0.000766692223074102
3443	0.0007666922230741028
4410	0.0007666922230741028
10315	0.0007666922230741028
3419	0.0008333611120370675
12662	0.0008333611120370675
105	0.0009000300010000338
448	0.0009000300010000338
482	0.0009000300010000338
590	0.0009000300010000338
611	0.0009000300010000338
686	0.0009000300010000338
725	0.0009000300010000338
760	0.0009000300010000338
807	0.0009000300010000338
894	0.0009000300010000338
945	0.0009000300010000338
1013	0.0009000300010000338
1025	0.0009000300010000338
1288	0.0009000300010000338
1356	0.0009000300010000338
