143	0.0
413	0.0
478	0.0
1223	0.0
1474	0.0
3009	0.0
3296	0.0
3961	0.0
4207	0.0
4852	0.0
5036	0.0
6027	0.0
6295	0.0
6628	0.0
7597	0.0
7724	0.0
8127	0.0
8143	0.0
8840	0.0
11122	0.0
11522	0.0
11974	0.0
13450	0.0
73	3.333444448148232e-05
630	3.333444448148232e-05
836	3.333444448148232e-05
1484	3.333444448148232e-05
2240	3.333444448148232e-05
2531	3.333444448148232e-05
3057	3.333444448148232e-05
3375	3.333444448148232e-05
4917	3.333444448148232e-05
5384	3.333444448148232e-05
6038	3.333444448148232e-05
6449	3.333444448148232e-05
6902	3.333444448148232e-05
7151	3.333444448148232e-05
7644	3.333444448148232e-05
9818	3.333444448148232e-05
10178	3.333444448148232e-05
10943	3.333444448148232e-05
11340	3.333444448148232e-05
11494	3.333444448148232e-05
12078	3.333444448148232e-05
12099	3.333444448148232e-05
13336	3.333444448148232e-05
2377	6.666888896296463e-05
13428	0.00016667222240741159
9812	0.0002000066668888939
9013	0.0007000233341111356
5381	0.0012667088902963489
6041	0.0012667088902963489
2327	0.0016667222240741367
3052	0.0016667222240741367
4531	0.0016667222240741367
6087	0.0016667222240741367
8400	0.0016667222240741367
8671	0.0016667222240741367
8792	0.0016667222240741367
10813	0.0016667222240741367
11995	0.0016667222240741367
12050	0.0016667222240741367
1250	0.001700056668555619
5733	0.002033401113370442
6136	0.0022667422247408253
8868	0.0025000833361112085
10375	0.0025000833361112085
186	0.003166772225740855
12728	0.003300110003666791
12993	0.003300110003666791
1122	0.0033667788926297487
3714	0.003500116670555692
11835	0.0038001266708890327
13638	0.0042001400046668275
10473	0.004566818893963126
5046	0.004600153338444615
10533	0.004600153338444615
8294	0.005000166672222403
1403	0.00500016667222241
3672	0.00500016667222241
1185	0.005300176672555751
12593	0.006266875562518752
5903	0.006500216673889128
931	0.006633554451815057
4104	0.006633554451815057
5940	0.006633554451815057
8996	0.006633554451815057
449	0.00666688889629654
7863	0.00666688889629654
11086	0.00666688889629654
11292	0.00666688889629654
11354	0.006666888896296547
1479	0.006700223340778022
2222	0.006700223340778022
5934	0.006700223340778022
6105	0.006700223340778022
6625	0.006700223340778022
6744	0.006700223340778022
9736	0.006700223340778022
11716	0.007566918897296576
