13306	0.000133337777925931
459	0.003300110003666789
530	0.003300110003666789
1397	0.003300110003666789
1613	0.003300110003666789
1715	0.003300110003666789
4615	0.003300110003666789
5461	0.003300110003666789
6460	0.003300110003666789
8035	0.003300110003666789
10571	0.003300110003666789
11615	0.003300110003666789
11900	0.003300110003666789
12276	0.003300110003666789
8907	0.0033384579731418054
2208	0.00343344778159272
3346	0.00343344778159272
6161	0.00343344778159272
7368	0.00343344778159272
7676	0.00343344778159272
1304	0.0037667922264075465
11531	0.0039001300043334775
8914	0.00393346444881496
13132	0.004033467782259409
4139	0.004300143338111271
7291	0.004373853148967245
13055	0.0044505490879172774
5404	0.004600153338444615
10649	0.004600153338444615
1407	0.004833494449814993
2440	0.004833494449814993
3130	0.004833494449814993
5538	0.004833494449814993
5753	0.004833494449814993
7256	0.004833494449814993
7372	0.004833494449814993
7461	0.004833494449814993
3510	0.004896485645915542
684	0.005100170005666857
4481	0.005100170005666857
6112	0.0051335044501483375
6453	0.0051335044501483375
10906	0.0051335044501483375
2852	0.005216974144565156
13152	0.005291909853041939
3018	0.005296498979693335
3020	0.005596508980026681
10918	0.005883930200621035
6546	0.005945585564590466
12486	0.006000200006666888
1346	0.006400213340444681
2938	0.006466882229407648
4188	0.006466882229407648
7742	0.006466882229407648
9089	0.006466882229407648
2355	0.00650021667388913
3074	0.00650021667388913
3344	0.00650021667388913
6321	0.00650021667388913
2444	0.006633554451815061
6129	0.006633554451815061
6930	0.006633554451815061
8415	0.006766892229740992
11390	0.006766892229740992
2713	0.006783960201621068
2961	0.006800226674222474
5420	0.006866895563185439
9444	0.006866895563185439
7956	0.006996555648248954
13438	0.006996555648248954
9119	0.007066902230074336
267	0.007096558981693403
333	0.007096558981693403
461	0.007096558981693403
620	0.007096558981693403
1571	0.007096558981693403
1810	0.007096558981693403
1819	0.007096558981693403
1937	0.007096558981693403
2410	0.007096558981693403
2417	0.007096558981693403
2716	0.007096558981693403
2823	0.007096558981693403
3145	0.007096558981693403
3259	0.007096558981693403
3300	0.007096558981693403
3303	0.007096558981693403
3313	0.007096558981693403
3815	0.007096558981693403
3850	0.007096558981693403
4205	0.007096558981693403
4590	0.007096558981693403
4690	0.007096558981693403
5406	0.007096558981693403
5501	0.007096558981693403
5669	0.007096558981693403
5828	0.007096558981693403
6056	0.007096558981693403
6132	0.007096558981693403
6229	0.007096558981693403
