12815	0.0002515723270440258
8223	0.0007547169811320774
7595	0.001320754716981131
4928	0.0018867924528301865
8608	0.0018867924528301865
1348	0.0029559748427672936
11218	0.0032075471698113193
6906	0.004716981132075471
10854	0.005723270440251574
2097	0.0059748427672956
8890	0.0059748427672956
12981	0.0059748427672956
5046	0.006415094339622642
2044	0.006540880503144655
4546	0.006540880503144655
10838	0.006540880503144655
13095	0.006540880503144655
186	0.0066037735849056615
1249	0.0066037735849056615
3084	0.0066037735849056615
4057	0.0066037735849056615
6938	0.0066037735849056615
8321	0.0066037735849056615
12050	0.0066037735849056615
13077	0.0066037735849056615
9863	0.007610062893081762
13204	0.007798742138364781
2235	0.008113207547169812
5662	0.008113207547169812
6798	0.008113207547169812
8551	0.008113207547169812
8567	0.008113207547169812
13009	0.008113207547169812
1262	0.010754716981132076
3058	0.012264150943396227
3483	0.012264150943396227
7486	0.012264150943396227
7863	0.012264150943396227
9088	0.012264150943396227
9992	0.012264150943396227
12517	0.012327044025157233
0	0.012830188679245284
1	0.012830188679245284
2	0.012830188679245284
3	0.012830188679245284
4	0.012830188679245284
5	0.012830188679245284
6	0.012830188679245284
7	0.012830188679245284
8	0.012830188679245284
9	0.012830188679245284
10	0.012830188679245284
11	0.012830188679245284
12	0.012830188679245284
13	0.012830188679245284
15	0.012830188679245284
16	0.012830188679245284
17	0.012830188679245284
18	0.012830188679245284
20	0.012830188679245284
22	0.012830188679245284
23	0.012830188679245284
24	0.012830188679245284
25	0.012830188679245284
26	0.012830188679245284
27	0.012830188679245284
28	0.012830188679245284
29	0.012830188679245284
30	0.012830188679245284
31	0.012830188679245284
32	0.012830188679245284
33	0.012830188679245284
34	0.012830188679245284
35	0.012830188679245284
36	0.012830188679245284
37	0.012830188679245284
38	0.012830188679245284
39	0.012830188679245284
40	0.012830188679245284
41	0.012830188679245284
42	0.012830188679245284
43	0.012830188679245284
44	0.012830188679245284
45	0.012830188679245284
47	0.012830188679245284
48	0.012830188679245284
49	0.012830188679245284
50	0.012830188679245284
51	0.012830188679245284
52	0.012830188679245284
53	0.012830188679245284
54	0.012830188679245284
55	0.012830188679245284
56	0.012830188679245284
57	0.012830188679245284
58	0.012830188679245284
59	0.012830188679245284
60	0.012830188679245284
62	0.012830188679245284
63	0.012830188679245284
