7092	0.9756022140814099
151	1.0155276166476381
5947	1.1278012385010958
6598	1.1864182816305888
9638	1.2319197983478125
7580	1.2559890317348166
8955	1.2602540761570729
6977	1.2910843116747275
177	1.2918551295255187
12263	1.2935082530544422
4900	1.3004282244563148
2383	1.3137881686835025
13284	1.3254034001694601
7581	1.3289776831322446
2031	1.3392410881424397
2934	1.3434901840273352
9008	1.346692647093503
13113	1.3890067326181708
6958	1.4027488602125788
10558	1.428510950825129
108	1.4315931207918942
11466	1.4334931841273386
1232	1.436196540905898
3940	1.4384600163550796
754	1.444960210178321
8682	1.4458064037183185
5908	1.4487492442966645
5921	1.4497640707271646
1113	1.4557128215587782
9591	1.4626547775699625
4979	1.4757853180481426
269	1.4839615330723035
2910	1.4879628767869322
1129	1.4889899359798513
239	1.489195040855896
5042	1.4992953775337856
710	1.5042048474267056
11267	1.506162273096971
6264	1.5098082011159797
1335	1.5154959175517861
7883	1.5226981157949955
9824	1.5251962408958977
13138	1.5302297420126014
92	1.5416785882777573
8072	1.542477976430873
10485	1.5441001376924575
12939	1.5521137704458483
6983	1.5538461692770587
3255	1.5557921627207427
10349	1.5560163027115737
9648	1.5591640398225284
10350	1.5610927983579268
10363	1.5619307987144917
4950	1.5718644631699736
2887	1.5789980342890106
6934	1.5851982409625665
3077	1.588613737428025
12312	1.5906587889939061
4956	1.5911841005252034
7030	1.5956014162458043
7576	1.5968652965310854
3223	1.6014987843140118
4901	1.6225859374806977
8778	1.6296330554563832
829	1.6364465539871138
2046	1.6385333521329388
13061	1.6430985053912401
5055	1.643321221532507
5973	1.6445020125368324
7634	1.6450402511033482
12072	1.6484706942812832
6916	1.649978700964828
2878	1.6502004077014578
4047	1.6502337421459394
9814	1.6534109709293825
286	1.6570709809575057
12074	1.6664342821639397
8220	1.6718072000427104
2261	1.675001234395681
7736	1.6756421783039124
11346	1.6822014744036813
164	1.6835681866274221
1530	1.686834962186607
3956	1.686868296631089
11264	1.6869016310755702
12581	1.7000314791946907
1141	1.7018354622032745
4974	1.701857406167487
8777	1.7026660417165391
12058	1.702922679770946
12951	1.7032688433159784
10531	1.705706495499049
10005	1.7074327810325467
11221	1.7085366506224142
1239	1.7085571002847852
9523	1.7166026211085714
5337	1.7225694866707566
3938	1.7236028544496829
7255	1.7266467454552
2989	1.7279896660362128
