586	0.0018667288909630323
6250	0.008200273342444749
53	0.008266942231407715
1922	0.008266942231407715
6240	0.008266942231407715
6653	0.008266942231407715
13290	0.008266942231407715
5064	0.008300276675889198
4574	0.0083002766758892
377	0.008333611120370678
11407	0.008333611120370678
11549	0.008333611120370678
4314	0.00833361112037068
9942	0.00833361112037068
10650	0.008366945564852164
6599	0.009533651121704057
2704	0.010000333344444815
9773	0.010000333344444815
10637	0.010033667788926295
753	0.010033667788926297
9206	0.010033667788926297
3723	0.010100336677889264
4306	0.010133671122370744
7656	0.01020034001133371
9253	0.01020034001133371
114	0.010200340011333712
1231	0.010200340011333712
2138	0.010200340011333712
3849	0.010200340011333712
6345	0.010200340011333712
8046	0.010200340011333712
9321	0.010200340011333712
9560	0.010200340011333712
10997	0.010200340011333712
2123	0.010300343344778157
7246	0.010300343344778157
8706	0.010300343344778157
9564	0.010300343344778157
9886	0.010300343344778157
10335	0.010300343344778157
12855	0.010300343344778157
13403	0.010300343344778157
12946	0.010367012233741126
2554	0.010467015567185574
4247	0.010500350011667055
11983	0.01053368445614854
5532	0.01066702223407447
2484	0.010767025567518919
12374	0.010767025567518919
2995	0.010800360012000403
11794	0.010800360012000403
12052	0.010800360012000403
5648	0.010833694456481883
7872	0.010833694456481883
10106	0.010833694456481883
12145	0.010833694456481883
11320	0.010900363345444848
5031	0.010933697789926332
27	0.010967032234407812
595	0.010967032234407812
8236	0.010967032234407812
11207	0.010967032234407812
10076	0.010967032234407814
4913	0.011000366678889295
642	0.011033701123370779
1475	0.011033701123370779
11473	0.011033701123370779
11579	0.011033701123370779
11867	0.011033701123370779
11524	0.011067035567852263
1817	0.011133704456815226
4440	0.011133704456815226
13268	0.011200373345778194
5088	0.011267042234741157
5143	0.01130037667922264
8587	0.011333711123704123
1884	0.011367045568185607
12888	0.011367045568185607
1686	0.011400380012667088
2351	0.011400380012667088
2596	0.011400380012667088
5653	0.011400380012667088
8275	0.011400380012667088
8889	0.011400380012667088
9470	0.011400380012667088
10213	0.011400380012667088
10800	0.011400380012667088
11871	0.011400380012667088
13590	0.011400380012667088
13735	0.011400380012667088
10817	0.011500383346111538
7828	0.011533717790593019
1501	0.011567052235074503
5149	0.011600386679555985
7338	0.011600386679555985
95	0.011633721124037467
243	0.011633721124037467
261	0.011633721124037467
262	0.011633721124037467
263	0.011633721124037467
