7379	0.12983766125537513
11359	0.13317110570352342
6117	0.13747124904163474
1305	0.17467248908296942
6087	0.1749058301943398
9531	0.1834061135371179
22	0.18377279242641423
10670	0.1865395513183773
6938	0.1866062202073403
12113	0.19333977799259974
8967	0.19733991133037765
7001	0.20507350245008166
2945	0.20544018133937803
12376	0.2065735524517484
5953	0.20660688689622986
7116	0.20987366245541517
7309	0.21154038467948932
2268	0.21194039801326708
12144	0.21517383912797095
9565	0.21807393579785994
4022	0.21900730024334147
10533	0.21950731691056363
8997	0.22320744024800832
4920	0.22324077469248974
8874	0.22340744691489717
7735	0.22484082802760097
8124	0.22660755358511953
5000	0.22734091136371204
11204	0.22947431581052707
497	0.22980766025534183
898	0.23020767358911962
10679	0.23174105803526784
4419	0.23310777025900858
2202	0.2332077735924531
3150	0.236307876929231
2923	0.23654121804060135
12485	0.23667455581852728
5069	0.238174605820194
12050	0.23850795026500882
2017	0.23984132804426816
4009	0.2398413280442682
7724	0.2406413547118237
2619	0.24200806693556454
9065	0.24314143804793492
10087	0.24314143804793492
1302	0.24360812027067574
2097	0.24594153138437952
11292	0.24647488249608318
9134	0.24657488582952763
695	0.24670822360745354
13054	0.24984166138871294
7954	0.2510750358345278
6105	0.25327510917030566
10577	0.25460848694956495
2240	0.2548751625054168
708	0.25487516250541686
10372	0.2551751725057502
4957	0.256475215840528
8728	0.256475215840528
4501	0.25650855028500946
4207	0.25654188472949097
1137	0.2573085769525651
4424	0.2582086069535651
5903	0.2597419913997133
6265	0.26074202473415775
10612	0.26317543918130604
3640	0.2633754458481949
6205	0.2641088036267875
3324	0.26644221474049135
11376	0.2664755491849728
487	0.2673089102970099
10822	0.26910897029900993
8694	0.26984232807760256
9562	0.26984232807760256
11324	0.2706423547451582
2099	0.2714757158571952
9546	0.2719757325244174
7328	0.27310910363678786
10519	0.27314243808126937
7785	0.27317577252575087
8994	0.27317577252575087
4038	0.2732091069702323
9530	0.2732091069702323
7054	0.27327577585919527
278	0.27650921697389913
8840	0.2766092203073436
11631	0.27937597919930657
2085	0.27980932697756594
4170	0.2800760025334178
1101	0.28100936697889933
12122	0.28147604920164004
3239	0.2815093836461215
7389	0.28320944031467715
6341	0.2837761258708623
5961	0.2864095469848995
9146	0.28654288476282547
3905	0.28664288809626987
504	0.2867095569852328
3919	0.2867095569852328
9670	0.28710957031901063
