522	0.0033570701932858597
527	0.0033570701932858597
1416	0.0033570701932858597
1787	0.0033570701932858597
2600	0.0033570701932858597
6008	0.0033570701932858597
8724	0.0033570701932858597
9912	0.0033570701932858597
12170	0.0033570701932858597
12217	0.0033570701932858597
838	0.003390404637767342
2344	0.003390404637767342
3682	0.003390404637767342
3914	0.003390404637767342
5702	0.003390404637767342
7427	0.003390404637767342
7620	0.003390404637767342
8739	0.003390404637767342
9178	0.003390404637767342
11514	0.003390404637767342
13085	0.003390404637767342
7037	0.003523742415693275
9214	0.003523742415693275
12359	0.003523742415693275
12629	0.003523742415693275
429	0.003990424638434034
12392	0.005023792417359996
10613	0.005057126861841475
5353	0.00512379575080444
9503	0.005390471306656305
734	0.005657146862508169
5684	0.005857153529397065
4079	0.005890487973878544
13063	0.006390504641100787
7945	0.006390504641100789
11661	0.006423839085582271
10209	0.006523842419026718
12532	0.00652384241902672
1605	0.006590511307989686
1266	0.006657180196952647
2574	0.006657180196952647
2946	0.006657180196952647
4591	0.006657180196952647
5419	0.006657180196952647
7933	0.006657180196952647
10916	0.006657180196952647
12200	0.006657180196952647
12249	0.006657180196952651
2382	0.00669051464143413
2870	0.00669051464143413
3366	0.00669051464143413
5241	0.00669051464143413
7625	0.00669051464143413
11568	0.00669051464143413
12559	0.00669051464143413
364	0.006690514641434133
3488	0.006690514641434133
5930	0.006690514641434133
7797	0.006690514641434133
11521	0.006690514641434133
13353	0.006690514641434133
1546	0.006723849085915612
3658	0.006723849085915612
4342	0.006723849085915612
5258	0.006723849085915612
6305	0.006723849085915612
7240	0.006723849085915612
2976	0.006723849085915615
4567	0.006723849085915615
6656	0.006723849085915615
7922	0.006723849085915615
8939	0.006723849085915615
12397	0.006723849085915615
4997	0.006757183530397091
4331	0.006857186863841546
6930	0.006857186863841546
4012	0.006857186863841548
8860	0.006857186863841548
2165	0.007357203531063788
3161	0.007423872420026751
41	0.007490541308989719
1257	0.007657213531397127
5234	0.007657213531397134
9831	0.00766361478467277
7371	0.007957223531730472
6032	0.00802389242069344
7688	0.008357236865508266
1114	0.00835723686550827
1277	0.00835723686550827
3817	0.00835723686550827
7733	0.00835723686550827
8032	0.00835723686550827
8847	0.00835723686550827
12827	0.00835723686550827
13111	0.00835723686550827
12223	0.008390571309989749
8883	0.00839057130998975
9811	0.00839057130998975
10305	0.00839057130998975
4078	0.008423905754471231
