6040	3.333444448148275e-05
5360	0.009200306676889225
12324	0.012600420014000475
6045	0.013300443348111602
3947	0.014967165572185739
2131	0.016633887796259874
13402	0.016633887796259877
10555	0.016667222240741356
6350	0.016733891129704317
11504	0.017533917797259907
6325	0.018433947798259947
7965	0.019967332244408144
5331	0.01996733224440815
2962	0.020134004466815562
4297	0.021067368912297088
12430	0.021134037801260035
6310	0.021667388912963763
281	0.02320077335911197
12995	0.023300776692556424
758	0.0233341111370379
11300	0.0233341111370379
2137	0.023367445581519382
10380	0.02496749891663055
138	0.026634221140704687
13109	0.026667555585186166
11400	0.02666755558518618
6308	0.026700890029667648
4493	0.02673422447414913
13463	0.026734224474149137
6300	0.027134237807926932
416	0.027667588919630656
1103	0.02793426447548251
4053	0.028100936697889933
6077	0.02830094336477882
1350	0.028300943364778827
11268	0.02843428114270475
9166	0.02990099669989
158	0.02993433114437148
52	0.029967665588852957
8899	0.030001000033334446
9645	0.03003433447781593
12345	0.030134337811260382
8451	0.03030101003366778
718	0.030434347811593713
6257	0.03313443781459382
3609	0.03320110670355678
755	0.03330111003700123
7923	0.03330111003700124
6013	0.033334444481482706
6074	0.03333444448148271
10004	0.03333444448148272
9830	0.033367778925964195
13222	0.03346778225940865
1120	0.0335677855928531
12213	0.03436781226040868
2427	0.03486782892763091
2025	0.034967832261075374
83	0.03500116670555684
10422	0.03503450115003834
8367	0.03530117670589019
7125	0.036634554485149504
6172	0.03666788892963098
4298	0.03666788892963099
12261	0.036701223374112475
3984	0.03676789226307544
1521	0.037167905596853235
9729	0.037167905596853235
11764	0.03763458781959398
13620	0.03763458781959399
2165	0.037701256708556945
622	0.037934597819927335
448	0.03830127670922364
393	0.03830127670922365
8847	0.03833461115370512
3679	0.0387679589319644
10108	0.03903463448781627
336	0.039234641154705166
3537	0.039701323377445925
1267	0.03980132671089036
12629	0.03986799559985333
9714	0.03996799893329777
9898	0.03996799893329777
4450	0.03996799893329778
2640	0.039967998933297784
774	0.04000133337777925
8883	0.04000133337777925
9692	0.04000133337777925
10804	0.04000133337777925
8795	0.04003466782226074
7083	0.04003466782226075
360	0.04083469448981633
10369	0.041634721157371914
12615	0.041634721157371914
6242	0.041668055601853396
12601	0.041668055601853396
7377	0.0416680556018534
12914	0.04170139004633487
2529	0.04170139004633488
7367	0.04170139004633488
12130	0.04170139004633488
