1162	0.01003366778892632
867	0.01823394113137107
1174	0.020034001133371115
9532	0.020134004466815576
10765	0.025267508916963898
13439	0.03000100003333446
720	0.03333444448148271
4988	0.03410113670455683
4968	0.036667888929630986
6962	0.036667888929630986
10448	0.036701223374112454
9945	0.03670122337411249
11462	0.040801360045334856
10365	0.0416680556018534
10530	0.04330144338144605
7396	0.043368112270409015
11705	0.04350145004833493
11239	0.046301543384779494
9824	0.046634887829594296
4068	0.04663488782959431
11389	0.04663488782959431
8112	0.0466682222740758
749	0.04680156005200175
12289	0.04973499116637221
2013	0.05006833561118705
13333	0.05006833561118706
5295	0.051301710057001904
808	0.051735057835261146
10540	0.05236841228040933
1255	0.05333511117037234
6359	0.05333511117037235
11564	0.05333511117037235
12147	0.05350178339277974
5059	0.05623520784026134
4611	0.056668555618520626
8931	0.056701890063002094
713	0.05673522450748361
1519	0.05983532784426148
2059	0.05990199673322443
8043	0.059968665622187375
4082	0.05996866562218741
8454	0.05996866562218742
9708	0.06000200006666888
10954	0.06163538784626156
2	0.06170205673522451
10820	0.06173539117970599
12237	0.06173539117970599
9757	0.06260208673622454
10770	0.06300210007000234
7023	0.06323544118137271
3228	0.06326877562585419
7302	0.06330211007033565
2549	0.06330211007033568
9742	0.06330211007033568
10466	0.06330211007033568
1338	0.06333544451481718
11743	0.06333544451481718
2454	0.06336877895929863
1256	0.06340211340378013
10348	0.06380212673755792
11486	0.06496883229440982
4972	0.06506883562785427
793	0.06513550451681721
10437	0.06663555451848396
270	0.06670222340744693
6944	0.06723557451915065
9595	0.0682689422980766
7273	0.06866895563185439
2871	0.0698356611887063
2937	0.0698356611887063
8724	0.06996899896663221
5201	0.0700023334111137
6002	0.0700023334111137
6019	0.0700023334111137
6553	0.07003566785559517
9950	0.07003566785559517
9779	0.07003566785559519
7381	0.0700356678555952
11338	0.0700356678555952
10616	0.07003566785559522
7226	0.07013567118903961
502	0.07016900563352113
1166	0.07016900563352113
12360	0.0702023400780026
11331	0.07153571785726194
10411	0.07160238674622488
3272	0.07173572452415083
6165	0.07323577452581755
7593	0.07326910897029901
9609	0.07330244341478048
2376	0.07333577785926199
2380	0.07333577785926199
3951	0.07333577785926199
8161	0.07333577785926199
10574	0.07333577785926199
1625	0.07336911230374345
12224	0.07336911230374346
11312	0.07373579119303977
10141	0.07463582119403983
1708	0.07493583119437314
