4114	0.020201006716891394
708	0.026667888946299047
1893	0.026667888946299047
8890	0.026701223390780536
6027	0.028217689760450554
9783	0.028267942281410212
11442	0.0283012767258917
3673	0.02990133006100288
2047	0.03003466783892881
4920	0.03003466783892881
3962	0.03136804561818811
11453	0.03173472450748442
11443	0.0333014433981141
9943	0.033334777842595587
2278	0.03333477784259559
13134	0.033468115620521516
6398	0.03666822229074385
5036	0.03666822229074387
2216	0.03670155673522534
5903	0.03680156006866979
5046	0.03883496118204023
9013	0.03900163340444765
478	0.03996833229441065
7724	0.03996833229441065
11569	0.04013500451681806
7876	0.04090169673989217
12050	0.04150171674055886
7954	0.04170172340744776
836	0.0433351111870404
4207	0.0433351111870404
6215	0.0433351111870404
10943	0.0433351111870404
11302	0.043418446464841325
3905	0.04346844896496633
9812	0.04350178340944781
10813	0.043635121187373754
2222	0.04411842812881336
9269	0.04476849229974415
3062	0.045035167855596026
10577	0.045301843411447884
9736	0.046535217857262744
10587	0.046535217857262744
136	0.04666855563518867
460	0.04666855563518867
1348	0.04666855563518867
5034	0.04666855563518867
9530	0.04666855563518867
1448	0.04670189007967016
2099	0.04670189007967016
7152	0.04670189007967016
7535	0.04670189007967016
413	0.04676855896863312
10368	0.04801851812981328
2474	0.04830194341478133
12199	0.04830194341478133
3239	0.04836861230374429
5323	0.049468648971633215
9616	0.04976865897196656
931	0.04986866230541102
9348	0.04986866230541102
3602	0.05000200008333694
6038	0.05000200008333694
6954	0.05000200008333694
7333	0.05000200008333694
9208	0.05000200008333694
1440	0.05003533452781843
12632	0.050035334527818436
5384	0.050135337861262876
9813	0.050135337861262876
7619	0.051635387862929594
2983	0.05203540119670739
10533	0.05203540119670739
5621	0.053035434531151865
10458	0.05313543786459631
9146	0.05333544453148521
6933	0.053368778975966695
12293	0.05336877897596671
7605	0.05380212675422597
9001	0.054835494533151945
1403	0.05496883231107786
3655	0.05496883231107787
11487	0.05533551120037418
10384	0.056368878979300145
1250	0.0564355478682631
7541	0.05653555120170756
5069	0.056635554535152004
9531	0.056635554535152004
12728	0.05666888897963348
2882	0.056668888979633486
4501	0.056668888979633486
6249	0.056668888979633486
7785	0.056668888979633486
10372	0.056668888979633486
13114	0.056668888979633486
12393	0.05670222342411497
10519	0.056702223424114975
1468	0.056802226757559415
6117	0.05693556453548535
66	0.057002233424448316
1474	0.05826894231474466
