6977	0.18317277242574753
6264	0.3101103370112336
177	0.37501250041668055
5231	0.3824794159805327
8682	0.39231307710257013
9008	0.4225140838027932
269	0.42698089936331207
8072	0.4348811627054235
10485	0.44851495049835
4974	0.459781992733091
151	0.47488249608320277
7634	0.4767492249741657
5908	0.48011600386679554
11264	0.48321610720357344
4047	0.48331611053701795
4900	0.4899163305443516
4950	0.5116170539017968
12939	0.5130504350145004
3223	0.5171839061302044
5055	0.5182839427980932
8777	0.521717390579686
3940	0.5299509983666122
3938	0.5300843361445382
13061	0.535317843928131
2878	0.5499516650555019
92	0.558251941731391
2031	0.558251941731391
9523	0.5597519917330579
5337	0.560318677289243
286	0.5605853528450949
10363	0.5683189439647988
6086	0.5699523317443916
2910	0.5703856795226507
10558	0.5801526717557253
12489	0.5849861662055401
10441	0.5867862262075402
9685	0.5870195673189106
4729	0.6099536651221706
2934	0.6099869995666523
9814	0.6099869995666523
11267	0.6113870462348743
7211	0.6233207773592452
7581	0.6300876695889863
13284	0.634287809593653
11226	0.6372879095969866
12072	0.6395213173772459
7883	0.6399546651555053
1141	0.6415880529350979
1335	0.6419880662688756
7736	0.6577219240641354
5921	0.6599886662888765
7610	0.6600553351778392
7005	0.6682889429647654
7579	0.6699889996333211
1113	0.6700223340778025
2046	0.6849894996499883
13138	0.6884562818760626
7880	0.6895229840994701
11236	0.6929564318810626
3233	0.6933564452148405
4087	0.6939231307710256
2253	0.6945898196606554
8699	0.6967565585519517
12074	0.6977899263308778
10350	0.6978232607753593
7493	0.7016567218907297
13113	0.7029567652255075
8351	0.7032567752258408
9746	0.7066568885629521
11261	0.7123237441248041
10667	0.7133571119037301
12537	0.7203573452448415
1154	0.7215907196906564
12263	0.7300243341444715
702	0.7399579985999534
10604	0.741591386379546
7934	0.7449248308276943
5042	0.7477915930531018
3255	0.7533251108370279
10400	0.7533917797259909
7314	0.7566252208406947
2408	0.7596586552885096
3956	0.7599919997333244
12063	0.7631254375145837
4238	0.7690256341878063
8877	0.7776592553085104
4095	0.782059401980066
5947	0.7831261042034735
736	0.7866595553185107
13293	0.7867595586519551
121	0.788059601986733
5481	0.7933264442148071
9866	0.7949931664388812
9648	0.7990599686656221
239	0.8042268075602521
1232	0.8056935231174374
8725	0.8066935564518818
7092	0.80732691089703
887	0.8082936097869929
1202	0.8128937631254375
