3102	0.26697556585219506
12067	0.4898163272109071
559	0.7058235274509149
10709	0.7112903763458783
3949	0.7434914497149905
5225	0.7566252208406947
8716	0.7749258308610287
12079	0.7751591719723991
12328	0.7820594019800658
3028	0.7854261808726959
3084	0.8018933964465482
2358	0.8214940498016602
8959	0.822527417580586
2266	0.8229274309143639
7088	0.8272942431414382
8143	0.8475615853861797
6026	0.8567285576185872
6111	0.8585952865095503
5940	0.8652955098503285
4902	0.8665955531851062
155	0.8671955731857728
716	0.8699289976332546
1225	0.8779625987532919
9524	0.8966965565518852
2024	0.8981632721090703
12243	0.9166638887962932
13437	0.9181639387979599
1123	0.927764258808627
2068	0.928597619920664
9190	0.9344978165938865
6942	0.9402313410447015
12371	0.9414647154905162
13432	0.9415980532684424
4981	0.9520317343911464
4921	0.9598319943998134
2065	0.9600653355111838
12154	0.96829894329811
10391	0.969965665522184
9872	0.9703323444114803
11716	0.975899196639888
9535	0.9783992799759992
3483	0.9797659921997398
6967	0.9808993633121104
2320	0.9832327744258144
5444	0.9900663355445182
3075	0.9915330511017035
12250	0.998066602220074
5962	0.9997333244441481
7628	0.9998999966665555
301	1.003166772225741
8922	1.003800126670889
315	1.0148671622387415
21	1.0181339377979268
169	1.0226007533584454
12252	1.0265675522517417
12155	1.0338011267042235
9874	1.0360012000400014
4919	1.0388012933764459
11319	1.0416680556018536
5103	1.055168505616854
394	1.0633687789592987
6436	1.0643688122937431
256	1.0711023700790028
12178	1.0802026734224475
6153	1.0829027634254476
7884	1.0833027767592252
2872	1.0898696623220774
8999	1.0999366645554853
6095	1.1002033401113371
186	1.1100370012333745
12543	1.1135037834594486
685	1.113670455681856
128	1.1150038334611154
9694	1.1232374412480415
8703	1.1236707890263007
9863	1.126437547918264
3136	1.129904330144338
4916	1.1332044401480053
5919	1.1394379812660422
8671	1.1470715690523017
7118	1.1481716057201907
8681	1.1581719390646357
7582	1.1599386646221541
9040	1.1618053935131174
12563	1.165672189072969
9034	1.1666055535184505
2044	1.169872329077636
12271	1.17153905130171
5910	1.1720390679689325
13130	1.1760392013067102
10375	1.1807393579785994
5984	1.1832394413147105
6987	1.183272775759192
12234	1.1866395546518218
12293	1.1933731124370812
558	1.1953065102170073
13183	1.1966065535517851
4998	1.1967732257741925
1132	1.1985732857761924
8715	1.199839994666489
