468	0.009171985757401276
4089	0.00920532020188276
9715	0.009629976762286092
144	0.010805373536993937
3265	0.01136838140031672
213	0.011463371208767635
2427	0.011463371208767635
10962	0.011856343620652418
4132	0.012409434368498458
2868	0.01250543020554955
4240	0.01250543020554955
11395	0.012830083432508427
12137	0.012841179148200396
12123	0.012930086765952874
167	0.01423882131858665
8687	0.014372159096512582
9882	0.01503884798614224
6928	0.015673538263421525
12367	0.0161079547073857
12365	0.01634022715305118
1571	0.016372555568932485
6112	0.017342932151757903
10405	0.01753893132225344
6459	0.01770560354466085
12838	0.018130260105064182
3400	0.0183825866507038
7974	0.01900965437583204
3004	0.019017921195345844
2144	0.019038981323920158
9093	0.019076323264794998
10057	0.019129491940229996
2082	0.019172319101846094
9582	0.019172319101846094
10565	0.01917264890537703
622	0.019263631217434594
8272	0.019539327794673343
12337	0.019596975662249418
12914	0.019596975662249418
7303	0.019596975662249425
13132	0.01994301882131355
11033	0.020651308974938498
9594	0.020676376599906173
10777	0.020872375770401713
12620	0.021041452490645138
755	0.021172715574265998
691	0.02124145915753404
9254	0.021297032330805037
9031	0.021306053352191934
176	0.021430370108730973
9682	0.021591070074950265
7871	0.021862334757453528
9809	0.021963721220434697
178	0.022006076686303062
254	0.022006076686303062
5360	0.022006076686303066
6042	0.022039411130784548
6257	0.02233909132758695
2058	0.02237643326846179
6321	0.02240976771294327
6172	0.022505763549994368
8141	0.022741509159200757
4058	0.022772768909377163
717	0.022806103353858645
3281	0.022806103353858645
6325	0.022806103353858645
6528	0.022806103353858645
9656	0.022806103353858645
10640	0.022806103353858645
83	0.022839437798340127
2329	0.022839437798340127
3908	0.022839437798340127
3991	0.022839437798340127
6013	0.022839437798340127
6119	0.022839437798340127
7898	0.022839437798340127
9614	0.022839437798340127
10162	0.022839437798340127
10380	0.022839437798340127
138	0.02287277224282161
297	0.02287277224282161
2080	0.02287277224282161
2131	0.02287277224282161
5351	0.02287277224282161
10545	0.02287277224282161
10555	0.02287277224282161
10963	0.02287277224282161
12107	0.02287277224282161
12834	0.02287277224282161
10419	0.02293042011039769
1819	0.023006110020747542
11398	0.023541802993182565
4108	0.023806136688303132
13100	0.024009821048054443
10691	0.024014457472111443
4551	0.024043155492535925
7640	0.02416747224907497
3973	0.024339487800006852
12125	0.024339487800006852
7281	0.024372492440957398
8391	0.024439491133451306
