506	3.333444448148232e-05
12122	3.333444448148232e-05
13008	0.0017000566685556155
2342	0.00333344444814827
3257	0.0046668222274075764
1193	0.010033667788926288
7097	0.010433681122704087
13265	0.010967032234407814
1569	0.01113370445681523
7171	0.016533884462815424
1279	0.016567218907296906
12113	0.01666722224074136
10632	0.016767225574185807
278	0.01680056001866729
13238	0.01680056001866729
3929	0.016967232241074697
74	0.01820060668688956
6472	0.019133971132371082
2073	0.019833994466482215
9289	0.020200673355778527
2438	0.02150071669055635
11317	0.0223674122470749
4329	0.02320077335911197
3473	0.023300776692556424
5298	0.023300776692556424
486	0.023367445581519382
7604	0.023367445581519382
5073	0.024800826694223142
5319	0.024800826694223142
8060	0.024800826694223142
2590	0.02483416113870462
11623	0.025067502250075008
2368	0.026367545584852825
2581	0.026534217807260237
12111	0.026634221140704697
283	0.027534251141704724
6230	0.02756758558618621
7723	0.02816760558685289
504	0.028367612253741792
2474	0.028500950031667714
9221	0.028500950031667728
903	0.029834327810927035
8088	0.02986766225540851
12943	0.02986766225540851
5106	0.029967665588852964
8680	0.03133437781259376
2226	0.031501050035001164
8156	0.03313443781459382
1138	0.0331677722590753
4213	0.0331677722590753
4792	0.0331677722590753
5303	0.0331677722590753
9306	0.0331677722590753
11476	0.0331677722590753
11562	0.0331677722590753
8963	0.03330111003700124
10328	0.03330111003700124
12403	0.03330111003700124
7061	0.036501216707223574
10669	0.038801293376445875
859	0.04236807893596453
489	0.043468115603853455
2222	0.04346811560385346
2287	0.044801493383112775
7065	0.044801493383112775
7402	0.044801493383112775
11453	0.04853495116503884
329	0.04983499449981666
3649	0.04983499449981666
6171	0.04983499449981666
3375	0.049868328944298136
7701	0.04986832894429814
13297	0.04996833227774259
4195	0.0509016967232241
4266	0.05233507783592786
3015	0.05316843894796493
8253	0.053168438947964934
8363	0.05390179672655755
9290	0.05413513783792792
11738	0.055368512283742795
5794	0.05650188339611321
8251	0.05650188339611321
11056	0.05650188339611321
4732	0.05653521784059468
10631	0.05713523784126138
1520	0.05820194006466882
2882	0.05862501496381117
6374	0.05900196673222441
9879	0.059701990066335545
9612	0.05996866562218741
4713	0.05999172718755196
10813	0.05999853873535825
12474	0.06020200673355778
9091	0.06063535451181706
9088	0.0610366257491602
9110	0.061135371179039305
1955	0.06130204340144672
3182	0.061735391179705994
10473	0.06226874229140971
830	0.0628301886792453
