7639	0.006700223340778036
2265	0.006700333712350057
2933	0.017255982111332356
6051	0.020011370501647717
11263	0.023400890397572885
7927	0.023501224845733443
9701	0.03341215052764859
9851	0.035111761250458645
9957	0.035134945969770896
12463	0.03514531866781289
11457	0.04005651916379374
7718	0.04006800226674223
2692	0.04008985360827523
12192	0.04341181495347502
4222	0.04803890341495218
2257	0.050012591278126205
9554	0.05133504450148339
732	0.05172898293934212
4475	0.05331259091022097
1449	0.0567352245074836
3561	0.056801893396446534
1230	0.056812261635031086
3946	0.05713467929421504
2684	0.058367610024013056
12497	0.05925936215711092
7931	0.06000200006666887
1203	0.06000200006666888
5696	0.0600457027497349
8696	0.06005718585268337
3921	0.06013533784459481
1334	0.06032419252325133
2953	0.06136153367877033
2413	0.06170094187086058
8897	0.06289999521723186
743	0.06330211007033568
8824	0.06332418438474147
5982	0.06346878229274308
11276	0.06504620276640213
3165	0.066524068082091
12242	0.06666888896296543
59	0.06830227674255807
3689	0.06839532443723598
11570	0.06840272156229064
13023	0.06855746919546146
11607	0.06896851968644216
7589	0.06915760179742891
2041	0.07003577822716721
2118	0.07011292795601545
4387	0.07023567452248408
11587	0.07089363959846598
3444	0.07333577785926196
7232	0.07341303795968224
2032	0.07342440846132997
10575	0.07420291490206866
4373	0.07426958379103162
8690	0.07505216729074915
4241	0.07509102031383208
347	0.07515206025262157
3993	0.07665762883288973
2160	0.07677959387943922
7918	0.07677959387943922
12966	0.07677959387943922
6547	0.0768030015716243
2155	0.07847965054799484
9098	0.07996933231107702
1187	0.08002474106996432
8750	0.0800694460160935
11583	0.08030267675589187
2881	0.08175205728708236
7031	0.08248045280439113
6157	0.08333611120370679
2083	0.08344648277573577
7740	0.08344659314730779
8957	0.08350166856175027
11460	0.08354648610918022
13081	0.08436925600975997
7156	0.08500846237795438
10983	0.08509135365827689
9155	0.0865132516680322
8677	0.08669140699338806
2510	0.08674659277940255
9545	0.08674659277940255
13112	0.0868364463876778
5965	0.08744904428809834
8873	0.08766813854776206
12159	0.08792754072850366
11270	0.08801330166969891
7051	0.08869577815358615
11502	0.08905230062852708
8668	0.08913630454348478
11247	0.08986966232207738
10407	0.08991336500514341
2897	0.0900581858860178
11228	0.0901034449197359
507	0.09011337167203232
2864	0.09015752030084392
3926	0.09022485810842523
556	0.090313601311794
7129	0.09031426577095492
8698	0.0903253029281578
