6938	0.0017000566685556155
6146	0.005033501116703889
1914	0.005066835561185378
13086	0.005100170005666857
7785	0.008300276675889201
10519	0.008300276675889201
1566	0.008333611120370683
12969	0.008333611120370683
2094	0.008366945564852159
2458	0.008366945564852159
4424	0.010000333344444813
7309	0.010000333344444813
12082	0.011500383346111524
6117	0.011533717790593027
9215	0.011667055568518943
13436	0.011667055568518964
7015	0.011700390013000439
3189	0.011800393346444903
4094	0.011867062235407854
6043	0.012300410013667117
8360	0.012467082236074536
9810	0.014100470015667173
4022	0.014200473349111644
22	0.014833827794259818
3905	0.01496716557218574
3977	0.015067168905630195
1520	0.016667222240741353
7735	0.016767225574185807
4293	0.017367245574852502
2268	0.017833927797593244
2097	0.01793393113103771
4007	0.018233941131371067
3324	0.018300610020333993
11793	0.01833394446481551
8045	0.01836727890929697
2085	0.018367278909296972
2038	0.018367278909296975
4290	0.018367278909296993
13054	0.018367278909296996
4957	0.018400613353778468
7389	0.01840061335377847
3012	0.019000633354445146
7009	0.020034001133371112
5224	0.020100670022334073
6994	0.02160072002400079
12434	0.021667388912963756
11418	0.021700723357445263
10679	0.021934064468815608
6280	0.02250075002500082
10170	0.022500750025000852
497	0.023200773359111956
13117	0.023334111137037896
5439	0.02336744558151939
8998	0.02346744891496383
6512	0.024400813360445344
13443	0.024834161138704652
4501	0.024934164472149065
1149	0.024967498916630554
8886	0.02496749891663058
10612	0.02500083336111203
1934	0.025000833361112036
2311	0.025000833361112036
2765	0.025000833361112036
4009	0.025000833361112036
4201	0.025000833361112036
6182	0.025000833361112036
7550	0.025000833361112036
7908	0.025000833361112036
9606	0.025000833361112036
9835	0.025000833361112036
10026	0.025000833361112036
12376	0.025000833361112036
12689	0.025000833361112036
1111	0.025000833361112057
3640	0.025000833361112057
3969	0.025000833361112057
1563	0.02503416780559351
3242	0.02503416780559351
6412	0.025034167805593525
7724	0.025034167805593525
7379	0.02503416780559354
11692	0.025100836694556483
5961	0.02513417113903799
13703	0.025367512250408335
8130	0.02603420114003802
8754	0.026634221140704673
11148	0.026667555585186173
6341	0.026700890029667673
2379	0.02833427780926031
12214	0.028334277809260316
10822	0.02833427780926032
11324	0.028334277809260337
278	0.0283676122537418
7315	0.0283676122537418
8579	0.0283676122537418
9088	0.0283676122537418
285	0.028834294476482572
6285	0.02903430114337143
88	0.029734324477482605
4190	0.029967665588852943
