2945	0.11727098905363613
12144	0.11802184662384888
12474	0.12368746041555553
5192	0.12488874218703433
9562	0.13495574442044211
3941	0.1401713390446348
10377	0.14483857297301683
7054	0.15748870379616847
11853	0.16359003223003576
4923	0.16385597105782823
3150	0.1647567377868877
10384	0.16519008556514692
9670	0.16822352001296184
5000	0.16822352001296187
12113	0.1702723424114137
8874	0.17185697446144343
9546	0.17505708113166582
1101	0.17589044224370298
2097	0.17745716113433263
11359	0.17822385335740668
8124	0.1782571878018882
11302	0.1784065269132319
11631	0.17985724113699933
8886	0.18459073225336992
6912	0.18698998718728227
7876	0.19065760114899974
7379	0.19122428670518496
4920	0.19155763114999977
5296	0.19159096559448124
2026	0.1916243000389627
227	0.1919084803868515
7954	0.19605778115499994
6087	0.19622445337740738
9134	0.19795784449044448
3239	0.19985790782588897
12050	0.20332469005196316
11292	0.20452473005329658
8994	0.2046580678312225
2047	0.20805818116833372
3673	0.20805818116833372
8728	0.20819151894625962
7116	0.20819151894625965
9530	0.20822485339074112
10635	0.20822485339074112
3315	0.20822485339074115
11323	0.20825818783522262
2369	0.20829040551997602
13130	0.20829152227970404
1137	0.2090248800582967
10087	0.20959156561448197
497	0.21140746360295448
4940	0.21145829450544495
3174	0.21155829783888935
11522	0.21155829783888935
11279	0.2117583045057783
3962	0.21259166561781537
2278	0.21455839784222286
2085	0.21500758694056576
9565	0.21575843784355622
5041	0.21592511006596363
5953	0.2182585211796674
10528	0.21825852117966746
5046	0.22042526007096383
9065	0.2212586211830009
8997	0.2215252967388527
1448	0.22152529673885274
8694	0.2215586311833342
12485	0.22170780361412148
3697	0.22229198896192687
2377	0.22454123139504756
12376	0.22459206563114917
7535	0.22465873452011217
7328	0.22482540674251952
12189	0.22489207563148247
6954	0.22492541007596398
8038	0.22675880452244554
2099	0.22792551007929746
12937	0.22812551674618628
1375	0.22812551674618634
8890	0.22822552007963073
12632	0.22829218896859374
8996	0.22952444665468047
2216	0.23152563008329755
9574	0.23162563341674197
13054	0.23462573342007545
6938	0.2346257334200755
744	0.2346924023090384
4419	0.2348590745314458
5036	0.2348590745314458
6090	0.23489240897592725
836	0.2348924089759273
22	0.23489240897592736
6215	0.23492574342040878
6398	0.23492574342040878
12393	0.23495907786489026
3655	0.23652579675551993
10533	0.23695914453377923
4996	0.2369754025552539
7145	0.23795917786822374
12993	0.23822585342407557
