1122	0.14267142238074598
9664	0.28720957365245503
3976	0.2924764158805293
2060	0.30354345144838163
9597	0.320077335911197
13323	0.3336111203706791
4045	0.34071135704523486
1248	0.3555785192839762
1291	0.39747991599719984
8693	0.4074135804526817
4003	0.45244841494716487
802	0.4541484716157206
10473	0.48058268608953625
5984	0.4890163005433513
11631	0.49534984499483303
11091	0.5029834327810928
12429	0.5138837961265375
13013	0.5407180239341312
13183	0.5474515817193906
12981	0.5692523084102803
10966	0.6190206340211339
4916	0.6207540251341711
7904	0.6240874695823194
1820	0.6287209573652455
1107	0.6360212007066901
5296	0.6373545784859496
4057	0.6424214140471348
12078	0.6473882462748758
2872	0.6474549151638387
7605	0.6609886996233207
1472	0.6625887529584319
355	0.6759558651955065
9535	0.6858561952065069
6095	0.6872895763192106
8671	0.6879895996533217
5103	0.6989232974432482
3965	0.7036567885596187
8680	0.7088569618987299
1253	0.7159905330177672
7001	0.7191906396879896
7735	0.7226574219140638
1	0.7229240974699156
109	0.7252241741391379
12293	0.7273909130304343
2068	0.7294576485882863
1161	0.7333911130371011
1348	0.7356245208173606
7595	0.7394246474882495
3136	0.7407913597119904
7954	0.7428914297143239
325	0.7468582286076202
46	0.7524250808360278
727	0.7543918130604352
4223	0.7573919130637689
12262	0.7585919530651022
4115	0.7605920197339913
12101	0.7660922030734358
6980	0.7683589452981766
9040	0.7737257908596954
13432	0.7776925897529917
8321	0.7794593153105103
128	0.7888596286542884
5919	0.7912263742124737
169	0.7924264142138071
4270	0.7940598019933996
7116	0.7960932031067702
4981	0.7995599853328443
2076	0.8006933564452147
1123	0.8029267642254743
1177	0.8073935797859928
711	0.8090936364545485
1132	0.8157605253508451
7619	0.8193606453548452
8703	0.8237607920264008
10391	0.8258275275842528
9769	0.8268275609186972
10375	0.8299943331444382
2906	0.8307610253675123
6153	0.8313277109236975
6080	0.8327610920364013
10815	0.8359611987066236
8999	0.8440614687156239
155	0.8453615120504017
693	0.8507283576119202
3943	0.8526284209473649
7118	0.8590953031767726
5962	0.864228807626921
4392	0.8642954765158839
2320	0.8726957565252175
695	0.8731291043034767
9600	0.8740958031934396
7088	0.8766625554185139
5953	0.8807960265342178
2024	0.8824294143138105
13264	0.8826294209806993
9783	0.8857961932064402
4933	0.886129537651255
9568	0.8877629254308478
6933	0.8886962898763291
11716	0.8916963898796626
