1364	0.008277869017038583
1270	0.01002229728727859
11456	0.011722353955834208
3033	0.013355741735426863
644	0.013722420624723173
135	0.013733901497942898
4906	0.015222029140101775
10664	0.015355808404315822
3906	0.016655851739093647
756	0.016678369769516282
4063	0.01668918618357513
7704	0.0167114834708537
1201	0.0182892395186863
11664	0.018378316066499888
574	0.01912260063072337
11513	0.0198226239648345
4049	0.01992262729827895
2510	0.01998929618724192
3253	0.01998929618724192
6243	0.020022630631723402
9545	0.02005596507620489
3999	0.02006722297655184
12919	0.021656018411316057
3046	0.02167290749156522
11460	0.023189402857464257
2214	0.023278369033705802
11682	0.02332274063539019
6201	0.023334111137037906
2201	0.023356075079871672
5202	0.02335607507987168
303	0.02346711334079029
6607	0.023745049026717834
2881	0.025050500568525088
1680	0.025900750760811317
12159	0.026275263801992958
5567	0.026489512861131045
1452	0.026622850639056974
8605	0.026656185083538467
2083	0.026689519528019942
8677	0.026711370869552963
8428	0.02672285397250143
1183	0.026722964344073456
6988	0.026822857305945875
9127	0.026856412493571416
3774	0.026956195083871804
4610	0.027033678157164887
10754	0.028289349890258324
10552	0.0283229073076126
2328	0.028456245085538526
7670	0.028456245085538526
4954	0.02971180421733122
5229	0.029889184711954165
1410	0.02989999889628428
11291	0.029922737669850978
2932	0.029922960642723765
7918	0.02995629508720525
6421	0.030022963976168215
11491	0.03002296397616822
12959	0.03005651916379375
4937	0.030067779293869435
2897	0.030078149762182715
1651	0.030256305087538588
4459	0.030389642865464524
9623	0.03077861904203942
2155	0.03165635175576087
1251	0.031711537541775366
9784	0.031922691737439196
11502	0.032350743909969795
7296	0.03245637842331646
5965	0.03262062247113923
995	0.032989729535020176
9683	0.03321203348918765
6108	0.03328973953535352
3275	0.033289739535353524
3348	0.033289739535353524
13282	0.033312036822632105
12272	0.033336757825037866
8166	0.03335640842431648
8783	0.03335640842431648
11344	0.03335640842431648
3970	0.033401223742017705
5354	0.03343433521362641
11587	0.035908918257141466
8698	0.0364112527273763
13493	0.0366231839835018
4305	0.03667881571526185
6993	0.036689852872464755
10913	0.036711704213997776
3690	0.03671214793001462
275	0.036722522857785336
7129	0.03675563432939403
9107	0.03678952063173567
556	0.036889636566480866
9858	0.037022861743106046
4618	0.03704549460455817
9145	0.03720267264204237
6091	0.03795622618858756
13023	0.03817841977118301
8713	0.038222901744439416
223	0.03885592730460023
