9536	0.012420043048743562
10676	0.014479847619212798
34	0.015213205397805418
3968	0.016046566509842486
10775	0.019346676513509277
6335	0.02108006762654637
10694	0.02111340207102786
8163	0.022780124295101994
1272	0.024150514211705203
1109	0.024313508741250205
7265	0.024580184297102063
7627	0.024580184297102063
5839	0.026013565409805817
12290	0.0260468998542873
11373	0.026080234298768788
12106	0.026180237632213228
43	0.027246939855620683
7932	0.027355210008578938
8404	0.027513615411472542
1807	0.027546949855954017
11805	0.027746956522842918
7867	0.027780290967324407
2391	0.027880294300768847
4631	0.029084011994964645
4946	0.03024703985895412
5300	0.030784068663520264
9709	0.03091372874858378
11284	0.031013732082028227
10440	0.031080400970991184
527	0.031113735415472674
5125	0.031147069859954156
8125	0.031313742082361574
13004	0.0316470865271764
10939	0.03180116996984482
13424	0.03244711319473198
2332	0.032680454306102356
475	0.03274712319506533
3024	0.03291379541747273
11001	0.03428050764121353
3260	0.03434717653017649
13615	0.03438051097465799
11800	0.03441384541913946
6118	0.03441384541913947
4450	0.03444717986362094
5527	0.03444717986362094
8092	0.03448051430810243
8883	0.03448051430810243
12629	0.034547183197065394
1267	0.03461385208602836
3685	0.03469012362663626
13005	0.036080567643213594
2870	0.036113902087695084
8822	0.036620849742300024
2165	0.03671392208836177
12431	0.036913928755250666
1416	0.03728428533740939
462	0.03748429200429829
6172	0.037555550019912655
8212	0.03763389625482563
2890	0.03774728986728774
7215	0.03774728986728774
9748	0.03774728986728774
7125	0.03778062431176921
12397	0.03778062431176921
7797	0.03788062764521366
1607	0.0380509775604835
2061	0.038951007561483536
4078	0.0393473432023989
6279	0.03951401542480632
7629	0.04065324885885453
6992	0.04078440200796508
2455	0.04104739987095452
3284	0.04104739987095452
8153	0.041080734315436
10004	0.041080734315436004
2851	0.04108073431543601
6152	0.04108073431543601
6257	0.041089001134949815
7923	0.04111406875991748
683	0.04111406875991749
1120	0.04111406875991749
2407	0.04111406875991749
5216	0.04111406875991749
11775	0.04111406875991749
115	0.04114740320439897
4427	0.041147403204398976
5401	0.041147403204398976
12920	0.041147403204398976
8361	0.04244744653917679
2114	0.04251411542813977
8847	0.04274745653951014
8796	0.04274745653951015
448	0.04278079098399163
180	0.042814125428473106
11281	0.042814125428473106
55	0.04285332219463239
3211	0.04344982173435258
3527	0.043580817651547206
9668	0.04391783978922445
8173	0.04406243051475825
