7379	3.3334444481489256e-05
8886	0.010033667788926268
1137	0.017467248908296942
6087	0.026634221140704697
7116	0.02663422114070471
5192	0.03000100003333442
11359	0.03000100003333442
1245	0.03000100003333446
7328	0.030034334477815935
8728	0.033367778925964195
8124	0.03336777892596422
2945	0.03443448114937164
12376	0.03666788892963099
13054	0.03666788892963099
1101	0.03666788892963102
6938	0.03666788892963102
7907	0.037734591153038455
2036	0.039934664488816315
9562	0.0400680022667422
5000	0.04330144338144605
9134	0.04333477782592754
4957	0.04660155338511285
12326	0.046634887829594324
3324	0.04663488782959434
11292	0.0466682222740758
3315	0.04666822227407584
11631	0.046734891163038764
10384	0.04680156005200174
9546	0.04683489449648323
22	0.046934897829927685
3308	0.04986832894429816
278	0.050001666722224086
1305	0.05333511117037233
10377	0.05333511117037233
4424	0.053335111170372373
8708	0.053335111170372373
3673	0.053468448948298275
10822	0.05346844894829829
11853	0.05666855561852063
1746	0.05670189006300212
822	0.05836861228707625
8694	0.06000200006666889
12050	0.06013533784459482
7054	0.060135337844594836
7876	0.06243541451381715
9006	0.06320210673689125
2017	0.06320210673689126
825	0.06333544451481717
4419	0.06333544451481717
12205	0.06333544451481717
4920	0.06333544451481718
557	0.0634354478482616
5194	0.06553551785059501
227	0.06663555451848395
2097	0.06663555451848395
5106	0.06680222674089137
5041	0.06683556118537286
7001	0.06826894229807662
2268	0.06913563785459517
6341	0.06976899229974334
3150	0.06986899563318778
3911	0.0699689989666322
7389	0.06996899896663222
7724	0.06996899896663224
10519	0.06996899896663224
2085	0.07000233341111373
7309	0.07000233341111373
7785	0.07000233341111373
10612	0.07000233341111373
3941	0.07006900230007668
5968	0.07006900230007669
3962	0.07133571119037303
10087	0.07163572119070638
9670	0.07260242008066936
2099	0.07330244341478051
9039	0.07330244341478051
9215	0.07330244341478051
2278	0.07330244341478052
12938	0.07346911563718793
2202	0.07663588786292878
3655	0.07666922230741026
8997	0.07670255675189175
3905	0.0768025600853362
8874	0.07700256675222505
497	0.07820260675355846
88	0.0783026100870029
7954	0.07953598453281778
2047	0.07983599453315113
7830	0.08000266675555852
10635	0.08000266675555853
12474	0.08000266675555855
13114	0.08000266675555855
2348	0.08003600120004002
5296	0.08003600120004002
11323	0.08003600120004002
12244	0.08003600120004002
6117	0.08010267008900299
11618	0.08013600453348445
8197	0.08013600453348446
1589	0.08016933897796595
