6421	0.023344814949795983
2272	0.02336755595309141
4985	0.028049830200583048
12866	0.030033888532070355
1757	0.030067222976551837
2247	0.03754528829890762
9073	0.03800082076314472
5215	0.038345314966463206
776	0.03904567164501917
7687	0.04003422187651516
11896	0.04003422187651516
5620	0.04176761298955227
2510	0.045045538307241235
8263	0.04670111077281171
6294	0.04720112744003395
4414	0.049979036090500674
8004	0.05000177709379611
11339	0.05000177709379611
9392	0.05006788966544147
1655	0.05043655970249175
2123	0.05193384372567156
12953	0.05300187709712954
9127	0.05320188376401845
2528	0.05330188709746289
4633	0.05330188709746289
4451	0.05333522154194438
6191	0.05333522154194438
4439	0.053346258699147275
4952	0.053346258699147275
5354	0.053346258699147275
8206	0.053346258699147275
8322	0.053346258699147275
8752	0.053346258699147275
9731	0.053346258699147275
8903	0.053401334113589737
8991	0.05364726204362888
10990	0.05390135078081198
10600	0.05426769632566347
7214	0.05431284721753824
4725	0.054539345291442824
7859	0.05458327540683909
3046	0.05502942628745372
2881	0.05504024047178384
7300	0.05526806300455277
7512	0.05657947907070704
10168	0.05657947907070704
3644	0.05661292388676055
10875	0.05661292388676055
3209	0.056623850672391424
4309	0.056623850672391424
5075	0.056623850672391424
6919	0.056623850672391424
13448	0.056623850672391424
13575	0.056623850672391424
5772	0.05664625833124204
8531	0.05664636870281406
10256	0.05664636870281406
11374	0.05664636870281406
12191	0.05664636870281406
12958	0.05664636870281406
13633	0.05664636870281406
3243	0.0566571851168729
6201	0.056657295488444934
6174	0.056668109672775045
6240	0.05666866599009264
3906	0.0566792594312787
1501	0.056690740304498444
13611	0.056690740304498444
3690	0.056724074748979926
6113	0.05676811300621949
8458	0.056969669334574244
13268	0.05723479522896025
2252	0.057535361546611194
2995	0.05757973314829558
1231	0.05817975314896226
1478	0.058285164689436134
2704	0.05831287018374414
5149	0.05897933610050101
6536	0.059188174722880946
13434	0.05919910150851182
3327	0.059357495863017064
4440	0.059513130928221566
4233	0.05982395734261377
3528	0.05992396067605821
4709	0.05992396067605821
8630	0.05992396067605821
10166	0.05992396067605821
7026	0.05996833227774259
10915	0.05996833227774259
3892	0.059990850308165235
4819	0.059990850308165235
5670	0.059990850308165235
6829	0.059990850308165235
7667	0.059990850308165235
8403	0.059990850308165235
8740	0.059990850308165235
8992	0.059990850308165235
9901	0.059990850308165235
10035	0.059990850308165235
12131	0.059990850308165235
