9858	0.0002333411113703797
644	0.002966765558851961
4610	0.0030334344478149273
8698	0.003200106670222344
11513	0.003200106670222344
6243	0.0033334444481482664
3033	0.0033334444481482716
10913	0.0033667788926297487
11291	0.003400113337111238
5273	0.004133471115703858
7031	0.004200140004666817
12272	0.004200140004666824
382	0.004266808893629792
13081	0.004333477782592755
12919	0.004966832227740921
10754	0.005033501116703891
12159	0.0063002100070002325
7607	0.006366878895963201
4387	0.006433547784926172
1410	0.006633554451815056
11682	0.006633554451815057
12093	0.006633554451815057
8485	0.006633554451815063
2201	0.00666688889629654
6157	0.00666688889629654
1727	0.006666888896296543
2618	0.006666888896296543
5202	0.006666888896296543
1270	0.006666888896296545
8677	0.006700223340778027
376	0.007266908896963228
10917	0.007466915563852126
1680	0.00753358445281509
9784	0.008200273342444749
12239	0.00833361112037068
1364	0.008400280009333653
11570	0.008400280009333653
9544	0.008533617787259576
6091	0.00956698556618553
11583	0.009700323344111467
13205	0.009800326677555916
5567	0.00986699556651889
2425	0.009933664455481847
3253	0.009966998899963329
1896	0.009966998899963333
8605	0.009966998899963333
1183	0.010000333344444811
1452	0.010000333344444817
5338	0.010000333344444817
811	0.01000033334444482
1221	0.01000033334444482
2214	0.01000033334444482
2969	0.01000033334444482
4426	0.010000333344444822
2334	0.010033667788926302
9037	0.010033667788926304
4694	0.01003366778892631
9127	0.01010033667788926
7133	0.010100336677889274
275	0.01013367112237074
556	0.0102336744558152
3774	0.010267008900296672
574	0.01083369445648188
4906	0.011267042234741153
10552	0.011633721124037464
1251	0.011633721124037466
3096	0.011667055568518958
8450	0.011667055568518958
10036	0.011700390013000439
2328	0.01183372779092637
7670	0.01183372779092637
223	0.012267075569185637
8668	0.012467082236074532
11502	0.012667088902963437
6607	0.01296709890329678
2558	0.013033767792259747
12329	0.013167105570185666
6201	0.0133004433481116
3906	0.013300443348111602
2932	0.01330044334811161
3171	0.01333377779259308
303	0.013333777792593081
5354	0.013333777792593083
11491	0.013333777792593083
4063	0.013333777792593085
6547	0.013333777792593085
13112	0.013333777792593085
13388	0.013333777792593088
2041	0.013333777792593092
3690	0.013333777792593097
3999	0.013367112237074567
743	0.013367112237074574
7129	0.013467115570519014
209	0.013700456681889388
4459	0.013700456681889388
7051	0.014000466682222747
12452	0.014000466682222748
2124	0.014133804460148666
7589	0.014233807793593132
13102	0.01463382112737091
