4224	0.010733691123037434
6535	0.012367078902630094
2398	0.019100636687889597
1976	0.01913397113237108
9243	0.01913397113237108
9498	0.01913397113237108
9167	0.02243408113603787
10764	0.022967432247741594
1511	0.024134137804593486
4340	0.025700856695223182
7382	0.027100903363445443
2299	0.02710090336344545
5961	0.027500916697223245
12230	0.02870095669855662
7084	0.029100970032334417
3189	0.029634321144038134
11436	0.030401013367112234
5270	0.032367745591519725
7963	0.0329677655921864
10262	0.03380112670422347
4457	0.034034467815593855
9687	0.034667822260742026
1003	0.03583452781759392
7912	0.036201206706890234
6396	0.03630121004033468
4388	0.03643454781826061
11145	0.03643454781826061
2468	0.03646788226274209
2533	0.037134571152371745
5105	0.03786792893096436
7712	0.0380012667088903
5724	0.03830127670922364
7874	0.03833461115370512
3249	0.0387679589319644
3531	0.0387679589319644
11376	0.0387679589319644
10991	0.038967965598853294
520	0.039167972265742194
13601	0.039167972265742194
3381	0.03926797559918664
10177	0.04046801560052002
9671	0.04086802893429781
3742	0.04096803226774226
8803	0.04100136671222374
9875	0.041068035601186714
696	0.04116803893463116
4119	0.04116803893463116
10651	0.041201373379112644
6583	0.04160138671289043
9979	0.041634721157371914
2206	0.04170139004633488
10598	0.042068068935631184
10462	0.04210140338011267
8998	0.04233474449148305
1609	0.042434747824927496
10261	0.042434747824927496
11070	0.0424347478249275
668	0.042468082269408985
726	0.042468082269408985
1031	0.042468082269408985
4672	0.042468082269408985
5493	0.042468082269408985
5774	0.042468082269408985
6050	0.042468082269408985
6522	0.042468082269408985
6976	0.042468082269408985
9151	0.042468082269408985
13332	0.042468082269408985
13461	0.042468082269408985
3950	0.0428347611587053
1167	0.04286809560318677
2308	0.04286809560318678
3557	0.04296809893663123
2901	0.043234774492483086
5251	0.04326810893696457
8299	0.043668122270742356
10927	0.04366812227074236
13158	0.04366812227074236
170	0.043834794493149774
932	0.043834794493149774
2231	0.043834794493149774
2935	0.043834794493149774
3511	0.043834794493149774
8205	0.043834794493149774
10690	0.043834794493149774
11841	0.043834794493149774
1390	0.044001466715557186
5725	0.044001466715557186
6452	0.044001466715557186
8253	0.044001466715557186
8537	0.044001466715557186
8808	0.044001466715557186
10855	0.044001466715557186
12759	0.044001466715557186
13310	0.044001466715557186
13334	0.044001466715557186
10726	0.04403480116003867
2189	0.044034801160038675
4594	0.044034801160038675
8292	0.044034801160038675
