6117	0.007100236674555831
12113	0.010167005566852232
7619	0.01840061335377846
9531	0.026700890029667655
5069	0.03003433447781593
12485	0.0301010033667789
13135	0.0366345544851495
196	0.03670122337411249
898	0.037034567818927305
10679	0.03863462115403846
2923	0.03996799893329778
11629	0.042068068935631184
4022	0.042468082269408985
7309	0.0449681656055202
7735	0.04500150005000167
5903	0.04650155005166838
10577	0.048668288942964766
4207	0.05006833561118703
10732	0.051801726724224145
4009	0.053268442281409395
4920	0.056701890063002115
1291	0.05670189006300212
497	0.056735224507483584
6265	0.05753525117503917
10873	0.05996866562218742
2202	0.0600020000666689
1170	0.06003533451115037
7699	0.06006866895563184
7297	0.06333544451481715
7534	0.06336877895929864
10492	0.06360212007066904
9806	0.06490216340544686
7151	0.06583552785092836
708	0.06666888896296544
212	0.0683022767425581
4167	0.0683022767425581
9568	0.06836894563152107
6087	0.06840228007600255
2268	0.0696356545218174
6105	0.0700023334111137
8886	0.07006900230007668
4419	0.07326910897029902
10372	0.0733024434147805
13276	0.0733024434147805
3919	0.0734691156371879
3013	0.07410247008233609
10458	0.07486916230541019
12471	0.07663588786292877
2614	0.07666922230741025
4170	0.07680256008533619
7060	0.07996933231107704
4501	0.08003600120004
9530	0.08003600120004001
7724	0.08083602786759558
13173	0.08166938897963266
11386	0.08236941231374378
10533	0.08293609786992898
3613	0.0833027767592253
6205	0.0833027767592253
2222	0.08333611120370679
2074	0.08346944898163272
1133	0.08403613453781794
2983	0.08466948898296608
1572	0.08496949898329943
10948	0.08663622120737356
4038	0.08663622120737359
6938	0.08670289009633654
7904	0.08696956565218844
8967	0.08753625120837363
10360	0.08826960898696623
4362	0.08996966565552185
1179	0.09000300010000334
12245	0.09000300010000334
1302	0.09030301010033671
11324	0.09073635787859596
3239	0.09166972232407747
402	0.09183639454648487
6104	0.09330311010367012
13542	0.0933364445481516
3157	0.09336977899263307
3670	0.09336977899263307
12632	0.09336977899263312
2060	0.09340311343711459
7152	0.09503650121670723
5176	0.09560318677289242
2619	0.09576985899529987
22	0.09656988566285542
3976	0.09666988899629987
3136	0.09673655788526286
10087	0.09833661122037402
8729	0.09976999233307779
13088	0.10000333344444814
10670	0.10003666788892963
4533	0.10167005566852229
7732	0.10170339011300376
10598	0.10250341678055934
2928	0.10270342344744825
5105	0.1029700990033001
10737	0.10330344344811493
11443	0.10340344678155937
