2382	0.003366778892629752
2946	0.003466782226074199
3161	0.004100136671222374
8032	0.004966832227740928
12223	0.0050001666722224065
8399	0.006666888896296554
5078	0.006700223340778034
9579	0.008300276675889198
10613	0.008366945564852155
5353	0.008400280009333645
4342	0.010000333344444817
13219	0.010133671122370746
1200	0.011633721124037466
5007	0.01166705556851895
5944	0.01173372445748192
7836	0.012967098903296783
1592	0.013333777792593085
13289	0.013367112237074577
1257	0.014333811127037556
8279	0.014967165572185744
3438	0.015000500016667225
11328	0.015000500016667225
1378	0.015533851128370945
4427	0.01663388779625987
12920	0.01663388779625987
5634	0.016633887796259877
7620	0.016667222240741353
11514	0.016667222240741353
1192	0.01666722224074136
9897	0.016667222240741367
12719	0.016667222240741367
1416	0.016700556685222842
3334	0.01676722557418581
5607	0.01676722557418581
7007	0.01680056001866729
10803	0.018267275575852532
11249	0.018333944464815503
2446	0.018367278909296972
180	0.018367278909296975
809	0.01860062002066736
12342	0.018700623354111802
1439	0.018967298909963667
7945	0.0196673222440748
7004	0.019700656688556296
2333	0.019767325577519257
9212	0.019833994466482225
11417	0.019967332244408137
10956	0.01996733224440815
362	0.02000066668888963
9837	0.02000066668888963
12356	0.02000066668888963
7308	0.020000666688889633
10880	0.020000666688889633
10962	0.020000666688889633
12397	0.020000666688889633
11521	0.02003400113337111
10445	0.02003400113337112
9740	0.020034001133371122
9581	0.02010067002233408
12448	0.020534017800593347
12229	0.02076735891196373
9690	0.02166738891296376
3974	0.021667388912963763
2870	0.021667388912963766
8970	0.02166738891296377
723	0.021700723357445245
7621	0.02170072335744525
6173	0.022467415580519352
1607	0.022600753358445285
8044	0.023100770025667523
9031	0.023234107803593446
12600	0.023267442248074935
8092	0.02330077669255642
65	0.023300776692556424
7257	0.023300776692556424
10048	0.023300776692556424
10872	0.023300776692556424
12269	0.023300776692556424
12447	0.023300776692556424
3487	0.0233341111370379
5283	0.0233341111370379
13167	0.0233341111370379
13322	0.0233341111370379
12344	0.023334111137037906
4934	0.023367445581519382
5244	0.023367445581519382
12107	0.023367445581519396
12278	0.023567452248408276
1259	0.023667455581852737
10663	0.02500083336111204
11274	0.02500083336111204
2615	0.025000833361112047
12197	0.025167505583519448
7502	0.025234174472482412
7046	0.025334177805926866
765	0.02560085336177873
10151	0.025600853361778732
12431	0.025867528917630583
8125	0.026467548918297272
11241	0.026534217807260244
