7037	0.0
12359	0.0
12629	0.0
838	0.00013333777792593274
2344	0.00013333777792593274
3682	0.00013333777792593274
3914	0.00013333777792593274
4099	0.00013333777792593274
7427	0.00013333777792593274
7620	0.00013333777792593274
9178	0.00013333777792593274
11514	0.00013333777792593274
13085	0.00013333777792593274
522	0.00016667222240741505
527	0.00016667222240741505
1416	0.00016667222240741505
1787	0.00016667222240741505
2600	0.00016667222240741505
6008	0.00016667222240741505
8724	0.00016667222240741505
8906	0.00016667222240741505
9831	0.00016667222240741505
9912	0.00016667222240741505
12170	0.00016667222240741505
12217	0.00016667222240741505
5702	0.00020000666688889737
8739	0.00020000666688889737
429	0.0008000266675555895
12392	0.0015000500016667216
5353	0.0018667288909630306
10613	0.0018667288909630306
9503	0.0022000733357778607
734	0.0024667488916297244
5684	0.0026000866695556554
4079	0.002700090003000099
13063	0.0028667622254075122
7945	0.002866762225407514
11661	0.0029000966698889963
3488	0.0031667722257408583
2976	0.0032001066702223406
4567	0.0032001066702223406
6656	0.0032001066702223406
7922	0.0032001066702223406
8939	0.0032001066702223406
12532	0.0032667755591853104
4331	0.0033334444481482716
6930	0.0033334444481482716
4012	0.0033334444481482733
8860	0.0033334444481482733
10209	0.0033334444481482733
1605	0.0034001133371112414
1266	0.0034667822260742026
1546	0.0034667822260742026
2435	0.0034667822260742026
2574	0.0034667822260742026
2946	0.0034667822260742026
3658	0.0034667822260742026
4342	0.0034667822260742026
4591	0.0034667822260742026
5258	0.0034667822260742026
5419	0.0034667822260742026
6305	0.0034667822260742026
7240	0.0034667822260742026
7933	0.0034667822260742026
10916	0.0034667822260742026
12200	0.0034667822260742026
12249	0.003466782226074206
12397	0.003466782226074206
2382	0.003500116670555685
2870	0.003500116670555685
3366	0.003500116670555685
5241	0.003500116670555685
7625	0.003500116670555685
11568	0.003500116670555685
12559	0.003500116670555685
364	0.0035001166705556884
5930	0.0035001166705556884
7797	0.0035001166705556884
11521	0.0035001166705556884
13353	0.0035001166705556884
4997	0.003566785559518646
2165	0.0038334611153705133
5234	0.004133471115703859
3161	0.004233474449148306
41	0.004300143338111274
2104	0.0044334811160372
1257	0.0044668155605186825
6032	0.004500150005000165
7371	0.004766825560852027
1114	0.004833494449814995
1277	0.004833494449814995
3817	0.004833494449814995
7733	0.004833494449814995
8032	0.004833494449814995
8847	0.004833494449814995
12827	0.004833494449814995
8883	0.0048668288942964755
9811	0.0048668288942964755
10305	0.0048668288942964755
13111	0.0051001700056668604
