3011	0.183272775759192
12851	0.18997299909997004
9537	0.19627320910697024
10431	0.19663988799626653
11780	0.19997333244441487
3514	0.2066402213407114
1981	0.20834027800926694
4052	0.20834027800926694
9304	0.2100070002333411
9856	0.21164038801293375
2563	0.21220707356911886
3219	0.21497383246108207
3504	0.24164138804626822
3495	0.2466415547184906
2204	0.26164205473515784
2562	0.2666422214073803
10630	0.27500916697223243
5598	0.28330944364812166
3131	0.28334277809260316
3226	0.288376279209307
647	0.29167638921297384
2451	0.29167638921297384
4318	0.29167638921297384
6303	0.29167638921297384
12353	0.29257641921397376
13249	0.29330977699256644
6927	0.29517650588352945
13556	0.30664355478515953
12325	0.3083436114537152
1044	0.30927697589919667
526	0.3101436714557152
5570	0.3117103903463449
13646	0.32501083369445655
2536	0.3266108870295677
7950	0.3266442214740492
13198	0.3484449481649389
9707	0.3518117270575686
3151	0.3583786126204207
39	0.3643788126270876
861	0.3651788392946431
10692	0.3666455548518284
4970	0.3683789459648655
6631	0.37084569485649527
4798	0.3749791659721991
6424	0.3749791659721991
8218	0.3749791659721991
437	0.3750125004166806
4563	0.3750125004166806
4898	0.3750125004166806
9066	0.3750125004166806
9357	0.3750125004166806
12083	0.3750125004166806
12978	0.3750125004166806
13678	0.3750125004166806
5600	0.37814593819793996
1028	0.37831261042034736
1045	0.3786126204206807
9227	0.3816793893129771
12933	0.3816793893129771
260	0.38171272375745857
1254	0.38337944598153273
12034	0.3883129437647922
7767	0.40341344711490384
5927	0.40834694489816326
847	0.4083469448981633
4145	0.4083469448981633
6541	0.4083469448981633
7136	0.4083469448981633
10463	0.40841361378712626
4535	0.4087136237874596
6646	0.4209806993566453
10347	0.4249808326944231
5343	0.4316810560352011
803	0.43171439047968263
8182	0.4317143904796827
13082	0.43394779825994206
1965	0.44368145604853493
4248	0.44458148604953496
8549	0.4457481916063869
7592	0.4459148638287943
8336	0.44854828494283144
11079	0.4511150371679056
11614	0.4557818593953132
294	0.45834861162038737
548	0.45834861162038737
1703	0.45834861162038737
3455	0.45834861162038737
6326	0.45834861162038737
10563	0.45834861162038737
11628	0.45834861162038737
11331	0.4585152838427948
10449	0.46174872495749864
4316	0.4683822794093136
2894	0.47004900163338775
12193	0.4700490016333878
5385	0.4708823627454249
4242	0.4717157238574619
4001	0.4749824994166472
2367	0.4750158338611287
13138	0.4764825494183139
