3	0.0
1474	0.0
1480	0.0
2174	0.0
2337	0.0
4372	0.0
5808	0.0
6867	0.0
10187	0.0
11310	0.0
12136	0.0
12199	0.0
11520	3.333444448148232e-05
2240	0.0016333877795926544
4022	0.0016333877795926544
9787	0.0016333877795926544
10267	0.0016333877795926544
10416	0.0016333877795926544
1021	0.0016667222240741297
2581	0.0016667222240741297
2877	0.0016667222240741297
2997	0.0016667222240741297
3598	0.0016667222240741297
4878	0.0016667222240741297
5728	0.0016667222240741297
6935	0.0016667222240741297
7179	0.0016667222240741297
7320	0.0016667222240741297
7800	0.0016667222240741297
8156	0.0016667222240741297
8488	0.0016667222240741297
11965	0.0016667222240741297
5	0.001700056668555612
7	0.001700056668555612
9	0.001700056668555612
19	0.001700056668555612
38	0.001700056668555612
73	0.001700056668555612
91	0.001700056668555612
102	0.001700056668555612
110	0.001700056668555612
154	0.001700056668555612
197	0.001700056668555612
240	0.001700056668555612
253	0.001700056668555612
284	0.001700056668555612
327	0.001700056668555612
341	0.001700056668555612
361	0.001700056668555612
414	0.001700056668555612
433	0.001700056668555612
455	0.001700056668555612
465	0.001700056668555612
494	0.001700056668555612
498	0.001700056668555612
505	0.001700056668555612
531	0.001700056668555612
555	0.001700056668555612
580	0.001700056668555612
581	0.001700056668555612
582	0.001700056668555612
588	0.001700056668555612
674	0.001700056668555612
698	0.001700056668555612
728	0.001700056668555612
744	0.001700056668555612
778	0.001700056668555612
783	0.001700056668555612
828	0.001700056668555612
850	0.001700056668555612
875	0.001700056668555612
922	0.001700056668555612
933	0.001700056668555612
934	0.001700056668555612
964	0.001700056668555612
999	0.001700056668555612
1004	0.001700056668555612
1062	0.001700056668555612
1073	0.001700056668555612
1082	0.001700056668555612
1100	0.001700056668555612
1111	0.001700056668555612
1138	0.001700056668555612
1168	0.001700056668555612
1172	0.001700056668555612
1184	0.001700056668555612
1219	0.001700056668555612
1244	0.001700056668555612
1264	0.001700056668555612
1265	0.001700056668555612
1279	0.001700056668555612
1282	0.001700056668555612
1285	0.001700056668555612
1353	0.001700056668555612
1403	0.001700056668555612
1406	0.001700056668555612
1433	0.001700056668555612
1440	0.001700056668555612
1458	0.001700056668555612
1471	0.001700056668555612
