12085	0.00013333777792592927
6256	0.0018000600020000729
12949	0.00320010667022233
6114	0.003200106670222337
5340	0.0033334444481482733
4357	0.004133471115703859
1813	0.004533484449481644
7199	0.004866828894296474
6296	0.005133504450148339
4220	0.006500216673889128
5056	0.006500216673889128
290	0.0065335511183706105
332	0.0065335511183706105
2301	0.0065335511183706105
2743	0.0065335511183706105
4154	0.0065335511183706105
4958	0.0065335511183706105
6407	0.0065335511183706105
7123	0.0065335511183706105
7925	0.0065335511183706105
9841	0.0065335511183706105
9844	0.0065335511183706105
9889	0.0065335511183706105
13035	0.0065335511183706105
13131	0.0065335511183706105
1301	0.006566885562852093
2009	0.006566885562852093
7021	0.006566885562852093
7809	0.006566885562852093
10369	0.006566885562852093
2050	0.00666688889629654
10046	0.00666688889629654
12555	0.00666688889629654
9588	0.006800226674222476
292	0.006833561118703951
8973	0.006833561118703958
12266	0.007366912230407675
1322	0.0074335811193706434
1545	0.007833594453148442
1269	0.00820027334244474
12070	0.008200273342444747
10388	0.00846694889829662
9750	0.008500283342778088
12292	0.0088669622320744
3056	0.009200306676889234
10972	0.009200306676889234
3065	0.009700323344111465
2297	0.009866995566518877
6297	0.009866995566518884
6971	0.009866995566518884
3609	0.010000333344444813
7096	0.01000033334444482
1117	0.010033667788926302
10427	0.010067002233407778
1198	0.01013367112237075
4095	0.01013367112237075
6281	0.01013367112237075
7103	0.01013367112237075
7191	0.01013367112237075
7757	0.01013367112237075
9076	0.01013367112237075
9124	0.01013367112237075
9733	0.01013367112237075
10370	0.01013367112237075
10412	0.01013367112237075
10619	0.01013367112237075
12109	0.01013367112237075
12462	0.01013367112237075
1606	0.010167005566852239
4901	0.010167005566852239
5951	0.010167005566852239
12945	0.010200340011333707
12537	0.010500350011667062
8283	0.011267042234741158
10736	0.011833727790926368
1821	0.012267075569185642
10656	0.013167105570185675
160	0.01320044001466715
1399	0.01320044001466715
3814	0.01320044001466715
3967	0.01320044001466715
4161	0.01320044001466715
4614	0.01320044001466715
5980	0.01320044001466715
6585	0.01320044001466715
9786	0.01320044001466715
11420	0.01320044001466715
3183	0.013200440014667154
9975	0.013200440014667157
12661	0.013200440014667157
11675	0.013233774459148633
6075	0.01333377779259308
10516	0.01343378112603754
4123	0.01346711557051903
7130	0.013500450015000512
1426	0.014833827794259812
8789	0.014833827794259812
12385	0.014833827794259812
5005	0.014867162238741287
10546	0.014867162238741287
