744	0.016433881129370984
10368	0.01833394446481549
11302	0.019567318910630356
4996	0.025600853361778718
6027	0.02896763225440848
11453	0.03056768558951964
6361	0.036367878929297645
66	0.04016800560018668
19	0.04040134671155705
6946	0.042768092269742326
6215	0.0430014333811127
504	0.04510150338344611
2983	0.047068235607853594
12050	0.047268242274742495
708	0.04896829894329811
12393	0.049701656721890725
130	0.05133504450148338
7135	0.05133504450148338
7605	0.0515017167238908
8890	0.05193506450215007
2240	0.05200173339111303
9040	0.052735091169705664
6117	0.0528350945031501
1258	0.053001766725557516
7954	0.056368545618187285
12474	0.05640188006266876
3062	0.05803526784226142
478	0.058868628954298466
747	0.05896863228774292
10458	0.05986866228874296
13008	0.060602020067335574
6954	0.062002066735557845
11569	0.06213540451348378
2278	0.062268742291409704
9943	0.06226874229140971
8318	0.06303543451448382
3962	0.06423547451581718
12273	0.06436881229374312
3961	0.06526884229474315
11279	0.06626887562918765
11487	0.06666888896296541
10533	0.06766892229740991
12293	0.06786892896429882
1448	0.06890229674322476
11443	0.06890229674322478
10587	0.06953565118837293
12632	0.07026900896696558
12199	0.07030234341144705
11375	0.07060235341178038
10966	0.0713690456348545
1440	0.07196906563552116
3602	0.07200240008000267
7333	0.07200240008000267
9208	0.07200240008000267
9813	0.0721357378579286
5903	0.07240241341378047
2222	0.07266908896963231
5175	0.0727024234141138
322	0.07270242341411381
3670	0.07273575785859529
4218	0.07273575785859529
6448	0.07273575785859529
5046	0.07416913897129905
325	0.07466915563852129
4114	0.0754025134171139
413	0.07543584786159538
8954	0.0756025200840028
6041	0.07570252341744724
9616	0.07583586119537317
1474	0.0760025334177806
136	0.07636921230707691
8996	0.0769692323077436
3919	0.07710257008566952
12122	0.07710257008566952
3	0.07773592453081771
4003	0.07800260008666955
5323	0.07813593786459548
2502	0.0786692889762992
6038	0.07866928897629921
6249	0.07866928897629921
3673	0.07876929230974365
5384	0.07880262675422514
3640	0.0788359611987066
836	0.07893596453215107
10943	0.07893596453215107
4920	0.07896929897663256
2017	0.079069302310077
9812	0.07910263675455849
6973	0.07920264008800294
13195	0.07920264008800294
8686	0.07940264675489185
9114	0.07943598119937331
4525	0.07943598119937333
5932	0.07953598453281775
5664	0.07956931897729924
802	0.07960265342178074
1348	0.0796693223107437
9530	0.0796693223107437
7535	0.07970265675522518
7001	0.0797026567552252
