465	0.0001333377779259362
12310	0.0001333377779259362
326	0.00016667222240741332
875	0.00016667222240741852
10504	0.00016667222240741852
11388	0.00030001000033334953
13444	0.0004333477782592753
4044	0.00043334777825928053
6230	0.0007333577785926196
11909	0.0007333577785926249
9745	0.0007666922230741028
698	0.000766692223074108
5374	0.0008333611120370675
728	0.0009666988899630037
3194	0.0009666988899630037
4948	0.001033367778925964
1471	0.0014333811127037618
4055	0.0015000500016667225
5583	0.0015000500016667273
903	0.0015333844461482048
8490	0.00153338444614821
9431	0.0016333877795926535
9995	0.0016333877795926535
197	0.0016333877795926587
2480	0.0016333877795926587
3295	0.0016333877795926587
4592	0.0016333877795926587
9885	0.0016333877795926587
11729	0.0016333877795926587
12054	0.0016333877795926587
12562	0.0016333877795926587
17	0.0017000566685556186
3058	0.0017000566685556186
6828	0.0017000566685556186
7658	0.0017000566685556186
10236	0.0017000566685556186
5249	0.0017333911130371013
91	0.0017667255575185897
783	0.0017667255575185897
1168	0.0017667255575185897
1794	0.0017667255575185897
2038	0.0017667255575185897
2803	0.0017667255575185897
4585	0.0017667255575185897
5182	0.0017667255575185897
6687	0.0017667255575185897
8328	0.0017667255575185897
8764	0.0017667255575185897
11330	0.0017667255575185897
11589	0.0017667255575185897
4589	0.001800060002000072
6548	0.001800060002000072
9624	0.001800060002000072
10711	0.001800060002000072
13069	0.001800060002000072
5126	0.0018333944464815543
11965	0.0018333944464815543
327	0.0018333944464815548
922	0.0018333944464815548
934	0.0018333944464815548
1172	0.0018333944464815548
1593	0.0018333944464815548
1681	0.0018333944464815548
1964	0.0018333944464815548
2295	0.0018333944464815548
2609	0.0018333944464815548
2796	0.0018333944464815548
2862	0.0018333944464815548
3186	0.0018333944464815548
3448	0.0018333944464815548
3502	0.0018333944464815548
4091	0.0018333944464815548
4340	0.0018333944464815548
4449	0.0018333944464815548
4581	0.0018333944464815548
5222	0.0018333944464815548
5341	0.0018333944464815548
5348	0.0018333944464815548
5457	0.0018333944464815548
5574	0.0018333944464815548
5779	0.0018333944464815548
6399	0.0018333944464815548
6936	0.0018333944464815548
6945	0.0018333944464815548
7010	0.0018333944464815548
7134	0.0018333944464815548
7329	0.0018333944464815548
7395	0.0018333944464815548
7711	0.0018333944464815548
7780	0.0018333944464815548
7783	0.0018333944464815548
8088	0.0018333944464815548
8482	0.0018333944464815548
8609	0.0018333944464815548
8766	0.0018333944464815548
8934	0.0018333944464815548
9137	0.0018333944464815548
9347	0.0018333944464815548
9586	0.0018333944464815548
9657	0.0018333944464815548
