476	0.0
1262	0.0
2068	0.0
3614	0.0
5151	0.0
7529	0.0
10528	0.0
11520	0.0
13397	0.0
695	3.333444448147538e-05
716	3.333444448147538e-05
1072	3.333444448147538e-05
1514	3.333444448147538e-05
2076	3.333444448147538e-05
3436	3.333444448147538e-05
4097	3.333444448147538e-05
6111	3.333444448147538e-05
7601	3.333444448147538e-05
8124	3.333444448147538e-05
8686	3.333444448147538e-05
9025	3.333444448147538e-05
9863	3.333444448147538e-05
11139	3.333444448147538e-05
12252	3.333444448147538e-05
12981	3.333444448147538e-05
13177	3.333444448147538e-05
12262	0.0012000400013333773
910	0.0016667222240741436
3028	0.0029334311143704855
3086	0.0033334444481482733
5179	0.0033334444481482733
6707	0.0033334444481482733
9524	0.0033334444481482733
10602	0.0033334444481482733
11499	0.0033334444481482733
7710	0.0033667788926297487
10377	0.0035667855595186426
227	0.003700123337444572
5041	0.004166805560185338
2098	0.005000166672222417
3520	0.006266875562518759
13264	0.006300210007000234
6095	0.006633554451815057
12703	0.006666888896296533
2402	0.006833561118703951
1578	0.01000033334444482
10265	0.01000033334444482
12207	0.01000033334444482
2605	0.010400346678222622
8265	0.012300410013667135
5910	0.012933764458815292
752	0.01323377445914864
6231	0.013267108903630129
8715	0.013300443348111604
1453	0.01333377779259308
2906	0.01333377779259308
8773	0.01333377779259308
10258	0.01333377779259308
12480	0.01333377779259308
9	0.013333777792593093
4336	0.013333777792593093
9109	0.013333777792593093
7598	0.013367112237074583
8038	0.014833827794259805
5103	0.016500550018333962
51	0.016633887796259864
250	0.016633887796259864
299	0.016633887796259864
633	0.016633887796259864
727	0.016633887796259864
1433	0.016633887796259864
2037	0.016633887796259864
2086	0.016633887796259864
2664	0.016633887796259864
2899	0.016633887796259864
3315	0.016633887796259864
6001	0.016633887796259864
7088	0.016633887796259864
9190	0.016633887796259864
10798	0.016633887796259864
10966	0.016633887796259864
11478	0.016633887796259864
12543	0.016633887796259864
46	0.016667222240741367
1804	0.016667222240741367
2337	0.016667222240741367
2945	0.016667222240741367
3201	0.016667222240741367
4115	0.016667222240741367
4333	0.016667222240741367
6979	0.016667222240741367
7001	0.016667222240741367
8223	0.016667222240741367
8708	0.016667222240741367
8983	0.016667222240741367
10387	0.016667222240741367
10780	0.016667222240741367
10905	0.016667222240741367
12104	0.016667222240741367
12154	0.016667222240741367
