8804	0.024251104218266366
12113	0.032251279219516156
12485	0.035918073112895965
728	0.03645142255779411
682	0.04098515869491598
9835	0.042384955342303604
1363	0.04246829062010452
7	0.05488558037355516
6330	0.06263646293418375
9935	0.06263646293418375
10132	0.06263646293418375
13380	0.06263646293418375
9810	0.06270313182314671
4564	0.06276980071210968
13270	0.06276980071210968
5099	0.06496987404788754
11386	0.06496987404788754
1528	0.06510321182581347
8300	0.06510321182581347
3919	0.06578656710428106
830	0.06583656960440609
1589	0.06583656960440609
8975	0.06583656960440609
506	0.06586990404888757
5997	0.06586990404888757
7184	0.06586990404888757
11618	0.06586990404888757
12165	0.06586990404888757
12049	0.06596990738233202
13144	0.06596990738233202
1445	0.0660032418268135
3059	0.0660032418268135
3661	0.06616991404922092
3766	0.06713661293918391
4156	0.0673362029046817
13008	0.06753662627296171
2583	0.06760329516192468
7951	0.06760329516192468
3256	0.06766996405088764
10481	0.06766996405088764
9769	0.06843665627396174
10598	0.06843665627396174
6043	0.06853665960740618
13664	0.06897000738566547
7297	0.06900334183014695
11428	0.06913667960807288
2074	0.06917001405255437
2342	0.06917001405255437
4341	0.06917001405255437
7182	0.06917001405255437
13739	0.06917001405255437
5203	0.0693033518304803
9603	0.0693033518304803
373	0.06933668627496177
3582	0.06933668627496177
5127	0.06980336849770254
5425	0.07003670960907292
13265	0.07013671294251736
2079	0.07023671627596181
1569	0.07030338516492478
3257	0.07050339183181367
7735	0.07070339849870257
188	0.07087007072110998
12466	0.07090340516559146
3471	0.07097007405455442
13059	0.07133675294385074
2222	0.07185281261462986
88	0.07203677627796187
11419	0.07237012072277671
12434	0.07240345516725818
7434	0.07247012405622115
10719	0.07247012405622115
11621	0.07247012405622115
2385	0.07250345850070264
4684	0.07250345850070264
4866	0.07250345850070264
6832	0.07250345850070264
7062	0.07250345850070264
8018	0.07250345850070264
10840	0.07250345850070264
11316	0.07250345850070264
13133	0.07253679294518411
4046	0.07263679627862857
4225	0.07263679627862857
6469	0.07263679627862857
7389	0.07263679627862857
7953	0.07263679627862857
8953	0.07263679627862857
11413	0.07263679627862857
13052	0.07263679627862857
3637	0.07267013072311004
7695	0.07267013072311004
9369	0.07280346850103597
7879	0.07287013738999895
6106	0.07313681294585081
544	0.0735368262796286
10509	0.07390350516892491
814	0.07400350850236936
10567	0.07403684294685084
12663	0.0741368462802953
