6259	0.016600553351778402
1367	0.016700556685222842
370	0.020000666688889633
3648	0.020067335577852598
9011	0.023334111137037906
7626	0.026734224474149137
879	0.030067668922297418
694	0.0301010033667789
2858	0.033401113370445684
8052	0.03483449448314946
3920	0.03660122004066803
5414	0.038334611153705116
5283	0.04006800226674222
9589	0.040234674489149656
3974	0.045034834494483145
2647	0.04673489116303875
7004	0.049668322277409235
8444	0.05003500116670555
5172	0.050035001166705576
5294	0.05003500116670558
4166	0.0516683889462982
1338	0.05173505783526118
9746	0.053301776725890856
9593	0.053368445614853835
7055	0.055035167838927965
7629	0.058335277842594756
4909	0.05836861228707624
306	0.06003533451115037
10424	0.06003533451115039
1235	0.06336877895929866
10417	0.06563552118403945
13037	0.06663555451848395
12920	0.06666888896296541
35	0.06666888896296544
1160	0.06666888896296544
3979	0.06666888896296544
7871	0.06666888896296544
8739	0.06666888896296544
11568	0.06666888896296544
13100	0.06666888896296544
13313	0.06666888896296544
5527	0.06670222340744691
1579	0.06670222340744693
7069	0.06670222340744693
8429	0.06670222340744693
10409	0.06670222340744693
12559	0.06670222340744693
2762	0.0683022767425581
10907	0.0683022767425581
7241	0.06850228340944699
3187	0.06926897563252109
1531	0.06986899563318778
106	0.06993566452215075
5097	0.06993566452215075
2976	0.06996899896663222
4591	0.06996899896663222
5206	0.06996899896663222
5916	0.06996899896663222
8506	0.06996899896663222
8958	0.06996899896663222
2892	0.0700023334111137
5013	0.07000233341111371
12002	0.07000233341111371
13608	0.07000233341111371
3161	0.07003566785559517
10880	0.07006900230007665
3301	0.07006900230007668
12194	0.0706023534117804
4108	0.0708023600786693
6061	0.07150238341278042
12914	0.07163572119070635
2129	0.07166905563518784
4960	0.07206906896896563
9759	0.07313577119237308
7101	0.0733024434147805
8272	0.0733024434147805
9128	0.0733024434147805
10478	0.0733024434147805
5991	0.07333577785926197
4093	0.07333577785926199
5726	0.07333577785926199
9842	0.07333577785926199
10545	0.07333577785926199
10551	0.07333577785926199
10660	0.07333577785926199
6299	0.07336911230374346
11573	0.07336911230374346
4947	0.07336911230374348
1268	0.07346911563718792
9097	0.07423580786026202
11336	0.07430247674922498
2082	0.07456915230507682
2890	0.07470249008300275
513	0.07500250008333612
6120	0.07570252341744725
5446	0.07660255341844728
1357	0.07663588786292877
6260	0.07663588786292877
1233	0.07666922230741025
2875	0.07666922230741025
