268	0.0
2545	0.0024501225061253074
12181	0.0025001250062503116
5430	0.0032001600080003995
5232	0.003750187509375469
1374	0.004950247512375619
2981	0.004950247512375619
5599	0.004950247512375619
1408	0.005050252512625631
2603	0.005050252512625631
2617	0.005050252512625631
5293	0.005050252512625631
6015	0.005050252512625631
6047	0.005050252512625631
7363	0.005050252512625631
9126	0.005050252512625631
11365	0.006250312515625783
3203	0.007300365018250911
2049	0.008850442522126106
8870	0.009950497524876244
3236	0.009950497524876246
9081	0.009950497524876246
0	0.01000050002500125
1	0.01000050002500125
2	0.01000050002500125
3	0.01000050002500125
4	0.01000050002500125
5	0.01000050002500125
6	0.01000050002500125
7	0.01000050002500125
8	0.01000050002500125
9	0.01000050002500125
10	0.01000050002500125
11	0.01000050002500125
12	0.01000050002500125
13	0.01000050002500125
14	0.01000050002500125
15	0.01000050002500125
16	0.01000050002500125
17	0.01000050002500125
18	0.01000050002500125
19	0.01000050002500125
20	0.01000050002500125
21	0.01000050002500125
22	0.01000050002500125
23	0.01000050002500125
24	0.01000050002500125
25	0.01000050002500125
26	0.01000050002500125
27	0.01000050002500125
28	0.01000050002500125
29	0.01000050002500125
30	0.01000050002500125
31	0.01000050002500125
32	0.01000050002500125
33	0.01000050002500125
34	0.01000050002500125
35	0.01000050002500125
37	0.01000050002500125
38	0.01000050002500125
39	0.01000050002500125
40	0.01000050002500125
41	0.01000050002500125
42	0.01000050002500125
43	0.01000050002500125
44	0.01000050002500125
45	0.01000050002500125
46	0.01000050002500125
47	0.01000050002500125
48	0.01000050002500125
49	0.01000050002500125
51	0.01000050002500125
52	0.01000050002500125
53	0.01000050002500125
54	0.01000050002500125
55	0.01000050002500125
56	0.01000050002500125
57	0.01000050002500125
58	0.01000050002500125
59	0.01000050002500125
60	0.01000050002500125
61	0.01000050002500125
62	0.01000050002500125
63	0.01000050002500125
64	0.01000050002500125
65	0.01000050002500125
66	0.01000050002500125
67	0.01000050002500125
68	0.01000050002500125
69	0.01000050002500125
70	0.01000050002500125
71	0.01000050002500125
72	0.01000050002500125
73	0.01000050002500125
74	0.01000050002500125
75	0.01000050002500125
76	0.01000050002500125
77	0.01000050002500125
78	0.01000050002500125
79	0.01000050002500125
