5605	0.0
38	0.0001333377779259362
1184	0.0001333377779259362
2229	0.0001333377779259362
2668	0.0001333377779259362
6146	0.0001333377779259362
10222	0.0001333377779259362
10597	0.0001333377779259362
3756	0.00016667222240741852
10461	0.00016667222240741852
11505	0.00016667222240741852
9696	0.0002666755558518655
291	0.0015000500016667181
13599	0.0017667255575185906
8585	0.002700090003000106
3929	0.0030334344478149325
152	0.0033001100036667876
1929	0.0033001100036667876
7015	0.0033001100036667876
8321	0.0033001100036667876
1134	0.00333344444814827
2094	0.00333344444814827
11360	0.00333344444814827
12490	0.00333344444814827
5009	0.003366778892629752
1279	0.0034334477815927238
1668	0.0034334477815927238
3128	0.0034334477815927238
3969	0.0034334477815927238
5617	0.0034334477815927238
9929	0.0034334477815927238
13339	0.0034334477815927238
7673	0.0034334477815927272
1563	0.003466782226074206
2997	0.003466782226074206
3277	0.003466782226074206
4200	0.003466782226074206
4370	0.003466782226074206
6403	0.003466782226074206
7171	0.003466782226074206
8836	0.003466782226074206
10460	0.003466782226074206
11714	0.003466782226074206
455	0.0034667822260742095
4007	0.0034667822260742095
6347	0.0034667822260742095
11032	0.0034667822260742095
11629	0.0034667822260742095
1219	0.0035001166705556884
4008	0.0035001166705556884
10877	0.0035001166705556884
2053	0.003600120004000139
7362	0.004000133337777923
74	0.004800160005333506
5010	0.005033501116703889
11418	0.005166838894629822
11715	0.005166838894629825
12729	0.005300176672555756
6472	0.0058001933397779926
8138	0.0059001966732224465
5728	0.005966865562185411
1761	0.006133537784592824
4560	0.0065335511183706105
8171	0.006533551118370617
5299	0.006666888896296543
12149	0.006666888896296543
6485	0.0067002233407780255
6373	0.006733557785259515
964	0.006766892229740997
2073	0.006766892229740997
3469	0.006766892229740997
1573	0.006800226674222479
3463	0.006800226674222479
3719	0.006800226674222479
5060	0.006800226674222479
7534	0.006800226674222479
11406	0.006800226674222479
11718	0.006800226674222479
2502	0.006833561118703962
6935	0.006833561118703962
10480	0.006833561118703962
2581	0.006866895563185444
5604	0.006866895563185444
285	0.007266908896963232
12306	0.007300243341444721
12103	0.007466915563852129
8987	0.007800260008666961
7941	0.008166938897963261
1846	0.008500283342778095
9388	0.008766958898629957
8577	0.009133637787926264
8747	0.009166972232407753
4022	0.009266975565852195
3460	0.0092669755658522
10013	0.0092669755658522
12692	0.0092669755658522
11317	0.009300310010333683
3757	0.009333644454815167
11324	0.009366978899296646
9646	0.009833661122037398
