878	0.0
3949	0.0
6436	0.0
3060	3.3334444481503134e-05
3084	3.3334444481503134e-05
5762	3.3334444481503134e-05
6153	3.3334444481503134e-05
6914	3.3334444481503134e-05
8693	3.3334444481503134e-05
9872	3.3334444481503134e-05
13013	3.3334444481503134e-05
818	0.00016667222240740465
6026	0.00016667222240740465
559	0.016667222240741353
9535	0.033334444481482706
9867	0.033334444481482706
3102	0.03336777892596421
9597	0.03336777892596421
1820	0.03663455448514952
4290	0.05016833894463146
12079	0.051668388946298216
8922	0.05660188672955768
8273	0.058335277842594735
4728	0.05963532117737258
11716	0.06333544451481715
4381	0.06336877895929866
4392	0.06666888896296541
3234	0.06670222340744691
394	0.06683556118537282
9524	0.06683556118537282
10912	0.06683556118537282
13062	0.07503583452781759
5939	0.08330277675922526
3943	0.08333611120370676
6942	0.08333611120370682
13030	0.08333611120370682
12328	0.0833694456481883
13259	0.08910297009900331
1578	0.092603086769559
12178	0.09666988899629986
9522	0.09996999899996667
4045	0.10000333344444814
4983	0.10003666788892965
6190	0.10003666788892965
9546	0.10003666788892965
8960	0.10017000566685555
4998	0.11667055568518953
12285	0.11667055568518953
12947	0.11667055568518953
5935	0.11833727790926363
8716	0.12000400013333778
10358	0.1250041668055602
8779	0.12657088569618988
8959	0.13003766792226407
4925	0.13333777792593088
7582	0.13333777792593088
748	0.13337111237041235
11319	0.13337111237041235
9541	0.13350445014833828
12245	0.13350445014833828
9672	0.1404380146004867
4270	0.14670489016300545
2024	0.15000500016667223
13323	0.15000500016667223
863	0.15017167238907964
3189	0.15017167238907964
169	0.1510383679455982
6493	0.15667188906296875
2047	0.15770525684189474
6845	0.1583386112870429
10465	0.16333877795926532
7098	0.16663888796293214
7271	0.16663888796293214
1132	0.16667222240741353
128	0.16667222240741358
1262	0.16667222240741358
2159	0.16667222240741358
4057	0.16667222240741358
13431	0.16667222240741358
22	0.16670555685189506
4933	0.16670555685189506
5962	0.16670555685189506
7762	0.16670555685189506
12064	0.16670555685189506
13014	0.16670555685189506
506	0.166838894629821
5103	0.166838894629821
9531	0.166838894629821
7118	0.17000566685556187
5049	0.17643921464048803
6906	0.17653921797393246
9565	0.1796059868662289
2068	0.18000600020000668
1433	0.18333944464815494
3075	0.18333944464815494
6111	0.18333944464815494
2266	0.1833727790926364
7088	0.1833727790926364
361	0.18350611687056234
12954	0.18350611687056234
