12068	3.333444448148232e-05
3426	3.3334444481483184e-05
3736	3.3334444481483184e-05
141	6.66688889629655e-05
8076	6.66688889629655e-05
6594	0.00010000333344444782
1005	0.000133337777925931
2632	0.000133337777925931
3327	0.000133337777925931
4971	0.000133337777925931
7051	0.000133337777925931
7249	0.000133337777925931
9974	0.000133337777925931
1952	0.0002000066668888965
12953	0.0002000066668888965
12452	0.000266675555851862
3774	0.000400013333777793
4233	0.000400013333777793
4280	0.000400013333777793
4347	0.000400013333777793
8483	0.000400013333777793
9127	0.000400013333777793
11723	0.000400013333777793
3053	0.0004333477782592753
776	0.00046668222274075764
2651	0.00046668222274075764
7275	0.00046668222274075764
13456	0.00046668222274075764
1294	0.0005000166672222408
63	0.000533351111703724
222	0.000533351111703724
275	0.000533351111703724
381	0.000533351111703724
483	0.000533351111703724
569	0.000533351111703724
586	0.000533351111703724
601	0.000533351111703724
658	0.000533351111703724
767	0.000533351111703724
976	0.000533351111703724
1036	0.000533351111703724
1183	0.000533351111703724
1205	0.000533351111703724
1242	0.000533351111703724
1381	0.000533351111703724
1385	0.000533351111703724
1396	0.000533351111703724
1443	0.000533351111703724
1451	0.000533351111703724
1460	0.000533351111703724
1473	0.000533351111703724
1504	0.000533351111703724
1757	0.000533351111703724
1768	0.000533351111703724
2041	0.000533351111703724
2493	0.000533351111703724
2689	0.000533351111703724
2959	0.000533351111703724
3373	0.000533351111703724
3737	0.000533351111703724
3932	0.000533351111703724
4010	0.000533351111703724
4451	0.000533351111703724
4511	0.000533351111703724
4523	0.000533351111703724
4973	0.000533351111703724
5100	0.000533351111703724
5190	0.000533351111703724
5193	0.000533351111703724
5218	0.000533351111703724
5255	0.000533351111703724
5256	0.000533351111703724
5410	0.000533351111703724
5772	0.000533351111703724
5789	0.000533351111703724
5824	0.000533351111703724
6011	0.000533351111703724
6191	0.000533351111703724
6432	0.000533351111703724
6601	0.000533351111703724
6602	0.000533351111703724
6924	0.000533351111703724
7086	0.000533351111703724
7090	0.000533351111703724
7112	0.000533351111703724
7449	0.000533351111703724
7755	0.000533351111703724
7814	0.000533351111703724
7864	0.000533351111703724
7865	0.000533351111703724
7929	0.000533351111703724
7964	0.000533351111703724
7998	0.000533351111703724
8067	0.000533351111703724
8083	0.000533351111703724
8098	0.000533351111703724
8101	0.000533351111703724
8371	0.000533351111703724
9117	0.000533351111703724
9200	0.000533351111703724
