10692	0.00015339187790006526
12391	0.00015339187790006526
5415	0.00023008781685009746
7871	0.00023008781685009746
11423	0.00023008781685009746
3501	0.0003451317252751466
4315	0.0003451317252751466
2734	0.0003834796947501627
10806	0.0003834796947501627
2956	0.0004218276642251797
3589	0.0004218276642251797
4565	0.0004218276642251797
4752	0.0004218276642251797
4813	0.0004218276642251797
5399	0.0004218276642251797
5849	0.0004218276642251797
6067	0.0004218276642251797
8213	0.0004218276642251797
8430	0.0004218276642251797
10158	0.0004218276642251797
13067	0.0004218276642251797
363	0.0004601756337001958
5760	0.0004601756337001958
1165	0.0004985236031752119
10882	0.000536871572650228
4705	0.0005368715726502288
5853	0.0005368715726502288
2365	0.0005752195421252441
2869	0.0005752195421252441
1241	0.000613567511600261
6189	0.000613567511600261
4503	0.0006519154810752771
11744	0.0006519154810752771
3464	0.0006902634505502932
4915	0.0006902634505502932
442	0.0007286114200253093
1459	0.0007286114200253093
4698	0.0007286114200253093
4994	0.0007286114200253093
5267	0.0007286114200253093
5295	0.0007286114200253093
6497	0.0007286114200253093
8047	0.0007286114200253093
9912	0.0007286114200253093
1678	0.0008053073589753424
3423	0.0008053073589753424
7549	0.0008053073589753424
4614	0.0008820032979253755
7046	0.0009970472063504238
6348	0.001073743145300456
11399	0.001073743145300456
8173	0.0011887870537255051
305	0.001227135023200522
2270	0.001227135023200522
2331	0.001227135023200522
4088	0.001227135023200522
4628	0.001227135023200522
4797	0.001227135023200522
4907	0.001227135023200522
7108	0.001227135023200522
7623	0.001227135023200522
13055	0.001227135023200522
7291	0.0013038309621505543
8387	0.0013038309621505543
770	0.0013805269011005874
1152	0.0013805269011005874
2384	0.0013805269011005874
3612	0.0013805269011005874
5622	0.0013805269011005874
5886	0.0013805269011005874
8248	0.0013805269011005874
9675	0.0013805269011005874
10439	0.0013805269011005874
11337	0.0013805269011005874
11369	0.0013805269011005874
12325	0.0013805269011005874
221	0.0014572228400506195
895	0.0014572228400506195
1131	0.0014572228400506195
1176	0.0014572228400506195
2009	0.0014572228400506195
2312	0.0014572228400506195
3211	0.0014572228400506195
4267	0.0014572228400506195
4556	0.0014572228400506195
5593	0.0014572228400506195
6910	0.0014572228400506195
7213	0.0014572228400506195
9770	0.0014572228400506195
10184	0.0014572228400506195
10652	0.0014572228400506195
10700	0.0014572228400506195
11321	0.0014572228400506195
11338	0.0014572228400506195
11398	0.0014572228400506195
11838	0.0014572228400506195
12120	0.0014572228400506195
12296	0.0014572228400506195
13182	0.0014572228400506195
13267	0.0014572228400506195
