10409	0.027900930031001032
7871	0.0354678489282976
3004	0.04200140004666821
9015	0.045434847828260946
9776	0.05123504116803894
6042	0.05453515117170571
7253	0.05543518117270574
2489	0.05590186339544653
9890	0.05646854895163172
8118	0.0621020700690023
174	0.06410213673789128
10545	0.06570219007300243
2082	0.06670222340744691
3487	0.06760225340844694
4108	0.06836894563152106
9558	0.06870229007633588
2435	0.06890229674322479
8272	0.0690689689656322
4134	0.06933564452148405
13063	0.06940231341044703
12224	0.0698689956331878
7004	0.07126904230141004
11385	0.07146904896829892
13131	0.07180239341311377
1786	0.0720024000800027
2329	0.0721357378579286
9842	0.07233574452481747
35	0.07236907896929898
13100	0.07236907896929898
5949	0.07236907896929899
10551	0.07240241341378045
1579	0.07240241341378047
192	0.07250241674722491
12221	0.07336911230374348
7381	0.07483582786092871
3973	0.07530251008366945
6061	0.0769358978632621
8958	0.07706923564118803
9630	0.07763592119737323
7690	0.07843594786492886
9779	0.07873595786526219
12575	0.0789026300876696
10907	0.07903596786559552
793	0.07943598119937334
1330	0.08006933564452148
11806	0.08043601453381778
3920	0.0804360145338178
725	0.08203606786892897
1326	0.08210273675789193
2080	0.08210273675789193
1268	0.08223607453581785
6553	0.08240274675822529
106	0.08243608120270676
178	0.08296943231441048
195	0.08366945564852162
10640	0.08373612453748458
7898	0.08376945898196606
1190	0.08406946898229939
5013	0.08453615120504017
9594	0.08456948564952166
5340	0.08493616453881792
879	0.0854361812060402
2297	0.0854361812060402
8289	0.08553618453948464
11230	0.08560285342844762
2976	0.08573619120637355
12559	0.08573619120637355
468	0.08573619120637356
10565	0.08576952565085502
11568	0.08576952565085505
8700	0.08710290343011434
428	0.08760292009733656
10716	0.08763625454181803
621	0.08873629120970698
1405	0.08873629120970698
2868	0.08873629120970698
6479	0.08873629120970698
8444	0.08873629120970698
11766	0.08873629120970698
3314	0.088736291209707
5014	0.08876962565418847
7021	0.08880296009866995
10596	0.08880296009866995
5250	0.08886962898763293
7713	0.08890296343211442
681	0.08893629787659588
2412	0.08903630121004034
2955	0.08906963565452182
435	0.08906963565452183
8739	0.08906963565452183
1301	0.08910297009900332
12127	0.08943631454381813
606	0.0904363478782626
4297	0.09046968232274408
12062	0.09056968565618856
144	0.09073635787859596
6173	0.09120304010133672
5446	0.0912363745458182
1439	0.09200306676889228
8151	0.09206973565785526
