6101	0.0004000133337777878
7588	0.0004000133337777878
2180	0.00043334777825927706
10744	0.00043334777825927706
10989	0.00043334777825927706
6181	0.0012667088902963558
1543	0.0020667355578519175
9051	0.0020667355578519175
9870	0.0020667355578519175
2483	0.0021000700023334207
12940	0.0022667422247408253
4816	0.0026000866695556485
7981	0.0029000966698889963
3236	0.0037667922264075504
2014	0.004600153338444629
12491	0.004600153338444629
8717	0.005566852228407623
4364	0.005900196673222433
5185	0.00620020667355578
11467	0.00620020667355578
24	0.00623354111803727
6331	0.00623354111803727
445	0.0079002633421114
5345	0.0079002633421114
5981	0.0079002633421114
11187	0.0079002633421114
11421	0.0079002633421114
232	0.007933597786592889
268	0.007933597786592889
738	0.007933597786592889
853	0.007933597786592889
857	0.007933597786592889
1118	0.007933597786592889
2254	0.007933597786592889
4271	0.007933597786592889
4624	0.007933597786592889
5021	0.007933597786592889
5619	0.007933597786592889
10041	0.007933597786592889
11051	0.007933597786592889
11173	0.007933597786592889
12508	0.007933597786592889
13045	0.007933597786592889
5210	0.008600286676222535
5491	0.008600286676222535
9799	0.008600286676222535
12504	0.008600286676222535
1408	0.008733624454148464
4048	0.008733624454148464
5019	0.008733624454148464
6366	0.008733624454148464
6375	0.008733624454148464
6755	0.008733624454148464
7245	0.008733624454148464
8628	0.008733624454148464
9913	0.008733624454148464
12132	0.008733624454148464
608	0.008766958898629953
6419	0.008766958898629953
9059	0.008766958898629953
5756	0.009600320010667032
295	0.00990033001100038
2512	0.009966998899963345
9223	0.011267042234741162
3032	0.012600420014000469
7509	0.013267108903630122
12181	0.013300443348111604
388	0.013767125570852357
5115	0.014567152238407946
6717	0.014600486682889435
10739	0.01463382112737091
2345	0.015267175572519082
3621	0.015400513350445011
5430	0.016233874462482083
7180	0.016233874462482083
7988	0.016633887796259884
3507	0.017367245574852495
2422	0.018733957798593284
2556	0.01876729224307476
8520	0.01876729224307476
12304	0.019033967798926618
9590	0.02023400780026001
12102	0.021067368912297074
1594	0.021234041134704493
8977	0.021234041134704493
1215	0.021267375579185975
4245	0.021267375579185975
3512	0.02193406446881563
11450	0.022100736691223033
869	0.02290076335877863
7812	0.02290076335877863
8100	0.02290076335877863
12720	0.02290076335877863
9918	0.02293409780326011
742	0.024567485582852766
804	0.024567485582852766
1373	0.024567485582852766
5498	0.024567485582852766
13279	0.024567485582852766
451	0.02460082002733425
