8673	2.1596798936867145
12918	2.3830429559181665
7622	2.4338180404488057
10339	3.1441919437513968
7615	3.1724513392167264
730	3.33042706199687
5301	3.4124944515360496
13298	3.5909528556657904
13178	3.7087755343339683
6170	3.7320857475610154
5053	3.756947702393502
2217	3.9097741474760905
13126	3.985401876110309
12336	4.010432583461292
12222	4.01799727533513
9762	4.265159872563082
9737	4.270557024362773
4112	4.308862645375909
87	4.332998978670949
5964	4.342343380452011
13	4.489081490228468
7298	4.518102695060158
8666	4.556457823762091
70	4.561598982685696
10351	4.564423754384527
5242	4.600924353442504
6093	4.666613278270605
6909	4.6672186897378465
7216	4.711078659767024
11381	4.736990309206169
9016	4.747281372955897
6929	4.8177855611453415
9528	4.819749762225495
6276	4.827070886006556
75	4.833979858624723
7972	4.846948410943335
6003	4.876846872820375
2183	4.884523689645508
2885	4.910888540476892
5656	4.928412499549333
12921	4.94615364144323
2867	4.972310017936838
5978	4.974504516516795
12929	4.996569442769429
13125	5.0345579050578415
5948	5.045173434067328
10648	5.097228802107136
71	5.1008116404308
1417	5.1102883208686425
12274	5.111678669331763
7270	5.146131474949254
8756	5.17474012167879
12231	5.185845826955651
12416	5.191749652135897
5116	5.205612824026563
13388	5.2096813017495
2249	5.21326202948024
6985	5.2335038004035805
5205	5.233833341488617
8753	5.243556445800472
2056	5.244080590873217
1173	5.24459625487893
7910	5.262003745942456
1645	5.2645266336256995
2106	5.280276930697602
11220	5.345267295980873
766	5.357599665682676
10428	5.372879126292368
5065	5.379524378564501
10776	5.38008502103224
5170	5.400412264502927
1402	5.430277026177771
12458	5.433011347814142
5279	5.475548656748289
4528	5.4847700354765205
2113	5.513613247753051
3650	5.529297383712544
13295	5.556662648720513
10385	5.600725846043673
5247	5.608728569880288
7916	5.613770655452594
12153	5.616585145508824
6923	5.619610914146836
3923	5.626926277919832
3958	5.62824114895065
4910	5.6355327917325315
7616	5.647105099934077
8259	5.6534960599003
2243	5.656255238829454
4373	5.694828982814899
9892	5.695406599616174
1236	5.700130837358323
7715	5.7042229379631415
3132	5.709086344451038
2606	5.71642926887974
93	5.717710450344149
3054	5.730242208963686
9767	5.73038602535177
2271	5.73538842175272
9056	5.743037447449094
