11285	0.22157338354979728
12304	0.2387740672738144
6101	0.23877450876010242
5030	0.31437647698624505
9569	0.3159318231454984
7080	0.3231170414710591
12254	0.3305747872755179
9706	0.3308093558525529
3512	0.33814337289503854
12443	0.3438660876209809
12967	0.35703419545422976
10863	0.3646431458529108
9864	0.38527309884688465
7812	0.3853004687670191
4215	0.39267919744482005
3653	0.39975646791347896
10739	0.40424658525406804
10850	0.41985613567274976
5472	0.421522968268396
3450	0.43636365247849396
5048	0.44044722895445454
2866	0.45391389857922804
3262	0.4543364366326146
4624	0.45440310552157753
13279	0.4603584879808145
5936	0.46292248091658805
5243	0.4660563468057631
6931	0.4700702944278745
2501	0.4721818475331564
5021	0.48020430112441875
4912	0.48533679662231777
67	0.48634942792407465
47	0.49515809389855914
4699	0.49935205086546364
2067	0.5003046355725793
6939	0.5010499179404085
6063	0.5033147704700525
11251	0.5034047389093572
12308	0.5035714133614935
2931	0.5038590461376583
10744	0.5162596824576426
2034	0.51801470193934
9716	0.518662411378038
2951	0.5231240149476555
11343	0.5236768204425097
7937	0.5246043307352163
11467	0.5252388000447284
7279	0.5273607213885948
2545	0.5301824430936996
4458	0.5311275136150023
6194	0.5311608480594838
5988	0.5342946214149167
451	0.5375621784940211
1349	0.5435934832164416
4245	0.5444946258520769
8050	0.5481055555809498
2353	0.5510052107645506
9000	0.5510511431763445
6542	0.5541627296160709
9619	0.5542844739194762
12343	0.5547286358820657
5987	0.555762339235165
13110	0.5576181413404974
4159	0.5603951558697442
1408	0.5643297351829231
11282	0.5645171438824995
9038	0.5646509231467136
2304	0.5646520380110776
1169	0.5657072571315365
7141	0.5669619310610242
8719	0.5680759982969332
4726	0.5713279617681793
11782	0.5713494797652675
8791	0.5721725830102922
5232	0.5741967329791706
13299	0.5751802083480821
5019	0.5772622744058024
4196	0.5777841424145577
10836	0.5813280721397514
295	0.5832614699196773
3429	0.5837511183483151
1215	0.5846398859895107
7727	0.5851281129660845
3236	0.5861293470094489
7588	0.5863056081802503
8258	0.5870064108045518
13093	0.587729289972988
5115	0.5878294036780044
259	0.5910741049227839
10647	0.5913518131763813
7221	0.5979401085944782
12927	0.6000412934611755
11223	0.6012625158854236
1438	0.6021677311205803
8977	0.6038728604219918
6480	0.6044069908238859
11755	0.6045954040162542
10450	0.605175579431243
3738	0.6105841209199727
2181	0.6108979563532831
