4031	0.003300110003666789
2930	0.0033110367892976583
9804	0.0033444816053511683
9126	0.003511153827758582
12387	0.00454441123511252
8106	0.006611146792964448
1774	0.006644591609017958
1822	0.006644591609017958
3266	0.006644591609017958
3743	0.006644591609017958
4262	0.006644591609017958
4470	0.006644591609017958
8238	0.006644591609017958
8569	0.006644591609017958
13496	0.006644591609017958
7507	0.006644591609017965
228	0.00667792605349944
8525	0.00667792605349944
6245	0.006778370873232005
6854	0.006778370873232005
11826	0.006778370873232005
12578	0.007511176793964481
3016	0.007566918897296576
8258	0.007577956054499473
7821	0.008283387595640032
4090	0.008350277227747059
8791	0.008377982722055059
10001	0.009377905684927513
7666	0.009855293950155086
12683	0.009855293950155086
3712	0.009989073214369133
6015	0.010011370501647712
13319	0.010011370501647712
2629	0.010033444816053508
10779	0.010033444816053508
7728	0.011588685063192187
12190	0.011588685063192187
2656	0.011694758833098227
1904	0.013311370133742473
2837	0.013333554819720298
8675	0.013333777792593088
10176	0.013344814949795983
12505	0.01336711223707457
5387	0.013377926421404687
13029	0.013377926421404687
5832	0.01413623040500458
13499	0.015072574882930885
4855	0.016678036425071475
9817	0.016678036425071475
10935	0.016678036425071475
11044	0.016678036425071475
2503	0.016678259397944255
6139	0.016678259397944255
9764	0.016678259397944255
9921	0.016678259397944255
10607	0.016678259397944255
13413	0.016678259397944255
1860	0.016678700884232373
7679	0.016689186183575122
12350	0.01670033371235005
10016	0.016711593842425737
12970	0.016711593842425737
13487	0.016711593842425737
7404	0.016722408026755852
6159	0.016812038662158302
8329	0.01687826606483315
6441	0.017444287161857454
2925	0.019311016052820488
2678	0.01994437049796866
5396	0.020011703846092528
5722	0.020011703846092528
4865	0.02002251803042264
7858	0.02002251803042264
3429	0.02004481531770123
10165	0.020044927919001983
11732	0.020066779260534993
3304	0.02006688963210702
6381	0.02006688963210702
8870	0.021177744943783522
12730	0.021694758833098224
10554	0.02172809327757971
6564	0.023182999076557846
5293	0.02321181051631487
2409	0.02323344334443255
1631	0.023333554819720298
1204	0.023334111137037903
7345	0.023344814949795983
7369	0.0233451482942408
7937	0.0233451482942408
9822	0.0233451482942408
6272	0.023366889264201784
10938	0.023366889264201784
3581	0.023366999635773808
5731	0.023366999635773808
11989	0.023366999635773808
12592	0.0233672226086466
2561	0.023378259765849493
12716	0.023400334080255294
6514	0.023411260865886165
1734	0.023411371237458192
