5294	0.10059276616410087
13122	0.11645996173728669
246	0.12206014841017578
9746	0.12322685396702762
11573	0.12696031174895372
3187	0.1363272906482504
5414	0.13876070509539862
6259	0.14366086843417658
13278	0.1470609817712878
1235	0.14992774399669534
5097	0.15029442288599165
3233	0.15042776066391753
4087	0.15059443288632493
9187	0.15322785400036212
10400	0.15706131511573265
5137	0.16376153845651065
1135	0.1639615451233995
12086	0.16699497957121445
4468	0.16702831401569596
1367	0.1671283173491404
5954	0.1703950929083257
4166	0.17206181513239988
3301	0.17336185846717764
1370	0.17709531624910374
12233	0.17949539625177047
1157	0.18039542625277055
370	0.180428760697252
4142	0.18086210847551126
3248	0.1816954695875483
8052	0.18199547958788168
10605	0.18206214847684465
9575	0.18329552292265952
887	0.18379553958988173
12057	0.1839288773678077
9011	0.1848622418132892
694	0.18659563292632633
6227	0.18662896737080775
207	0.18726232181595592
175	0.1874610199424948
7633	0.19046242848617828
3956	0.19329585626710433
6311	0.1937625384898451
8714	0.1966626351597341
2875	0.19702931404903043
8057	0.1971293173824748
4909	0.19826268849484524
7314	0.19999607960788238
8023	0.20006274849684536
7205	0.2003294240526972
5951	0.2004294273861416
6281	0.2004294273861416
7600	0.2004294273861416
12614	0.2004294273861416
12296	0.20042942738614167
12912	0.20042942738614167
7164	0.20046276183062312
8896	0.20056276516406757
9556	0.20062943405303052
9725	0.20109611627577129
5146	0.20212948405469722
5083	0.20376287183428987
12259	0.20376287183428987
68	0.2037628718342899
10484	0.20549626294732695
8787	0.2070296473934752
1306	0.20709631628243813
6943	0.20709631628243816
4095	0.2070963162824382
12251	0.20979640628543822
12265	0.21046309517506795
11224	0.2104964296195494
11219	0.21049642961954942
11336	0.21106311517573462
2858	0.21312985073358656
4947	0.21332985740047544
10427	0.21332985740047544
6971	0.21362855886045878
5991	0.21366320184529028
8910	0.21369653628977175
12267	0.21369653628977175
9076	0.2137632051787347
13272	0.2139298774011421
77	0.2154632618472903
12462	0.21696331184895706
736	0.21709664962688294
3648	0.21709664962688296
3992	0.21709664962688296
13035	0.21709664962688296
7103	0.21709664962688302
1301	0.21712998407136447
9733	0.21712998407136447
10495	0.21712998407136447
12964	0.21712998407136447
13104	0.21712998407136447
11566	0.21859669962854972
3538	0.21979673962988305
5206	0.22039675963054978
9588	0.22039675963054978
10516	0.22039675963054978
879	0.22043009407503128
