793	0.07230834449313789
7871	0.08188563761656749
12385	0.08883845466941133
9015	0.0911879276427783
5013	0.09446829809391952
9742	0.09746839809725295
7381	0.100235156989216
4132	0.10033883801552286
9776	0.10110185254573456
5980	0.10134955800701631
10409	0.10423529032699394
7004	0.10806875144236444
12224	0.10886877810992
10716	0.11110218589017937
948	0.11206888478014237
12063	0.11291628043855986
1439	0.11293558033666094
2489	0.11456896811625357
3974	0.1158690114510314
1786	0.11706905145236476
3487	0.12393594701555023
12127	0.12456930146069839
3658	0.12750273257506883
13063	0.12786941146436515
4972	0.12854718532439835
3908	0.12910278591018004
297	0.13080284257873565
428	0.13086951146769862
9625	0.1311361870235505
12062	0.13208188374401647
12292	0.13241890588169375
12620	0.13324153771730363
11642	0.1341696214713654
12279	0.13443629702721727
11398	0.1345079794411738
720	0.13465577816269061
10348	0.13524534471615973
7809	0.1354696648061432
6553	0.13707339583411682
9779	0.13713638703021735
3004	0.13739847345941783
7692	0.13750306591951367
4093	0.13783641036432856
2406	0.138831869828204
4909	0.13943646369943966
2256	0.1404233447320404
4551	0.14067351583811696
1625	0.14080317592318045
1535	0.1411698548124768
1151	0.1412031892569583
9532	0.14123652370143974
7023	0.14200689361737626
4134	0.1438736225083393
5201	0.14394029139730224
4988	0.14404697389140228
9843	0.14446996481614358
4244	0.14485234388748233
9656	0.14580334259540287
6283	0.14733672704155104
8724	0.14750339926395847
12964	0.14777007481981036
1301	0.1478367437087733
10487	0.14853676704288446
5005	0.14950714362570988
8052	0.14957013482181042
2104	0.1509656076194637
3056	0.1517702081575883
468	0.1521112377916589
174	0.15321928945233448
2021	0.15417028816025502
2597	0.15437029482714393
4947	0.15440362927162543
13333	0.15506440845855496
6019	0.1552912903619071
4422	0.1554741743173635
2058	0.15564068141030268
9809	0.15644605140638274
12070	0.15685778938351613
144	0.15717807335284423
1227	0.15750373260840328
6042	0.1582704248314774
5312	0.1589796062195835
4556	0.1595088128022858
7173	0.15961227595844046
9890	0.15965283723726068
12518	0.16030750363771026
13100	0.16064084808252513
12125	0.16093718038999602
4108	0.16150386594618124
2117	0.16241291696856816
2	0.16243723039166275
1175	0.16250389928062572
5297	0.16344526337919482
11385	0.16353726705955168
7926	0.16390394594884797
1805	0.16397061483781095
13139	0.16397061483781095
8043	0.16407669387960017
11634	0.16413728706021838
10545	0.16417062150469988
