3873	0.001500050001666725
8886	0.001500050001666725
6290	0.0018333944464815344
10912	0.0018333944464815344
3122	0.002000066668888939
11853	0.004800160005333537
11292	0.004833494449815012
1185	0.005166838894629808
6026	0.005166838894629808
6411	0.005166838894629808
7328	0.005166838894629808
8728	0.005166838894629808
11631	0.005166838894629808
12363	0.005166838894629808
13247	0.005166838894629808
1137	0.005200173339111283
1375	0.005200173339111283
2782	0.005200173339111283
3136	0.005200173339111283
3177	0.005200173339111283
4162	0.005200173339111283
5953	0.005200173339111283
6749	0.005200173339111283
7379	0.005200173339111283
7710	0.005200173339111283
7904	0.005200173339111283
8938	0.005200173339111283
9065	0.005200173339111283
9541	0.005200173339111283
11553	0.005200173339111283
12178	0.005200173339111283
12376	0.005200173339111283
13309	0.005200173339111283
6062	0.005333511117037212
7054	0.005333511117037212
10798	0.005333511117037212
12419	0.005333511117037212
12556	0.005333511117037212
5194	0.0073669122304076545
7116	0.008500283342778081
8456	0.008500283342778081
2945	0.009200306676889258
390	0.011333711123704154
3308	0.011333711123704154
9597	0.011333711123704154
727	0.011467048901630056
1122	0.011467048901630056
1305	0.011467048901630056
2076	0.011467048901630056
2377	0.011467048901630056
2949	0.011467048901630056
3701	0.011467048901630056
3911	0.011467048901630056
4115	0.011467048901630056
5192	0.011467048901630056
6826	0.011467048901630056
8999	0.011467048901630056
9562	0.011467048901630056
10377	0.011467048901630056
10528	0.011467048901630056
10670	0.011467048901630056
11359	0.011467048901630056
12413	0.011467048901630056
12735	0.011467048901630056
12853	0.011467048901630056
13321	0.011467048901630056
13433	0.011467048901630056
250	0.011500383346111559
3941	0.011500383346111559
6190	0.011500383346111559
8703	0.011500383346111559
8715	0.011500383346111559
8997	0.011500383346111559
8983	0.01186706223540783
2070	0.013167105570185689
1068	0.014800493349778343
5934	0.014833827794259818
1302	0.015167172239074628
5470	0.015167172239074628
7590	0.015167172239074628
8820	0.015167172239074628
7674	0.017267242241408035
5856	0.018233941131371043
3943	0.0185006166872229
5919	0.0185006166872229
128	0.01853395113170439
9197	0.01853395113170439
13183	0.01853395113170439
8693	0.01986732891096371
10474	0.021100703356778577
1820	0.02146738224607489
8124	0.021800726690889685
3976	0.021834061135371174
8694	0.021834061135371174
9546	0.021834061135371174
11493	0.021834061135371174
12245	0.021834061135371174
13030	0.021834061135371174
695	0.021867395579852664
750	0.021867395579852664
