10370	0.19660655355178508
4220	0.20417347244908163
9092	0.20627354245141505
12539	0.2108403613453782
2009	0.2183072769092303
7137	0.22677422580752696
44	0.23674122470749026
3265	0.23977465915530516
207	0.24227474249141637
11630	0.24370812360412014
10553	0.24987499583319445
4962	0.2588419613987133
7926	0.26330877695923194
7600	0.26334211140371344
2319	0.26467548918297273
12135	0.2715757191906397
9708	0.27174239141304707
12936	0.27674255808526954
1366	0.27977599253308444
13293	0.27997599919997335
10530	0.2800093336444548
2937	0.2804093469782326
1152	0.2851428380946031
3951	0.2858095269842328
10424	0.2899763325444181
3979	0.2901096703223441
146	0.30001000033334446
13124	0.3034434481149372
2058	0.30661022034067803
12058	0.30707690256341874
30	0.3126770892363079
4238	0.31424380812693753
82	0.3166438881296043
10061	0.31831061035367847
5097	0.3199106636887896
6301	0.3262108736957899
2896	0.3267108903630121
11311	0.3267108903630121
11619	0.32681089369645655
13155	0.3277442581419381
11237	0.3285776192539751
1135	0.32991099703323445
148	0.33004433481116036
7273	0.3308776959231974
7108	0.33241108036934564
2408	0.33364445481516053
10484	0.3349778325944198
8762	0.3350778359278643
5370	0.3367445581519384
6236	0.338511283709457
8283	0.33864462148738295
11378	0.3400113337111237
11423	0.3400446681556052
13057	0.3417447248241608
13227	0.3417447248241608
2167	0.34337811260375345
3546	0.34337811260375345
6314	0.34337811260375345
12555	0.34337811260375345
9927	0.3434447814927164
13439	0.3434447814927164
6407	0.34354478482616085
1166	0.34357811927064236
2993	0.3437447914930498
10487	0.34427814260475353
8845	0.34507816927230905
9122	0.3466782226074202
4244	0.3467115570519017
7337	0.3496783226107537
1144	0.35007833594453147
855	0.3523450781692723
1737	0.35341178039267973
717	0.35504516817227244
4907	0.3558785292843095
86	0.35674522484082805
2193	0.3567785592853095
12125	0.35684522817427244
2274	0.35687856261875395
8170	0.35787859595319843
1467	0.3583786126204207
2857	0.3583786126204207
11249	0.3583786126204207
12121	0.358745291509717
1234	0.3599119970665689
3990	0.3600453348444948
4132	0.3600453348444948
4154	0.3600453348444948
9700	0.3600453348444948
10808	0.3600453348444948
2156	0.3600786692889763
2977	0.3600786692889763
9009	0.3600786692889763
1214	0.36011200373345775
9130	0.36017867262242076
1178	0.3602786759558652
8023	0.3604453481782726
1269	0.36171205706856896
10661	0.36301210040334675
12550	0.36321210707023566
8699	0.36327877595919866
