520	0.001766725557518584
13601	0.001766725557518584
3531	0.0021000700023334103
5724	0.0026334211140371347
7874	0.0027334244474815817
170	0.002966765558851962
932	0.002966765558851962
2231	0.002966765558851962
2935	0.002966765558851962
3511	0.002966765558851962
8205	0.002966765558851962
10690	0.002966765558851962
11841	0.002966765558851962
13158	0.0030667688922964105
10499	0.003266775559185306
10885	0.003966798893296444
10738	0.004000133337777927
6504	0.00403346778225941
5883	0.004066802226740891
5251	0.004266808893629787
4388	0.004433481116037201
11145	0.004433481116037201
2919	0.00490016333877796
785	0.004933497783259442
4113	0.004966832227740924
7234	0.004966832227740924
12185	0.004966832227740924
12624	0.004966832227740924
1003	0.005033501116703891
668	0.005066835561185373
726	0.005066835561185373
1031	0.005066835561185373
4672	0.005066835561185373
5493	0.005066835561185373
5774	0.005066835561185373
6050	0.005066835561185373
6522	0.005066835561185373
6976	0.005066835561185373
9151	0.005066835561185373
13332	0.005066835561185373
13461	0.005066835561185373
1609	0.005100170005666855
10261	0.005100170005666855
1772	0.005233507783592786
11053	0.0054001800060002
1918	0.005433514450481683
2726	0.005433514450481683
9115	0.005700190006333544
10696	0.00576685889529651
9979	0.005900196673222441
6377	0.0059335311177039236
6583	0.0059335311177039236
11100	0.0059335311177039236
10991	0.006100203340111335
2206	0.006100203340111337
3742	0.006233541118037268
1949	0.006266875562518751
4861	0.006266875562518751
7720	0.006266875562518751
8179	0.006266875562518751
8803	0.006266875562518751
10252	0.006266875562518751
13260	0.006266875562518751
13382	0.006266875562518751
8998	0.006733557785259509
7712	0.00673355778525951
7912	0.00673355778525951
2468	0.00700023334111137
10462	0.0073669122304076805
6122	0.007400246674889163
6531	0.007400246674889163
10292	0.007400246674889163
2901	0.007900263342111403
3867	0.0081002700090003
8729	0.0081002700090003
2360	0.008233607786926231
3557	0.008233607786926231
5642	0.008233607786926231
7888	0.008233607786926231
8629	0.008233607786926231
10333	0.008233607786926231
12723	0.008233607786926231
12766	0.008233607786926231
23	0.008266942231407714
157	0.008266942231407714
179	0.008266942231407714
210	0.008266942231407714
211	0.008266942231407714
237	0.008266942231407714
302	0.008266942231407714
328	0.008266942231407714
359	0.008266942231407714
375	0.008266942231407714
481	0.008266942231407714
485	0.008266942231407714
509	0.008266942231407714
605	0.008266942231407714
623	0.008266942231407714
625	0.008266942231407714
635	0.008266942231407714
