13109	0.016600553351778388
755	0.01663388779625987
5314	0.01663388779625987
2050	0.016733891129704324
7630	0.020034001133371105
1365	0.02143404780159338
846	0.02160072002400079
12430	0.02213407113570452
10804	0.023267442248074928
7965	0.02330077669255641
9898	0.02330077669255641
2962	0.023400780026000864
11504	0.02573419113970465
11425	0.025800860028667615
8701	0.026467548918297265
10656	0.02646754891829728
8901	0.0266008866962232
3988	0.026600886696223208
8451	0.02690089669655655
83	0.028267608920297338
8141	0.029900996699889992
6013	0.029934331144371475
9714	0.029967665588852957
11281	0.03160105336844561
2427	0.031801060035334505
1813	0.031867728924297484
765	0.03230107670255675
462	0.03306776892563085
1190	0.033067768925630854
5401	0.033201106703556776
8946	0.033234441148038266
9889	0.03323444114803827
4958	0.03326777559251976
52	0.03330111003700122
9031	0.033401113370445684
5360	0.03406780226007533
12266	0.03416780559351979
7621	0.034934497816593885
6077	0.03496783226107536
3065	0.03640121337377913
10419	0.03660122004066803
138	0.0366345544851495
6308	0.036634554485149504
12356	0.036634554485149504
4493	0.03666788892963098
3609	0.036667888929630986
10445	0.03666788892963099
4017	0.036734557818593944
10380	0.03823460782026067
2870	0.038234607820260676
10369	0.038234607820260676
11268	0.0383679455981866
10939	0.03990133004433481
11300	0.03993466448881628
758	0.03993466448881629
4934	0.03993466448881629
8092	0.039934664488816295
10861	0.03996799893329778
281	0.04006800226674222
3984	0.040101336711223706
3657	0.04053468448948297
9975	0.04153471782392747
2446	0.04160138671289042
6310	0.04160138671289042
7210	0.041634721157371914
4078	0.041668055601853396
809	0.041901396713223765
12213	0.04230141004700157
6257	0.04306810227007566
7923	0.04323477449248308
1535	0.043234774492483086
8929	0.043268108936964554
8271	0.04326810893696456
9788	0.04326810893696457
10373	0.043301443381446036
6040	0.04330144338144604
9830	0.04330144338144604
10962	0.04330144338144604
12397	0.04330144338144604
13222	0.04340144671489049
10658	0.0434014467148905
11241	0.04343478115937198
2441	0.04346811560385346
13099	0.044668155605186846
4053	0.045034834494483145
6325	0.04510150338344611
8367	0.04523484116137204
13131	0.045234841161372046
6042	0.04580152671755725
1607	0.0459015300510017
1272	0.04640154671822394
7125	0.046568218940631345
7631	0.04660155338511283
10555	0.04660155338511283
6172	0.046601553385112834
6350	0.046601553385112834
3101	0.04660155338511284
8973	0.04660155338511284
8982	0.04660155338511284
2131	0.04663488782959431
