1371	0.0
6161	0.0
11531	0.0
12405	0.0
442	0.0031061855274763205
10	0.003300110003666789
105	0.003300110003666789
142	0.003300110003666789
202	0.003300110003666789
206	0.003300110003666789
224	0.003300110003666789
265	0.003300110003666789
294	0.003300110003666789
371	0.003300110003666789
459	0.003300110003666789
472	0.003300110003666789
684	0.003300110003666789
733	0.003300110003666789
749	0.003300110003666789
787	0.003300110003666789
854	0.003300110003666789
885	0.003300110003666789
902	0.003300110003666789
1393	0.003300110003666789
1397	0.003300110003666789
1407	0.003300110003666789
1517	0.003300110003666789
1600	0.003300110003666789
1613	0.003300110003666789
1715	0.003300110003666789
1943	0.003300110003666789
1980	0.003300110003666789
1983	0.003300110003666789
2145	0.003300110003666789
2355	0.003300110003666789
2520	0.003300110003666789
2525	0.003300110003666789
2557	0.003300110003666789
2641	0.003300110003666789
2653	0.003300110003666789
2721	0.003300110003666789
2771	0.003300110003666789
2780	0.003300110003666789
2790	0.003300110003666789
2922	0.003300110003666789
2924	0.003300110003666789
2938	0.003300110003666789
2961	0.003300110003666789
3074	0.003300110003666789
3093	0.003300110003666789
3130	0.003300110003666789
3173	0.003300110003666789
3188	0.003300110003666789
3346	0.003300110003666789
3352	0.003300110003666789
3427	0.003300110003666789
3515	0.003300110003666789
3542	0.003300110003666789
3545	0.003300110003666789
3623	0.003300110003666789
3698	0.003300110003666789
3703	0.003300110003666789
3755	0.003300110003666789
3890	0.003300110003666789
4130	0.003300110003666789
4188	0.003300110003666789
4232	0.003300110003666789
4325	0.003300110003666789
4326	0.003300110003666789
4405	0.003300110003666789
4462	0.003300110003666789
4481	0.003300110003666789
4517	0.003300110003666789
4538	0.003300110003666789
4548	0.003300110003666789
4749	0.003300110003666789
4753	0.003300110003666789
4785	0.003300110003666789
4808	0.003300110003666789
5300	0.003300110003666789
5344	0.003300110003666789
5420	0.003300110003666789
5421	0.003300110003666789
5437	0.003300110003666789
5461	0.003300110003666789
5517	0.003300110003666789
5538	0.003300110003666789
5555	0.003300110003666789
5575	0.003300110003666789
5661	0.003300110003666789
5739	0.003300110003666789
5753	0.003300110003666789
5766	0.003300110003666789
5854	0.003300110003666789
6097	0.003300110003666789
6129	0.003300110003666789
6180	0.003300110003666789
6208	0.003300110003666789
6413	0.003300110003666789
6453	0.003300110003666789
