861	0.14337144571485716
13138	0.15793859795326512
5927	0.18653955131837727
7136	0.18680622687422913
3226	0.20010667022234074
6927	0.2066402213407114
11267	0.22407413580452687
7146	0.23024100803360112
2934	0.23654121804060135
13574	0.237274575819194
6916	0.24984166138871297
13039	0.2532417747258242
803	0.2565085502850095
1394	0.2598753291776393
1121	0.25997533251108373
1113	0.26687556251875055
5570	0.26984232807760267
9685	0.27020900696689887
11619	0.2731757725257508
7880	0.27360912030401013
3504	0.2801760058668622
3034	0.2832761092036401
702	0.28650955031834396
4316	0.2865762192073069
39	0.28710957031901063
8950	0.2899429980999367
3223	0.2902763425447515
10349	0.2931764392146405
5629	0.3032434414480482
1256	0.3065435514517151
7577	0.3068102270075668
4907	0.3073102436747892
5385	0.3090103003433448
269	0.3128437614587153
12581	0.3156438547951599
1366	0.3165772192406413
3151	0.3167772259075302
2230	0.3198773292443082
324	0.3298443281442715
9945	0.33324444148138277
437	0.3334111137037901
4563	0.3334111137037901
4898	0.3334111137037901
9066	0.3334111137037901
9357	0.3334111137037901
12083	0.3334111137037901
12978	0.3334111137037901
13678	0.3334111137037901
4798	0.3334444481482716
6424	0.3334444481482716
8218	0.3334444481482716
5600	0.3362778759291977
1028	0.3364445481516051
7187	0.3366778892629755
6631	0.33757791926397546
9227	0.33981132704423483
12933	0.33981132704423483
260	0.3398446614887163
12996	0.3398779959331978
1254	0.34151138371279044
10692	0.3417780592686423
2264	0.34324477482582755
4970	0.34351145038167935
12034	0.34644488149604996
8122	0.3466782226074203
2857	0.3498116603886796
13113	0.3498449948331611
2408	0.3498783292776425
9532	0.3500116670555685
3538	0.35004500150005
9218	0.3518117270575686
5918	0.3548118270609021
11396	0.35651188372945775
4495	0.35987866262208745
6407	0.36311210373679126
2893	0.36314543818127276
13139	0.36337877929264306
10972	0.36564552151738394
847	0.366478882629421
4145	0.366478882629421
6541	0.366478882629421
4938	0.3665788859628654
1186	0.3665788859628655
2156	0.3665788859628655
3255	0.3665788859628655
2871	0.36667888929630993
10463	0.3668122270742358
4535	0.36684556151871733
13057	0.36821227374245813
13227	0.36824560818693963
526	0.368278942631421
12411	0.3682789426314211
6264	0.3698456615220507
11331	0.37004566818893975
1151	0.373179105970199
9008	0.3756125204173472
4947	0.3765125504183473
5980	0.3765125504183473
11604	0.3765792193073103
12237	0.37831261042034736
