13375	0.0005333511117037231
1413	0.0006666888896296541
1462	0.0006666888896296541
2658	0.0006666888896296541
3497	0.0006666888896296541
5379	0.0006666888896296541
5995	0.0006666888896296541
6128	0.0006666888896296541
6367	0.0006666888896296541
7087	0.0006666888896296541
8034	0.0006666888896296541
8463	0.0006666888896296541
9658	0.0006666888896296541
10527	0.0006666888896296541
10573	0.0006666888896296541
10582	0.0006666888896296541
11594	0.0006666888896296541
2665	0.0007000233341111369
11745	0.0007000233341111369
6223	0.0007817327980547033
3420	0.0010000333344444817
463	0.0023667455581852727
7342	0.0025000833361112037
11299	0.0025000833361112037
10644	0.0026224353328554864
161	0.0026334211140371347
162	0.0026334211140371347
176	0.0026334211140371347
245	0.0026334211140371347
410	0.0026334211140371347
524	0.0026334211140371347
622	0.0026334211140371347
908	0.0026334211140371347
963	0.0026334211140371347
994	0.0026334211140371347
1084	0.0026334211140371347
1392	0.0026334211140371347
1477	0.0026334211140371347
1658	0.0026334211140371347
1700	0.0026334211140371347
2117	0.0026334211140371347
2176	0.0026334211140371347
2196	0.0026334211140371347
2199	0.0026334211140371347
2638	0.0026334211140371347
2673	0.0026334211140371347
2686	0.0026334211140371347
2722	0.0026334211140371347
2829	0.0026334211140371347
3103	0.0026334211140371347
3169	0.0026334211140371347
3252	0.0026334211140371347
3345	0.0026334211140371347
3548	0.0026334211140371347
3632	0.0026334211140371347
3753	0.0026334211140371347
3804	0.0026334211140371347
3872	0.0026334211140371347
4002	0.0026334211140371347
4059	0.0026334211140371347
4295	0.0026334211140371347
4355	0.0026334211140371347
4361	0.0026334211140371347
4436	0.0026334211140371347
4502	0.0026334211140371347
4540	0.0026334211140371347
4603	0.0026334211140371347
4691	0.0026334211140371347
4700	0.0026334211140371347
4760	0.0026334211140371347
4825	0.0026334211140371347
5028	0.0026334211140371347
5834	0.0026334211140371347
5847	0.0026334211140371347
5848	0.0026334211140371347
6012	0.0026334211140371347
6014	0.0026334211140371347
6016	0.0026334211140371347
6046	0.0026334211140371347
6082	0.0026334211140371347
6163	0.0026334211140371347
6329	0.0026334211140371347
6388	0.0026334211140371347
6591	0.0026334211140371347
6688	0.0026334211140371347
6696	0.0026334211140371347
6724	0.0026334211140371347
6813	0.0026334211140371347
7303	0.0026334211140371347
8020	0.0026334211140371347
8073	0.0026334211140371347
8365	0.0026334211140371347
8390	0.0026334211140371347
8431	0.0026334211140371347
8434	0.0026334211140371347
8530	0.0026334211140371347
8590	0.0026334211140371347
8797	0.0026334211140371347
8863	0.0026334211140371347
9169	0.0026334211140371347
