8796	0.1254024468937448
4680	0.1402696091324861
9581	0.14033627802144907
4179	0.14050295024385648
6996	0.15050328358830128
7408	0.1539700658143755
3024	0.16233701137922768
273	0.16397039915882033
723	0.16880389360863535
1416	0.1701706058323761
6074	0.1738040602808577
6118	0.17380406028085774
5631	0.17497881490551298
178	0.1763374780614504
11420	0.1805376180661172
13394	0.18383772806978402
3161	0.18463775473733962
10820	0.18553778473833965
1180	0.18603780140556186
4134	0.18703783474000635
2244	0.1871378380734508
12920	0.18723784140689526
9709	0.1873378447403397
3936	0.19387139585871033
12410	0.19703816808445118
6971	0.19727150919582154
10424	0.1989048969754142
2890	0.19917157253126605
10880	0.2004716158660439
2892	0.20053828475500687
10676	0.202138338090118
279	0.20373839142522918
5527	0.20383839475867366
9400	0.20383839475867366
10417	0.2049050969820811
79	0.2058483944579672
10427	0.21047194921048867
306	0.21050528365497018
1151	0.21053861809945168
3967	0.21370539032519248
9998	0.21377205921415549
631	0.213805393658637
3974	0.2150134827277737
7055	0.2155054503271926
5172	0.22050561699941496
8444	0.2205389514438965
7713	0.2206056203328594
2391	0.22060562033285946
7629	0.22213900477900766
1525	0.22240568033485952
2858	0.22373905811411887
2647	0.22380572700308182
8714	0.22713917145123008
5283	0.23047261589937834
5980	0.23047261589937834
4947	0.2305392847883413
12914	0.2322726759013784
1166	0.23363938812511914
3422	0.2338060603475266
11808	0.23380606034752666
3648	0.2338393947920081
7626	0.2338393947920081
13167	0.23603946812778592
8899	0.23717283924015636
7314	0.24047294924382312
2230	0.24050628368830462
8125	0.24323970813578627
6120	0.24617313925015671
2914	0.24843988147489754
1338	0.2487398914752309
9945	0.25047328258826795
2061	0.25207333592337916
7004	0.25357338592504586
4123	0.25377339259193477
12195	0.2538733959253792
7627	0.2539733992588237
7867	0.2540400681477866
1114	0.25547344926049037
1532	0.2555067837049718
8212	0.2555734525939348
4631	0.2556067870384163
43	0.25664015481734226
2597	0.25697349926215707
694	0.2571401714845645
9593	0.25717350592904603
8704	0.2572068403735275
370	0.2572401748180089
9693	0.25884022815312013
11626	0.25884022815312013
34	0.25974025815412016
4375	0.2604736159327128
3301	0.26050695037719424
8970	0.26057361926615724
10775	0.262007000378861
10440	0.2621124412181581
11373	0.2621403381567869
12303	0.2626736892684906
13615	0.26377372593637954
9042	0.26380706038086105
10939	0.26384039482534255
