9950	0.0074335811193706434
4611	0.007466915563852119
9779	0.007500250008333601
6359	0.01746724890829694
11312	0.017867262242074727
8931	0.02050068335611187
3104	0.020800693356445212
12360	0.022267408913630462
10574	0.02253408446948233
12224	0.022567418913963792
8161	0.022600753358445268
5365	0.023900796693223123
10568	0.024100803360112003
2489	0.02413413780459348
3937	0.02413413780459348
174	0.025800860028667615
1525	0.025834194473149098
192	0.02583419447314912
10616	0.02590086336211209
11233	0.026767558918630637
4134	0.027167572252408432
7277	0.027234241141371403
13333	0.027467582252741745
10820	0.02746758225274176
7690	0.028267608920297334
4556	0.02906763558785293
10540	0.02943431447714925
1362	0.03050101670055669
3301	0.030834361145371508
10448	0.0325677522584086
6553	0.032567752258408605
5005	0.03363445448181604
12062	0.03406780226007533
9021	0.034067802260075344
2021	0.03410113670455682
4947	0.034134471149038295
2	0.03423447448248273
10348	0.03460115337177906
793	0.035601186706223545
4972	0.03580119337311241
2168	0.0359011967065569
3951	0.035934531151038354
12575	0.037134571152371766
10765	0.03733457781926064
370	0.03740124670822362
1708	0.03746791559718657
720	0.03746791559718658
2104	0.03826794226474216
3936	0.039134637821260726
12997	0.039234641154705145
7933	0.03923464115470515
2435	0.03936797893263108
10713	0.03940131337711256
1301	0.04073469115637188
3235	0.04073469115637189
2955	0.040734691156371905
7381	0.04076802560085334
11338	0.04076802560085334
9945	0.04076802560085335
13035	0.04076802560085335
2412	0.04076802560085338
9776	0.04076802560085338
2406	0.04080136004533483
5201	0.04080136004533484
6019	0.04080136004533484
7235	0.04080136004533484
12964	0.04080136004533484
6962	0.040801360045334856
7713	0.04090136337877931
1166	0.040901363378779323
10353	0.04103470115670524
13063	0.0422347411580386
749	0.04240141338044599
5408	0.04240141338044602
144	0.04246808226940897
819	0.042534751158371936
7770	0.04253475115837195
8112	0.04253475115837195
8964	0.04253475115837195
5672	0.04256808560285341
1174	0.042568085602853425
6133	0.04256808560285344
11389	0.04256808560285344
4287	0.042668088936297865
247	0.04293476449214975
4988	0.043368112270409015
4551	0.04406813560452014
1181	0.044101470049001654
3069	0.044101470049001654
468	0.044134804493483115
10424	0.0442014733824461
4422	0.04430147671589052
867	0.04436814560485347
5596	0.045368178939297996
8052	0.04563485449514984
2058	0.04583486116203873
9708	0.04586819560652021
3981	0.04586819560652024
10809	0.04620154005133503
4161	0.04696823227440913
