9416	3.333444448148232e-05
2441	3.3334444481489256e-05
7945	0.00033334444481482664
9015	0.0010000333344444817
7898	0.0016667222240741436
679	0.0017000566685556242
10640	0.0017000566685556242
12187	0.0017000566685556242
178	0.002466748891629721
11321	0.0033001100036667893
12987	0.0033001100036667893
2080	0.0033334444481482716
5014	0.0033334444481482716
7772	0.0033334444481482716
11781	0.0033334444481482716
13322	0.0033334444481482716
453	0.0033334444481482733
1367	0.0033334444481482733
7620	0.0033334444481482733
11514	0.0033334444481482733
10565	0.0033334444481482785
428	0.0033667788926297557
5244	0.0033667788926297557
7631	0.0033667788926297557
10386	0.0033667788926297557
10596	0.0033667788926297557
11521	0.0033667788926297557
12162	0.0033667788926297557
12278	0.0033667788926297557
2967	0.003366778892629761
621	0.0033667788926297626
1405	0.0033667788926297626
2868	0.0033667788926297626
6479	0.0033667788926297626
8444	0.0033667788926297626
10716	0.003400113337111245
13105	0.004600153338444622
5080	0.005000166672222403
606	0.0050001666722224065
7160	0.0050001666722224065
12197	0.005166838894629822
4126	0.005666855561852062
9543	0.0058001933397779926
2220	0.006533551118370614
10400	0.006666888896296543
2913	0.006666888896296547
786	0.00666688889629655
6103	0.0067002233407780255
7205	0.006700223340778034
2647	0.006766892229740997
9138	0.006800226674222474
3918	0.008300276675889198
9690	0.00833361112037068
7900	0.008333611120370687
13395	0.00920030667688923
9578	0.009666988899629993
4275	0.009833661122037402
681	0.00990033001100037
879	0.010000333344444815
1629	0.010000333344444815
6537	0.010000333344444815
8936	0.010000333344444815
10685	0.010000333344444815
5191	0.010000333344444818
5305	0.010000333344444818
10705	0.010033667788926295
1257	0.010033667788926302
2335	0.010033667788926304
3418	0.010033667788926304
11766	0.010033667788926304
3101	0.010033667788926306
3004	0.01013367112237075
3973	0.010133671122370751
10548	0.010167005566852239
966	0.01083369445648188
182	0.011667055568518953
12547	0.011800393346444886
2082	0.01210040334677824
9097	0.01243374779159305
1190	0.013000433347778253
4760	0.013300443348111604
8118	0.013300443348111604
13167	0.013300443348111604
2244	0.013333777792593086
4994	0.013333777792593086
105	0.01333377779259309
2329	0.013333777792593092
10063	0.013333777792593092
761	0.013333777792593093
4468	0.013333777792593093
10135	0.013333777792593093
10184	0.013333777792593093
10704	0.013333777792593093
11806	0.013333777792593093
7626	0.013367112237074569
6202	0.013367112237074576
5135	0.013833794459815332
7886	0.014300476682556091
9123	0.014933831127704248
9674	0.015000500016667221
