2704	0.0
8884	0.0
753	3.333444448148232e-05
6028	3.333444448148232e-05
9206	3.333444448148232e-05
3723	0.00010000333344444869
4306	0.00013333777792592927
12329	0.00013333777792592927
7656	0.00020000666688889564
9253	0.00020000666688889564
114	0.00020000666688889737
1231	0.00020000666688889737
2138	0.00020000666688889737
2328	0.00020000666688889737
3849	0.00020000666688889737
6345	0.00020000666688889737
7670	0.00020000666688889737
8046	0.00020000666688889737
9321	0.00020000666688889737
9560	0.00020000666688889737
10997	0.00020000666688889737
2123	0.0003000100003333426
7246	0.0003000100003333426
8706	0.0003000100003333426
9564	0.0003000100003333426
9819	0.0003000100003333426
9886	0.0003000100003333426
10335	0.0003000100003333426
12855	0.0003000100003333426
13403	0.0003000100003333426
2554	0.0004666822227407594
4247	0.00050001666722224
11983	0.0005333511117037249
13081	0.000633354445148171
5532	0.0006666888896296559
2484	0.0007666922230741037
12374	0.0007666922230741037
2162	0.0008000266675555869
2995	0.0008000266675555869
11794	0.0008000266675555869
10917	0.0008333611120370666
5273	0.0008333611120370683
5648	0.0008333611120370683
9052	0.0008333611120370683
10106	0.0008333611120370683
12145	0.0008333611120370683
11320	0.000900030001000033
5031	0.0009333644454815162
27	0.0009666988899629976
595	0.0009666988899629976
8236	0.0009666988899629976
8722	0.0009666988899629976
11207	0.0009666988899629976
10076	0.0009666988899629993
4913	0.00100003333444448
376	0.001033367778925964
1475	0.001033367778925964
642	0.0010333677789259648
11473	0.0010333677789259648
11579	0.0010333677789259648
11867	0.0010333677789259648
12166	0.0010333677789259648
1817	0.001133371112370411
4440	0.001133371112370411
13268	0.0012000400013333782
5088	0.001266708890296342
5143	0.001300043334777826
8587	0.0013333777792593092
1884	0.0013667122237407923
12888	0.0013667122237407923
556	0.001400046668222273
773	0.001400046668222273
1639	0.001400046668222273
1686	0.001400046668222273
2351	0.001400046668222273
2596	0.001400046668222273
4618	0.001400046668222273
5653	0.001400046668222273
8275	0.001400046668222273
8889	0.001400046668222273
9470	0.001400046668222273
9858	0.001400046668222273
10213	0.001400046668222273
10800	0.001400046668222273
11871	0.001400046668222273
13590	0.001400046668222273
13735	0.001400046668222273
10817	0.0015000500016667234
7828	0.001533384446148204
13205	0.0015333844461482057
53	0.0015667188906296889
95	0.0016333877795926526
243	0.0016333877795926526
261	0.0016333877795926526
262	0.0016333877795926526
263	0.0016333877795926526
350	0.0016333877795926526
377	0.0016333877795926526
379	0.0016333877795926526
382	0.0016333877795926526
