10765	0.003200106670222351
1124	0.005700190006333528
9636	0.014633821127370928
6143	0.01620454751439396
808	0.016367212240408022
427	0.018533951131704387
13011	0.021300710023667475
11462	0.02133404446814895
8969	0.022034067802260072
7573	0.022105750216216576
533	0.02463415447181574
900	0.024634154471815748
4939	0.025659270770927
9068	0.027318245168640645
7020	0.027634254475149174
9584	0.027700923364112152
720	0.027967598919964008
3099	0.0287009566985566
13553	0.029175653914084092
4988	0.029973008917377447
1166	0.03130104336811228
9054	0.03130104336811228
11404	0.03130104336811228
1379	0.03133437781259377
3133	0.03133437781259377
3394	0.032001066702223385
6369	0.032001066702223385
3339	0.032034401146704874
8090	0.032034401146704874
4982	0.032356020948164116
7547	0.033901130037667926
3325	0.03466782226074203
2384	0.03501617532283098
7043	0.0353438619752895
6165	0.03604921329822601
3678	0.03620120670689023
2059	0.036573228924711015
3675	0.03700123337444583
1290	0.0380012667088903
2096	0.0380012667088903
12097	0.0380012667088903
12515	0.0380012667088903
4409	0.0381746180919533
10950	0.03870129004300142
13286	0.03870630356799495
2431	0.038988254907547176
1162	0.039146660310440784
9635	0.039701323377445905
13101	0.040368012267075565
2116	0.040474694761175614
2454	0.04067336559593338
187	0.040674701428064494
2984	0.04067470142806451
6944	0.04093469782326077
8805	0.04125359866305214
12965	0.041634721157371934
383	0.041910747538141585
13245	0.0421364034602562
801	0.042309425039788275
4096	0.042834761158705284
3492	0.04294310928846738
9288	0.042943109288467396
1174	0.04300977817743036
2905	0.04300977817743036
7286	0.04300977817743036
8030	0.04300977817743036
4521	0.04316379898299405
9661	0.04330945837423274
8454	0.04371511416066773
8828	0.0437932085688536
185	0.0440398146850322
867	0.04414682698266319
11486	0.04418016142714466
1141	0.044609831512541526
3227	0.04463482116070537
13162	0.044674834765842414
9808	0.045109785542659056
565	0.04530151005033502
1400	0.04533484449481648
7002	0.04547486143339802
11463	0.04563986802014338
4688	0.04587487476717582
3310	0.04613487116237208
9665	0.046209130645779625
5405	0.046334877829260976
8932	0.046343222625578634
10448	0.04663521763312527
4082	0.04714724144982846
13498	0.04724292282304769
6059	0.047362273351998815
10379	0.04793493116437214
6974	0.04797327913384717
12341	0.047976610405171274
435	0.04800160005333512
7040	0.04800160005333512
9631	0.04800661357832866
6390	0.04827143430889606
1255	0.048519281662394595
9820	0.048668288942964766
8669	0.048739971356921256
