12117	0.015000500016667216
7403	0.021000700023334103
7200	0.028067602253408458
12111	0.028234274475815883
196	0.041734724490816374
8967	0.042568085602853446
10372	0.048301610053668446
5572	0.04833494449814994
278	0.05000166672222406
13135	0.05163505450181673
4207	0.055001833394446475
10460	0.05806860228674288
3013	0.05996866562218741
1811	0.061635387846261526
1137	0.06506883562785426
5099	0.0672689089636321
11465	0.06726890896363213
13088	0.06833561118703957
7908	0.06836894563152107
9221	0.07036901230041001
11810	0.07053568452281743
2923	0.07166905563518783
2756	0.07166905563518784
10013	0.07420247341578054
10608	0.07650255008500285
2936	0.0779025967532251
1893	0.0781359378645955
12198	0.07836927897596585
12205	0.07836927897596586
6933	0.08130271009033635
7397	0.08166938897963263
7785	0.08326944231474381
3239	0.08333611120370679
10693	0.08483616120537349
13698	0.08496949898329943
5224	0.08496949898329946
11492	0.08500283342778092
12394	0.0883029434314477
2342	0.08843628120937362
8793	0.08846961565385514
11302	0.08870295676522551
3655	0.0933697789926331
708	0.09493649788326278
4509	0.09500316677222573
6316	0.09750325010833692
1458	0.09833661122037399
7330	0.09833661122037403
12474	0.1016367212240408
7401	0.10170339011300378
10281	0.10330344344811491
6398	0.10497016567218906
3673	0.10517017233907798
7008	0.10520350678355947
402	0.10613687122904097
1250	0.10803693456448549
12225	0.10810360345344847
5763	0.1084036134537818
3112	0.11003700123337444
12384	0.1116370545684856
2777	0.11163705456848562
10145	0.11163705456848562
8890	0.1116703890129671
7642	0.11407046901563386
4190	0.11407046901563388
12419	0.11487049568318945
12389	0.11500383346111534
7152	0.11500383346111537
9568	0.11667055568518948
2079	0.1172705756858562
12245	0.11817060568685624
497	0.11833727790926363
13247	0.11833727790926366
3962	0.11970399013300444
7590	0.1199706656888563
7309	0.12000400013333778
2017	0.12150405013500451
2781	0.12163738791293044
6998	0.12163738791293044
8210	0.12163738791293044
9215	0.12163738791293044
9667	0.12163738791293044
9624	0.1216707223574119
3445	0.12167072235741191
2198	0.12167072235741193
4160	0.12177072569085637
5252	0.12177072569085637
7124	0.12177072569085637
11532	0.12177072569085637
5041	0.12223740791359712
487	0.12250408346944897
825	0.12277075902530085
12258	0.12347078235941197
10356	0.12380412680422681
10458	0.12427080902696756
2490	0.12467082236074534
3242	0.1249708323610787
6464	0.12497083236107871
12499	0.12497083236107871
280	0.1250041668055602
898	0.1250041668055602
