144	0.0
453	0.0
2082	0.0
2868	0.0
4240	0.0
6172	0.0
7240	0.0
429	3.333444448148232e-05
1257	3.333444448148232e-05
6008	3.333444448148232e-05
12170	3.333444448148232e-05
11048	3.834796947501523e-05
12915	0.00115043908425049
148	0.00333344444814827
13317	0.00333344444814827
468	0.0033334444481482733
5083	0.0033334444481482733
6017	0.0033334444481482733
8790	0.003371792417623285
4199	0.0034667822260742043
4331	0.0034667822260742043
8687	0.0034667822260742043
1307	0.0035334511150371638
1546	0.003834796947501629
1582	0.003834796947501629
2104	0.003834796947501629
2435	0.003834796947501629
3682	0.003834796947501629
6239	0.003834796947501629
9078	0.003834796947501629
13411	0.003834796947501629
12365	0.0038347969475016307
3366	0.0038681313919831112
11395	0.0038681313919831112
13509	0.0038681313919831112
13047	0.003868131391983113
9882	0.004233474449148303
9477	0.004634823615057215
11497	0.0047934961843770375
1467	0.004966832227740928
3378	0.004966832227740928
1376	0.005400180006000201
10050	0.00550018333944465
3323	0.005668191393983179
6305	0.005713847451777431
5154	0.005800193339777994
8968	0.0058385413092530095
8822	0.005901532505353559
7189	0.005979454341924397
10962	0.006017802311399416
5234	0.006077273046553458
11679	0.006153167486224818
13098	0.006301545839131352
4359	0.006304531967225411
2267	0.00642987009206375
4275	0.006500216673889128
5141	0.006500216673889128
44	0.006519154810752773
2144	0.0065335511183706105
2109	0.00660022000733358
9112	0.00660022000733358
4089	0.006633554451815063
8909	0.006633554451815063
10777	0.006633554451815063
521	0.006666888896296543
3183	0.006666888896296543
5392	0.006666888896296543
9582	0.006666888896296543
1321	0.006800226674222476
6459	0.006800226674222476
7281	0.006800226674222476
12960	0.006800226674222476
13224	0.006800226674222476
6364	0.006838574643697491
2133	0.006902634505502936
12367	0.006902634505502936
12620	0.006902634505502936
2594	0.006935968949984418
8141	0.006935968949984418
1266	0.007014849517749834
8433	0.007014849517749834
2276	0.007168241395649899
2574	0.007168241395649899
8927	0.007168241395649899
11416	0.007168241395649899
12337	0.007168241395649899
12524	0.007168241395649899
12914	0.007168241395649899
229	0.007168241395649902
539	0.007168241395649902
12123	0.007168241395649902
6162	0.007201575840131381
12492	0.007201575840131381
11336	0.007206589365124914
1317	0.007301579173575833
8812	0.00766959389500326
5312	0.007700256675222509
10827	0.007807033764133744
9130	0.008167473230815712
167	0.008366945564852159
