3585	0.003100103336777898
4786	0.00513350445014834
3685	0.006266875562518753
1654	0.007168241395649896
6160	0.0096336544551485
9684	0.0096336544551485
11683	0.0096336544551485
1598	0.00967264669198628
1147	0.010301679176909283
6320	0.01120037334577819
12364	0.011300376679222639
467	0.01133371112370412
1978	0.012922778677633646
692	0.012967098903296774
5171	0.012967098903296774
8250	0.012967098903296774
8446	0.012967098903296774
9555	0.012967098903296774
11725	0.012967098903296774
4109	0.013120490781196838
5156	0.013500450015000498
2602	0.013506799372125147
3981	0.014135140292279793
12172	0.016300543351445047
1194	0.0168018958507984
2154	0.0168018958507984
4211	0.0168018958507984
4679	0.0168018958507984
7068	0.0168018958507984
1771	0.016801895850798405
6228	0.017501919184909544
7932	0.017501919184909544
1678	0.017856496329913714
12684	0.0179339311310377
8212	0.018090261839626223
3430	0.018680946355074203
11672	0.01963398779959332
7237	0.01981427017003902
12112	0.020099821225649808
2996	0.02051663536488145
8769	0.020636692798300035
464	0.02083536363305781
6947	0.021602323022558143
579	0.022102402326885096
6984	0.022102402326885096
7243	0.022102402326885096
7260	0.022102402326885096
8632	0.022102402326885096
13026	0.022102402326885096
13615	0.022102402326885096
5971	0.022135736771366578
2702	0.02214075029636011
1789	0.02216907121584806
2224	0.022235410301280095
5402	0.022235740104811032
10417	0.022235740104811032
9633	0.022339421131117893
8516	0.022369077882736954
3539	0.0224690812161814
442	0.022566680051789842
1165	0.022630095646232525
13359	0.02296743224774159
11495	0.023052614875226064
12698	0.023052614875226064
5067	0.023134104470149006
10788	0.023134104470149006
424	0.023468784747094948
8641	0.023468784747094948
13449	0.023468784747094948
6358	0.02357413140906387
2296	0.02366745558185273
8964	0.02366745558185273
7629	0.023704530356301337
5631	0.02373579010647775
6838	0.02373579010647775
6885	0.02373579010647775
11639	0.02373579010647775
12801	0.02373579010647775
9803	0.023774138075952765
10666	0.023802458995440715
8479	0.02381108757619195
4476	0.023834127804260145
131	0.023880962462269603
7564	0.02416880808120609
6409	0.024438155301320184
4267	0.024471489745801663
2637	0.024600820027334245
9536	0.024670160580559444
11318	0.02478110239777994
13145	0.024806170022747612
4232	0.024972842245155023
9559	0.024972842245155023
7023	0.025006176689636506
8051	0.025006176689636506
5059	0.02503583344125558
5267	0.025200101165826973
6323	0.025315145074252025
12955	0.025402182527020943
980	0.025402512330551887
10657	0.025402512330551887
