1543	0.0
9051	0.0
12940	0.00020000666688890778
2180	0.0016333877795926405
10744	0.0016333877795926405
10989	0.0016333877795926405
6101	0.0016667222240741297
7588	0.0016667222240741297
3236	0.0017000566685556329
9490	0.0020667355578519175
6181	0.0033334444481482733
2483	0.004166805560185338
4816	0.004666822227407566
7981	0.004966832227740914
5210	0.006533551118370617
5491	0.006533551118370617
9799	0.006533551118370617
12504	0.006533551118370617
1408	0.006666888896296547
2014	0.006666888896296547
4048	0.006666888896296547
5019	0.006666888896296547
6366	0.006666888896296547
6375	0.006666888896296547
6755	0.006666888896296547
7245	0.006666888896296547
8628	0.006666888896296547
9913	0.006666888896296547
12132	0.006666888896296547
12491	0.006666888896296547
608	0.006700223340778036
6419	0.006700223340778036
9059	0.006700223340778036
8717	0.007633587786259541
4364	0.00796693223107435
5185	0.008266942231407698
11467	0.008266942231407698
24	0.008300276675889187
6331	0.008300276675889187
445	0.009966998899963317
5345	0.009966998899963317
5981	0.009966998899963317
11187	0.009966998899963317
11421	0.009966998899963317
232	0.010000333344444806
268	0.010000333344444806
738	0.010000333344444806
853	0.010000333344444806
857	0.010000333344444806
1118	0.010000333344444806
2254	0.010000333344444806
4271	0.010000333344444806
4624	0.010000333344444806
5021	0.010000333344444806
5619	0.010000333344444806
10041	0.010000333344444806
11051	0.010000333344444806
11173	0.010000333344444806
12508	0.010000333344444806
13045	0.010000333344444806
12181	0.011233707790259687
5756	0.01166705556851895
388	0.011700390013000439
295	0.011967065568852298
2512	0.012033734457815262
10739	0.012567085569518993
2345	0.013200440014667164
9223	0.01333377779259308
3621	0.013333777792593093
3032	0.014667155571852386
7509	0.01533384446148204
5115	0.016633887796259864
6717	0.016667222240741353
2422	0.016667222240741367
2556	0.016700556685222842
8520	0.016700556685222842
12304	0.0169672322410747
9590	0.018167272242408092
5430	0.018300610020334
7180	0.018300610020334
7988	0.018700623354111802
3507	0.019433981132704413
3512	0.01986732891096371
11450	0.020034001133371115
12102	0.023134104470148992
1594	0.02330077669255641
8977	0.02330077669255641
1215	0.023334111137037893
4245	0.023334111137037893
436	0.0233341111370379
1030	0.0233341111370379
1614	0.0233341111370379
4726	0.0233341111370379
8199	0.0233341111370379
8357	0.0233341111370379
10450	0.0233341111370379
11782	0.0233341111370379
11814	0.0233341111370379
13602	0.0233341111370379
466	0.02336744558151939
