2868	0.012715491104139994
12337	0.013216843603493353
2406	0.014635156959502025
12365	0.016550288051641625
2144	0.020819394104139397
2104	0.022135406967835634
8762	0.02270476418828308
9594	0.024293382757698267
4926	0.02475056139408638
9015	0.02853461427968014
337	0.029249375566955425
8047	0.02931396976161332
4014	0.029784062510790264
3400	0.03019303422885023
13041	0.0304756972488619
9582	0.03109176206178727
144	0.031191765395231722
10691	0.03226437605737893
4240	0.03289182206378734
12914	0.03339317456314069
11085	0.03357059437334013
13333	0.03410113670455681
6257	0.034258534287528127
10419	0.0349265590092889
9682	0.03531057303689151
167	0.03609192873400968
8862	0.03621660426711625
468	0.036225266511935604
5312	0.03708297002010386
11398	0.03719463706616084
9704	0.03739099501322392
793	0.03758929560552225
4422	0.03778814303564013
12062	0.037871316370043706
10882	0.03797265850728501
10565	0.03813799192589558
11489	0.03839334123536311
10962	0.03890962437518675
1272	0.038920371962978775
12945	0.03914727565374925
9702	0.03939203873767648
2082	0.039558710960083884
6306	0.039920200184432
12123	0.04006006345943723
12229	0.04014545061624323
3007	0.0401799477245669
4027	0.04049622419750166
6167	0.04109209540623209
7108	0.041136711771358025
484	0.04121677093933866
11229	0.04122543318415803
6019	0.04124548728413216
12081	0.041378825062058096
12620	0.04142784434888293
2354	0.04157958593082005
7332	0.04160865695782343
8687	0.04169211540689878
9715	0.04169345123902989
8968	0.04199713893222566
9788	0.042094800404938806
7871	0.04224872661569132
10694	0.04268974306316361
1307	0.042692148741343264
11425	0.04269615623773661
488	0.042833829609225195
12572	0.0428834931634128
6172	0.04289215540823215
8141	0.04306123212847558
11395	0.04316016679621513
3265	0.04343185587706052
213	0.043526845685511434
4556	0.043794857073494425
10757	0.04393619450450795
4551	0.04436287846181074
13100	0.044396212906292226
7623	0.04464582049026402
681	0.04482588299168909
10373	0.04482588299168909
386	0.04485921743617057
5352	0.04485921743617057
10445	0.04485921743617057
12279	0.04485921743617057
3323	0.04490283254868833
2412	0.04492689235373372
3485	0.04492689235373372
7677	0.04492689235373372
8261	0.04492689235373372
12137	0.044961295463920095
5168	0.045060230131659655
1257	0.04522556652193595
6388	0.045384582528124176
7943	0.04569625624107006
914	0.04592959735244044
8876	0.04594842555479376
1422	0.04596324626075374
9093	0.045996266241403405
2058	0.046029600685884894
1217	0.04619259521542988
7240	0.046225599856380424
1365	0.04632593299335581
