5314	0.00666688889629654
9031	0.010167005566852239
846	0.011700390013000425
755	0.013267108903630122
8901	0.016700556685222835
8701	0.01683389446314877
11425	0.01750058335277842
2446	0.018367278909296972
809	0.01860062002066736
765	0.01893396446548218
7004	0.019700656688556296
8141	0.020000666688889626
9714	0.020000666688889626
12356	0.02000066668888963
9830	0.020000666688889633
10962	0.020000666688889633
9692	0.020034001133371105
10804	0.02003400113337111
10419	0.02003400113337112
10445	0.02003400113337112
11241	0.02013400446681557
1365	0.021867395579852657
6042	0.02250075002500084
1190	0.023100770025667527
10656	0.023234107803593453
4342	0.023334111137037903
4934	0.023367445581519382
7631	0.023367445581519382
12107	0.023367445581519396
12914	0.024934164472149068
5353	0.024934164472149075
83	0.024967498916630554
10663	0.02500083336111204
11274	0.02500083336111204
10613	0.02503416780559353
7210	0.025067502250075008
2427	0.025100836694556483
6013	0.02663422114070469
7980	0.026634221140704694
1535	0.02666755558518618
7630	0.026700890029667648
13109	0.026700890029667648
9788	0.026700890029667662
10373	0.026734224474149134
10658	0.02683422780759359
3679	0.027867595586519543
11328	0.02833427780926031
12223	0.028334277809260313
7621	0.02836761225374179
723	0.028367612253741792
8451	0.029667655588519616
52	0.03000100003333444
5107	0.030001000033334446
9889	0.030001000033334446
10861	0.030001000033334446
2382	0.030034334477815932
3101	0.030034334477815932
4958	0.030034334477815935
8151	0.030034334477815935
8982	0.030034334477815935
9724	0.030034334477815935
13312	0.03016767225574187
5360	0.030767692256408546
12266	0.030934364478815965
8367	0.03133437781259375
9023	0.03146771559051969
11268	0.03160105336844561
6077	0.031667722257408576
12430	0.03216773892463082
12229	0.032234407813593796
1439	0.03230107670255676
2050	0.0331677722590753
3065	0.0331677722590753
2441	0.03323444114803827
4493	0.03330111003700123
6074	0.03330111003700123
11296	0.03330111003700124
7965	0.033334444481482706
138	0.03333444448148271
2244	0.03333444448148271
6308	0.03333444448148271
6167	0.03333444448148272
9178	0.03333444448148272
10778	0.03333444448148272
10596	0.033367778925964195
621	0.0333677789259642
1405	0.0333677789259642
2868	0.0333677789259642
6479	0.0333677789259642
8444	0.0333677789259642
9135	0.03336777892596421
1592	0.03340111337044569
2962	0.033501116703890124
4017	0.033501116703890124
10380	0.034934497816593885
11281	0.03496783226107537
9579	0.034967832261075374
3974	0.035001166705556856
1378	0.03553451781726057
11504	0.03576785892863095
