671	0.0
3075	0.000754716981132067
7094	0.000754716981132067
9982	0.0035849056603773494
155	0.0038364779874213717
3520	0.0038993710691823807
3939	0.0038993710691823807
5606	0.0038993710691823807
5557	0.0070440251572326945
7118	0.0070440251572326945
7476	0.0070440251572326945
7954	0.0070440251572326945
9001	0.0070440251572326945
4996	0.007044025157232722
12749	0.0071069182389937036
6175	0.007610062893081776
3234	0.007861635220125784
6090	0.00861635220125788
61	0.00867924528301886
4175	0.011823899371069188
11067	0.01251572327044026
558	0.013333333333333322
12679	0.01465408805031447
5953	0.014968553459119502
12209	0.016415094339622627
5444	0.017798742138364784
2337	0.01811320754716983
10128	0.01811320754716983
10813	0.01811320754716983
13385	0.01811320754716983
9142	0.018301886792452815
2338	0.01962264150943395
12234	0.01962264150943395
13078	0.020188679245283003
1970	0.021257861635220143
3942	0.021257861635220143
863	0.023836477987421403
2205	0.024402515723270443
4616	0.024402515723270457
9040	0.024402515723270457
12067	0.024402515723270457
716	0.024465408805031452
6248	0.025911949685534577
13014	0.027232704402515726
66	0.02754716981132077
7754	0.02754716981132077
14	0.027610062893081766
46	0.027610062893081766
74	0.027610062893081766
123	0.027610062893081766
130	0.027610062893081766
143	0.027610062893081766
227	0.027610062893081766
250	0.027610062893081766
278	0.027610062893081766
283	0.027610062893081766
288	0.027610062893081766
299	0.027610062893081766
329	0.027610062893081766
344	0.027610062893081766
368	0.027610062893081766
385	0.027610062893081766
394	0.027610062893081766
401	0.027610062893081766
443	0.027610062893081766
486	0.027610062893081766
489	0.027610062893081766
504	0.027610062893081766
506	0.027610062893081766
567	0.027610062893081766
593	0.027610062893081766
653	0.027610062893081766
695	0.027610062893081766
779	0.027610062893081766
782	0.027610062893081766
818	0.027610062893081766
859	0.027610062893081766
878	0.027610062893081766
903	0.027610062893081766
935	0.027610062893081766
1018	0.027610062893081766
1049	0.027610062893081766
1138	0.027610062893081766
1193	0.027610062893081766
1279	0.027610062893081766
1368	0.027610062893081766
1448	0.027610062893081766
1465	0.027610062893081766
1479	0.027610062893081766
1489	0.027610062893081766
1490	0.027610062893081766
1491	0.027610062893081766
1497	0.027610062893081766
1514	0.027610062893081766
1518	0.027610062893081766
1520	0.027610062893081766
1569	0.027610062893081766
1624	0.027610062893081766
1633	0.027610062893081766
1721	0.027610062893081766
