2435	0.003366778892629752
10348	0.013800460015333846
10691	0.018010579772582136
7684	0.01850328835148514
9743	0.019037708128893764
3455	0.020507032713236523
13063	0.020802358992107268
6165	0.020826028147839105
3658	0.022469081216181404
6397	0.023153042607012647
6370	0.023955521069809846
9598	0.02433681613574462
7968	0.02463549030394685
8446	0.02493416447214908
4134	0.025339521134451336
6553	0.025339521134451336
1165	0.025796867871973387
7870	0.025802525664329678
13036	0.025935863442255618
3003	0.026465002528244467
2082	0.027168908084539534
1508	0.028204947527727734
12341	0.02910263566799647
6002	0.029200973365778864
12492	0.029867662255408517
1298	0.030373022251155228
1500	0.031538124809449786
3004	0.0318146701833728
4405	0.0319730755862664
12579	0.0319730755862664
963	0.03330111003700123
6591	0.03330111003700123
2196	0.03330111003700124
2296	0.03330111003700124
2574	0.03330111003700124
2984	0.03330111003700124
3169	0.03330111003700124
3682	0.03330111003700124
4361	0.03330111003700124
8964	0.03330111003700124
7021	0.03333444448148271
187	0.03333444448148272
10626	0.03333444448148272
1266	0.033454501914901305
10405	0.03383579698083608
2297	0.033869131425317556
9581	0.034107815865212415
13498	0.03440248253702128
10022	0.03500116670555685
195	0.03507284911951335
13350	0.03510283567466335
12587	0.03518016054127704
10734	0.035267842261408715
6128	0.0353011767058902
320	0.03533686835080209
4257	0.0355025192049102
2010	0.03576952456429301
3113	0.03576952456429301
9071	0.03576952456429301
13201	0.03576952456429301
1277	0.035802859008774494
1786	0.035802859008774494
5514	0.035802859008774494
12418	0.03580787253376803
839	0.03584120697824951
6996	0.03584120697824951
11352	0.03584120697824951
5295	0.036333805622642205
1180	0.03634122364547175
7332	0.036501216707223574
11649	0.036501216707223574
4295	0.036534551151705064
1546	0.036634554485149504
2176	0.036634554485149504
3366	0.036634554485149504
3540	0.036634554485149504
9781	0.036634554485149504
11626	0.036634554485149504
12256	0.036634554485149504
1289	0.03663455448514951
10582	0.03663455448514951
13381	0.03663455448514951
2276	0.03666788892963099
9266	0.03670288900977453
4331	0.037135906984502864
5312	0.037135906984502864
5392	0.037135906984502864
6008	0.037135906984502864
6997	0.037135906984502864
7281	0.037135906984502864
8761	0.037135906984502864
12170	0.037135906984502864
7267	0.03716924142898435
12457	0.03720758939845936
6944	0.03750792920232364
524	0.03753458448614954
1519	0.03753625012181159
8700	0.03754126364680512
2104	0.037601253375112505
6388	0.037767925597519916
