7236	0.0
9983	0.0
10104	0.0
1263	3.333444448148232e-05
1442	3.3334444481483184e-05
4891	3.3334444481483184e-05
1346	6.66688889629655e-05
8131	6.66688889629655e-05
2137	0.00010000333344444869
7824	0.00010000333344444869
12756	0.00010000333344444869
495	0.000133337777925931
758	0.000133337777925931
786	0.000133337777925931
796	0.000133337777925931
832	0.000133337777925931
2101	0.000133337777925931
2125	0.000133337777925931
2938	0.000133337777925931
2950	0.000133337777925931
3147	0.000133337777925931
3288	0.000133337777925931
3596	0.000133337777925931
3646	0.000133337777925931
3862	0.000133337777925931
4188	0.000133337777925931
4212	0.000133337777925931
4297	0.000133337777925931
4606	0.000133337777925931
4959	0.000133337777925931
5207	0.000133337777925931
5326	0.000133337777925931
5800	0.000133337777925931
5963	0.000133337777925931
7083	0.000133337777925931
7584	0.000133337777925931
7742	0.000133337777925931
7980	0.000133337777925931
8010	0.000133337777925931
9089	0.000133337777925931
9103	0.000133337777925931
9123	0.000133337777925931
9132	0.000133337777925931
10211	0.000133337777925931
10784	0.000133337777925931
11415	0.000133337777925931
11574	0.000133337777925931
11691	0.000133337777925931
12302	0.000133337777925931
12415	0.000133337777925931
12439	0.000133337777925931
12460	0.000133337777925931
12548	0.000133337777925931
12705	0.000133337777925931
12726	0.000133337777925931
12784	0.000133337777925931
13501	0.000133337777925931
13727	0.000133337777925931
105	0.00016667222240741332
448	0.00016667222240741332
482	0.00016667222240741332
590	0.00016667222240741332
611	0.00016667222240741332
686	0.00016667222240741332
725	0.00016667222240741332
760	0.00016667222240741332
807	0.00016667222240741332
894	0.00016667222240741332
945	0.00016667222240741332
1013	0.00016667222240741332
1025	0.00016667222240741332
1288	0.00016667222240741332
1356	0.00016667222240741332
1380	0.00016667222240741332
1391	0.00016667222240741332
1412	0.00016667222240741332
1527	0.00016667222240741332
1619	0.00016667222240741332
1689	0.00016667222240741332
1841	0.00016667222240741332
1875	0.00016667222240741332
2186	0.00016667222240741332
2203	0.00016667222240741332
2291	0.00016667222240741332
2355	0.00016667222240741332
2395	0.00016667222240741332
2421	0.00016667222240741332
2492	0.00016667222240741332
2546	0.00016667222240741332
2568	0.00016667222240741332
2599	0.00016667222240741332
2607	0.00016667222240741332
2639	0.00016667222240741332
2727	0.00016667222240741332
2833	0.00016667222240741332
3074	0.00016667222240741332
3098	0.00016667222240741332
3178	0.00016667222240741332
3307	0.00016667222240741332
3312	0.00016667222240741332
