5463	0.0
1607	0.00016667222240741159
83	0.0016667222240741367
6120	0.0017000566685556173
8781	0.0017000566685556173
9714	0.003300110003666791
1567	0.0033334444481482716
6013	0.0033334444481482716
755	0.0033334444481482733
5367	0.0033334444481482733
12195	0.0033334444481482733
11071	0.003366778892629754
2126	0.0033667788926297557
4656	0.0033667788926297557
6309	0.0033667788926297557
12397	0.0033667788926297557
1416	0.003400113337111238
10430	0.003400113337111238
10804	0.003400113337111238
8970	0.005000166672222408
7621	0.00500016667222241
6567	0.005033501116703889
8325	0.005033501116703889
2427	0.005133504450148339
1365	0.005233507783592786
9247	0.005833527784259475
8701	0.0065335511183706105
596	0.00660022000733358
115	0.006666888896296543
832	0.006666888896296543
2186	0.006666888896296543
3312	0.006666888896296543
5800	0.006666888896296543
8126	0.006666888896296543
12460	0.006666888896296543
8141	0.006666888896296547
8901	0.006666888896296547
52	0.006700223340778022
11648	0.006700223340778022
3098	0.0067002233407780255
5220	0.0067002233407780255
4146	0.006700223340778029
9692	0.006733557785259508
8302	0.00676689222974099
4017	0.006866895563185441
765	0.007700256675222509
1558	0.008166938897963265
12914	0.008300276675889198
2870	0.008366945564852162
6077	0.008366945564852162
6322	0.008466948898296613
12213	0.00896696556551885
11425	0.009200306676889227
6992	0.009866995566518884
5539	0.009933664455481848
6152	0.010000333344444811
4032	0.010000333344444815
4493	0.010000333344444815
6550	0.010000333344444815
10085	0.010000333344444815
8092	0.010000333344444817
138	0.010033667788926294
3494	0.010033667788926295
11281	0.010033667788926295
1326	0.010033667788926297
6308	0.010033667788926297
11541	0.010033667788926297
5216	0.010033667788926299
7102	0.010033667788926299
1378	0.010033667788926302
7630	0.010067002233407778
10703	0.010067002233407778
11231	0.010067002233407778
10586	0.01016700556685223
4078	0.010200340011333714
8044	0.010200340011333717
7202	0.010267008900296682
335	0.010633687789592979
6657	0.01153371779059302
1555	0.011633721124037464
11328	0.011633721124037466
10380	0.011667055568518948
640	0.011700390013000429
1309	0.011700390013000429
5881	0.011700390013000429
13004	0.011700390013000432
11268	0.011700390013000434
11772	0.011700390013000434
12430	0.01220040668022267
4734	0.012500416680556015
11764	0.012500416680556018
2421	0.013033767792259739
8911	0.013267108903630124
6116	0.013300443348111602
7885	0.013300443348111602
8465	0.013300443348111602
11241	0.013300443348111602
2968	0.013300443348111604
4342	0.013300443348111604
5314	0.013300443348111604
