920	0.0
2017	0.0
2053	0.0
4094	0.0
6151	0.0
9415	0.0
10729	0.0
12688	0.0
278	0.00013333777792593274
329	0.00013333777792593274
425	0.00013333777792593274
814	0.00013333777792593274
830	0.00013333777792593274
859	0.00013333777792593274
892	0.00013333777792593274
993	0.00013333777792593274
1010	0.00013333777792593274
1085	0.00013333777792593274
1134	0.00013333777792593274
1159	0.00013333777792593274
1361	0.00013333777792593274
1563	0.00013333777792593274
1589	0.00013333777792593274
1861	0.00013333777792593274
1917	0.00013333777792593274
2079	0.00013333777792593274
2094	0.00013333777792593274
2198	0.00013333777792593274
2458	0.00013333777792593274
2464	0.00013333777792593274
2526	0.00013333777792593274
2614	0.00013333777792593274
2644	0.00013333777792593274
2761	0.00013333777792593274
2781	0.00013333777792593274
2801	0.00013333777792593274
3242	0.00013333777792593274
3277	0.00013333777792593274
3626	0.00013333777792593274
3649	0.00013333777792593274
3731	0.00013333777792593274
3977	0.00013333777792593274
4034	0.00013333777792593274
4054	0.00013333777792593274
4143	0.00013333777792593274
4160	0.00013333777792593274
4200	0.00013333777792593274
4370	0.00013333777792593274
4827	0.00013333777792593274
4830	0.00013333777792593274
4858	0.00013333777792593274
5224	0.00013333777792593274
5252	0.00013333777792593274
5299	0.00013333777792593274
5313	0.00013333777792593274
5826	0.00013333777792593274
6171	0.00013333777792593274
6368	0.00013333777792593274
6403	0.00013333777792593274
6588	0.00013333777792593274
6663	0.00013333777792593274
6998	0.00013333777792593274
7124	0.00013333777792593274
7171	0.00013333777792593274
7297	0.00013333777792593274
7334	0.00013333777792593274
7362	0.00013333777792593274
7913	0.00013333777792593274
7944	0.00013333777792593274
8064	0.00013333777792593274
8085	0.00013333777792593274
8210	0.00013333777792593274
8240	0.00013333777792593274
8453	0.00013333777792593274
8804	0.00013333777792593274
8836	0.00013333777792593274
8851	0.00013333777792593274
8943	0.00013333777792593274
8975	0.00013333777792593274
8997	0.00013333777792593274
9160	0.00013333777792593274
9215	0.00013333777792593274
9355	0.00013333777792593274
9382	0.00013333777792593274
10281	0.00013333777792593274
10326	0.00013333777792593274
10459	0.00013333777792593274
10460	0.00013333777792593274
10525	0.00013333777792593274
10608	0.00013333777792593274
10764	0.00013333777792593274
10857	0.00013333777792593274
10948	0.00013333777792593274
11110	0.00013333777792593274
11166	0.00013333777792593274
11360	0.00013333777792593274
11366	0.00013333777792593274
11419	0.00013333777792593274
11532	0.00013333777792593274
11609	0.00013333777792593274
